CDF: 
2.700000000000000178e-01 2.899999999999999800e-01 7.600000000000000089e-01 1.000000000000000000e+00
3.400000000000000244e-01 5.000000000000000000e-01 8.299999999999999600e-01 1.000000000000000000e+00
1.100000000000000006e-01 3.699999999999999956e-01 7.800000000000000266e-01 1.000000000000000000e+00
sigma: 
1.358110000000000150e-01 3.181527344951632762e-03 5.142230232282029787e-03 3.181527344951632762e-03 1.200750000000000151e-01 5.088328202798041849e-03 5.142230232282029787e-03 5.088328202798041849e-03 1.233390000000000042e-01
1.358110000000000150e-01 1.065520145766909316e-02 1.001909437459603397e-02 1.065520145766909316e-02 1.200750000000000151e-01 1.054158406235360806e-02 1.001909437459603397e-02 1.054158406235360806e-02 1.233390000000000042e-01
1.358110000000000150e-01 1.694838095721704768e-02 1.352033824285110708e-02 1.694838095721704768e-02 1.200750000000000151e-01 1.167474433877635498e-02 1.352033824285110708e-02 1.167474433877635498e-02 1.233390000000000042e-01
1.358110000000000150e-01 2.240220701936777165e-02 2.083585313192822322e-02 2.240220701936777165e-02 1.200750000000000151e-01 1.999130165935187123e-02 2.083585313192822322e-02 1.999130165935187123e-02 1.233390000000000042e-01
1.358110000000000150e-01 2.358714401641361438e-02 2.604044316085607144e-02 2.358714401641361438e-02 1.200750000000000151e-01 2.518836503221388509e-02 2.604044316085607144e-02 2.518836503221388509e-02 1.233390000000000042e-01
1.358110000000000150e-01 3.045064236825624840e-02 3.427460463333106139e-02 3.045064236825624840e-02 1.200750000000000151e-01 3.185457177098640486e-02 3.427460463333106139e-02 3.185457177098640486e-02 1.233390000000000042e-01
1.358110000000000150e-01 3.881925303433732266e-02 3.882670649662472301e-02 3.881925303433732266e-02 1.200750000000000151e-01 3.711738329543764342e-02 3.882670649662472301e-02 3.711738329543764342e-02 1.233390000000000042e-01
1.358110000000000150e-01 4.405052666556089763e-02 4.994772113148616272e-02 4.405052666556089763e-02 1.200750000000000151e-01 4.191656818583810312e-02 4.994772113148616272e-02 4.191656818583810312e-02 1.233390000000000042e-01
1.358110000000000150e-01 5.011743802564327943e-02 5.452669431088952301e-02 5.011743802564327943e-02 1.200750000000000151e-01 5.089943663668825696e-02 5.452669431088952301e-02 5.089943663668825696e-02 1.233390000000000042e-01
1.358110000000000150e-01 5.348589683665704031e-02 5.957115182483510574e-02 5.348589683665704031e-02 1.200750000000000151e-01 5.483514944065075863e-02 5.957115182483510574e-02 5.483514944065075863e-02 1.233390000000000042e-01
1.358110000000000150e-01 6.135132328379562516e-02 6.468997642748557098e-02 6.135132328379562516e-02 1.200750000000000151e-01 5.870355533830912825e-02 6.468997642748557098e-02 5.870355533830912825e-02 1.233390000000000042e-01
1.358110000000000150e-01 6.748480955872949993e-02 7.676723449876060590e-02 6.748480955872949993e-02 1.200750000000000151e-01 6.777763356796651095e-02 7.676723449876060590e-02 6.777763356796651095e-02 1.233390000000000042e-01
1.358110000000000150e-01 7.165452441833776442e-02 8.310725774701396840e-02 7.165452441833776442e-02 1.200750000000000151e-01 6.927713785878242270e-02 8.310725774701396840e-02 6.927713785878242270e-02 1.233390000000000042e-01
1.358110000000000150e-01 7.866339088381828215e-02 8.507724475053228541e-02 7.866339088381828215e-02 1.200750000000000151e-01 7.490341855787344127e-02 8.507724475053228541e-02 7.490341855787344127e-02 1.233390000000000042e-01
1.358110000000000150e-01 8.556430337223254468e-02 9.608047164108268756e-02 8.556430337223254468e-02 1.200750000000000151e-01 8.115777863065043451e-02 9.608047164108268756e-02 8.115777863065043451e-02 1.233390000000000042e-01
1.358110000000000150e-01 9.252061835441444115e-02 9.855804069542345447e-02 9.252061835441444115e-02 1.200750000000000151e-01 9.156240271594386082e-02 9.855804069542345447e-02 9.156240271594386082e-02 1.233390000000000042e-01
1.358110000000000150e-01 9.776082358224615076e-02 1.091104274502948251e-01 9.776082358224615076e-02 1.200750000000000151e-01 9.264748688896840001e-02 1.091104274502948251e-01 9.264748688896840001e-02 1.233390000000000042e-01
1.358110000000000150e-01 1.014582258452081803e-01 1.112455135646130688e-01 1.014582258452081803e-01 1.200750000000000151e-01 1.034071429088026101e-01 1.112455135646130688e-01 1.034071429088026101e-01 1.233390000000000042e-01
1.358110000000000150e-01 1.081191302264889326e-01 1.179048716078394260e-01 1.081191302264889326e-01 1.200750000000000151e-01 1.037422242350829193e-01 1.179048716078394260e-01 1.037422242350829193e-01 1.233390000000000042e-01
1.358110000000000150e-01 1.100450000000000039e-01 1.223730000000000095e-01 1.100450000000000039e-01 1.200750000000000151e-01 1.092350000000000126e-01 1.223730000000000095e-01 1.092350000000000126e-01 1.233390000000000042e-01
c: 
2.081999999999999851e+00
2.416999999999999815e+00
1.685000000000000053e+00
