CDF: 
2.600000000000000089e-01 4.899999999999999911e-01 5.200000000000000178e-01 1.000000000000000000e+00
2.999999999999999889e-01 5.100000000000000089e-01 6.500000000000000222e-01 1.000000000000000000e+00
4.500000000000000111e-01 4.699999999999999734e-01 7.199999999999999734e-01 1.000000000000000000e+00
sigma: 
2.045560000000000156e-01 4.058946549876266824e-03 4.511785922787718561e-03 4.058946549876266824e-03 1.800960000000000061e-01 4.387421415821780510e-03 4.511785922787719429e-03 4.387421415821780510e-03 1.733439999999999981e-01
2.045560000000000156e-01 1.657786978008972748e-02 1.562411066182137730e-02 1.657786978008972748e-02 1.800960000000000061e-01 1.495289983562376503e-02 1.562411066182138077e-02 1.495289983562376503e-02 1.733439999999999981e-01
2.045560000000000156e-01 2.582430652307023122e-02 1.832824851148477305e-02 2.582430652307023122e-02 1.800960000000000061e-01 1.944843734060384619e-02 1.832824851148477652e-02 1.944843734060384619e-02 1.733439999999999981e-01
2.045560000000000156e-01 3.472220303249629741e-02 2.806442936016656509e-02 3.472220303249629741e-02 1.800960000000000061e-01 3.185696188038770332e-02 2.806442936016657203e-02 3.185696188038770332e-02 1.733439999999999981e-01
2.045560000000000156e-01 4.361778275584595604e-02 3.630643658347811747e-02 4.361778275584595604e-02 1.800960000000000061e-01 4.020052161270602775e-02 3.630643658347812441e-02 4.020052161270602775e-02 1.733439999999999981e-01
2.045560000000000156e-01 4.992539366485817393e-02 4.653394621671378545e-02 4.992539366485817393e-02 1.800960000000000061e-01 4.765534724393035576e-02 4.653394621671379239e-02 4.765534724393035576e-02 1.733439999999999981e-01
2.045560000000000156e-01 6.227357636745579905e-02 5.631041622993905593e-02 6.227357636745579905e-02 1.800960000000000061e-01 5.850511583781534131e-02 5.631041622993906287e-02 5.850511583781534131e-02 1.733439999999999981e-01
2.045560000000000156e-01 7.148792015533653177e-02 6.318491351665536659e-02 7.148792015533653177e-02 1.800960000000000061e-01 6.577564363307772388e-02 6.318491351665538047e-02 6.577564363307772388e-02 1.733439999999999981e-01
2.045560000000000156e-01 7.316230204430364259e-02 7.119765578378237092e-02 7.316230204430364259e-02 1.800960000000000061e-01 7.508643226883732202e-02 7.119765578378238480e-02 7.508643226883732202e-02 1.733439999999999981e-01
2.045560000000000156e-01 8.946393519186295051e-02 7.896883986864340621e-02 8.946393519186295051e-02 1.800960000000000061e-01 8.357744005780959329e-02 7.896883986864340621e-02 8.357744005780959329e-02 1.733439999999999981e-01
2.045560000000000156e-01 9.499011944919714956e-02 8.866260339357909248e-02 9.499011944919714956e-02 1.800960000000000061e-01 8.846794318850279004e-02 8.866260339357910636e-02 8.846794318850279004e-02 1.733439999999999981e-01
2.045560000000000156e-01 1.069993277363761597e-01 9.889918162355905429e-02 1.069993277363761597e-01 1.800960000000000061e-01 1.001226783367870771e-01 9.889918162355906817e-02 1.001226783367870771e-01 1.733439999999999981e-01
2.045560000000000156e-01 1.096963601903534341e-01 1.084884947165193347e-01 1.096963601903534341e-01 1.800960000000000061e-01 1.060242211017107250e-01 1.084884947165193625e-01 1.060242211017107250e-01 1.733439999999999981e-01
2.045560000000000156e-01 1.240799022623867570e-01 1.116806305109567798e-01 1.240799022623867570e-01 1.800960000000000061e-01 1.146408117904863244e-01 1.116806305109567937e-01 1.146408117904863244e-01 1.733439999999999981e-01
2.045560000000000156e-01 1.313207334335890208e-01 1.252013296944790299e-01 1.313207334335890208e-01 1.800960000000000061e-01 1.257890500145221746e-01 1.252013296944790577e-01 1.257890500145221746e-01 1.733439999999999981e-01
2.045560000000000156e-01 1.438466955613180998e-01 1.321644019776773149e-01 1.438466955613180998e-01 1.800960000000000061e-01 1.320343951008647598e-01 1.321644019776773427e-01 1.320343951008647598e-01 1.733439999999999981e-01
2.045560000000000156e-01 1.521590780959096723e-01 1.407332684549108259e-01 1.521590780959096723e-01 1.800960000000000061e-01 1.438413991870722830e-01 1.407332684549108537e-01 1.438413991870722830e-01 1.733439999999999981e-01
2.045560000000000156e-01 1.624228391316880626e-01 1.471723963379796829e-01 1.624228391316880626e-01 1.800960000000000061e-01 1.530302766975908946e-01 1.471723963379797107e-01 1.530302766975908946e-01 1.733439999999999981e-01
2.045560000000000156e-01 1.703092756266106622e-01 1.558075406663236018e-01 1.703092756266106622e-01 1.800960000000000061e-01 1.615255512757998724e-01 1.558075406663236295e-01 1.615255512757998724e-01 1.733439999999999981e-01
2.045560000000000156e-01 1.717759999999999843e-01 1.606080000000000008e-01 1.717759999999999843e-01 1.800960000000000061e-01 1.623680000000000123e-01 1.606080000000000285e-01 1.623680000000000123e-01 1.733439999999999981e-01
c: 
1.235999999999999988e+00
2.857000000000000206e+00
2.539000000000000146e+00
