CDF: 
8.999999999999999667e-02 2.500000000000000000e-01 6.300000000000000044e-01 1.000000000000000000e+00
2.200000000000000011e-01 2.399999999999999911e-01 6.800000000000000488e-01 1.000000000000000000e+00
2.899999999999999800e-01 4.400000000000000022e-01 5.899999999999999689e-01 1.000000000000000000e+00
sigma: 
1.557999999999999940e-01 7.419181631654769675e-03 3.271043607723421020e-03 7.419181631654770542e-03 1.536840000000000150e-01 7.002369017460070323e-03 3.271043607723421020e-03 7.002369017460070323e-03 2.040999999999999481e-01
1.557999999999999940e-01 1.470172373735552027e-02 1.705741013106553544e-02 1.470172373735552374e-02 1.536840000000000150e-01 1.272544206926851627e-02 1.705741013106553544e-02 1.272544206926851627e-02 2.040999999999999481e-01
1.557999999999999940e-01 2.029127527133120154e-02 2.024614270126089480e-02 2.029127527133120501e-02 1.536840000000000150e-01 2.369831900006576578e-02 2.024614270126089480e-02 2.369831900006576578e-02 2.040999999999999481e-01
1.557999999999999940e-01 2.569305775544514919e-02 3.133581847875322596e-02 2.569305775544515266e-02 1.536840000000000150e-01 2.898688003849549458e-02 3.133581847875322596e-02 2.898688003849549458e-02 2.040999999999999481e-01
1.557999999999999940e-01 3.491174436603235176e-02 3.964878414862146871e-02 3.491174436603235870e-02 1.536840000000000150e-01 3.470825830049070748e-02 3.964878414862146871e-02 3.470825830049070748e-02 2.040999999999999481e-01
1.557999999999999940e-01 4.084728735853763310e-02 5.171959016701020706e-02 4.084728735853764003e-02 1.536840000000000150e-01 4.305626098682262953e-02 5.171959016701020706e-02 4.305626098682262953e-02 2.040999999999999481e-01
1.557999999999999940e-01 4.619445920352892310e-02 6.054746460034184097e-02 4.619445920352893697e-02 1.536840000000000150e-01 5.051970294791374716e-02 6.054746460034184097e-02 5.051970294791374716e-02 2.040999999999999481e-01
1.557999999999999940e-01 5.392677983534090863e-02 6.653473425538329600e-02 5.392677983534092251e-02 1.536840000000000150e-01 5.653633762966067677e-02 6.653473425538329600e-02 5.653633762966067677e-02 2.040999999999999481e-01
1.557999999999999940e-01 6.278908650835350602e-02 6.960557659046209822e-02 6.278908650835351990e-02 1.536840000000000150e-01 7.006608333219031814e-02 6.960557659046209822e-02 7.006608333219031814e-02 2.040999999999999481e-01
1.557999999999999940e-01 7.394118715966341293e-02 8.397413162225307592e-02 7.394118715966342681e-02 1.536840000000000150e-01 7.735554831445928814e-02 8.397413162225307592e-02 7.735554831445928814e-02 2.040999999999999481e-01
1.557999999999999940e-01 7.946104646742337130e-02 9.505361897881685340e-02 7.946104646742338518e-02 1.536840000000000150e-01 8.020359761167765444e-02 9.505361897881685340e-02 8.020359761167765444e-02 2.040999999999999481e-01
1.557999999999999940e-01 8.322316773402745060e-02 1.021343922932111820e-01 8.322316773402746448e-02 1.536840000000000150e-01 9.345251993248719635e-02 1.021343922932111820e-01 9.345251993248719635e-02 2.040999999999999481e-01
1.557999999999999940e-01 9.066823634841722490e-02 1.083247037984135797e-01 9.066823634841723878e-02 1.536840000000000150e-01 9.592653135449578927e-02 1.083247037984135797e-01 9.592653135449578927e-02 2.040999999999999481e-01
1.557999999999999940e-01 9.806620100835694576e-02 1.132080436503433152e-01 9.806620100835697351e-02 1.536840000000000150e-01 1.054021299969196135e-01 1.132080436503433152e-01 1.054021299969196135e-01 2.040999999999999481e-01
1.557999999999999940e-01 1.054989648044424855e-01 1.302272777941047288e-01 1.054989648044425132e-01 1.536840000000000150e-01 1.128363539888961320e-01 1.302272777941047288e-01 1.128363539888961320e-01 2.040999999999999481e-01
1.557999999999999940e-01 1.176329498555180042e-01 1.364154100246811330e-01 1.176329498555180181e-01 1.536840000000000150e-01 1.255815637294180054e-01 1.364154100246811330e-01 1.255815637294180054e-01 2.040999999999999481e-01
1.557999999999999940e-01 1.215713325410419932e-01 1.459197619968616022e-01 1.215713325410420209e-01 1.536840000000000150e-01 1.283848678688196687e-01 1.459197619968616022e-01 1.283848678688196687e-01 2.040999999999999481e-01
1.557999999999999940e-01 1.306190243614456237e-01 1.507967423312697730e-01 1.306190243614456514e-01 1.536840000000000150e-01 1.389800680593781534e-01 1.507967423312697730e-01 1.389800680593781534e-01 2.040999999999999481e-01
1.557999999999999940e-01 1.402949652083723964e-01 1.644165261356596019e-01 1.402949652083724241e-01 1.536840000000000150e-01 1.461015020478298454e-01 1.644165261356596019e-01 1.461015020478298454e-01 2.040999999999999481e-01
1.557999999999999940e-01 1.426999999999999935e-01 1.649999999999999800e-01 1.427000000000000213e-01 1.536840000000000150e-01 1.516199999999999770e-01 1.649999999999999800e-01 1.516199999999999770e-01 2.040999999999999481e-01
c: 
1.973000000000000087e+00
2.525999999999999801e+00
1.991999999999999993e+00
