CDF: 
1.799999999999999933e-01 6.099999999999999867e-01 7.600000000000000089e-01 1.000000000000000000e+00
4.400000000000000022e-01 4.899999999999999911e-01 7.900000000000000355e-01 1.000000000000000000e+00
3.900000000000000133e-01 4.299999999999999933e-01 5.899999999999999689e-01 1.000000000000000000e+00
sigma: 
1.322039999999999882e-01 5.389357276549523734e-03 4.852461706518709610e-03 5.389357276549521999e-03 1.443999999999999728e-01 4.709924547977253732e-03 4.852461706518709610e-03 4.709924547977253732e-03 2.048760000000000026e-01
1.322039999999999882e-01 7.297818605449026171e-03 7.379269612852238508e-03 7.297818605449024436e-03 1.443999999999999728e-01 8.463464463739829927e-03 7.379269612852238508e-03 8.463464463739829927e-03 2.048760000000000026e-01
1.322039999999999882e-01 1.523774902043459854e-02 1.768077938442644617e-02 1.523774902043459507e-02 1.443999999999999728e-01 1.707027378259837538e-02 1.768077938442644617e-02 1.707027378259837538e-02 2.048760000000000026e-01
1.322039999999999882e-01 2.117807526536860316e-02 2.582500570066970438e-02 2.117807526536859969e-02 1.443999999999999728e-01 2.396177295791821274e-02 2.582500570066970438e-02 2.396177295791821274e-02 2.048760000000000026e-01
1.322039999999999882e-01 3.295833344878966453e-02 2.827291959725561701e-02 3.295833344878965759e-02 1.443999999999999728e-01 3.813261977902977773e-02 2.827291959725561701e-02 3.813261977902977773e-02 2.048760000000000026e-01
1.322039999999999882e-01 3.639091060164524605e-02 3.649350892162379206e-02 3.639091060164523911e-02 1.443999999999999728e-01 4.022880404448276465e-02 3.649350892162379206e-02 4.022880404448276465e-02 2.048760000000000026e-01
1.322039999999999882e-01 4.207908337057169462e-02 4.813021012733706416e-02 4.207908337057168768e-02 1.443999999999999728e-01 4.825555855457328014e-02 4.813021012733706416e-02 4.825555855457328014e-02 2.048760000000000026e-01
1.322039999999999882e-01 4.922194579871181502e-02 5.446997017788779427e-02 4.922194579871180808e-02 1.443999999999999728e-01 5.985087105647426964e-02 5.446997017788779427e-02 5.985087105647426964e-02 2.048760000000000026e-01
1.322039999999999882e-01 5.915076774560044937e-02 5.929063740943576327e-02 5.915076774560043549e-02 1.443999999999999728e-01 6.811885903212133719e-02 5.929063740943576327e-02 6.811885903212133719e-02 2.048760000000000026e-01
1.322039999999999882e-01 6.470636300515736350e-02 6.656341157110258477e-02 6.470636300515734962e-02 1.443999999999999728e-01 7.043998817715284300e-02 6.656341157110258477e-02 7.043998817715284300e-02 2.048760000000000026e-01
1.322039999999999882e-01 6.750891982302426042e-02 7.655594911523540269e-02 6.750891982302424654e-02 1.443999999999999728e-01 7.725984548212702641e-02 7.655594911523540269e-02 7.725984548212702641e-02 2.048760000000000026e-01
1.322039999999999882e-01 7.713604738799033356e-02 7.826147999111693343e-02 7.713604738799031968e-02 1.443999999999999728e-01 8.653928246814103498e-02 7.826147999111693343e-02 8.653928246814103498e-02 2.048760000000000026e-01
1.322039999999999882e-01 8.120030895046610742e-02 8.993291196233488272e-02 8.120030895046609354e-02 1.443999999999999728e-01 9.471535360049304630e-02 8.993291196233488272e-02 9.471535360049304630e-02 2.048760000000000026e-01
1.322039999999999882e-01 9.305035923459173408e-02 9.464636045483436344e-02 9.305035923459170633e-02 1.443999999999999728e-01 1.073631686436407606e-01 9.464636045483436344e-02 1.073631686436407606e-01 2.048760000000000026e-01
1.322039999999999882e-01 9.772602871771282618e-02 1.030646491974070156e-01 9.772602871771281230e-02 1.443999999999999728e-01 1.123981147648846074e-01 1.030646491974070156e-01 1.123981147648846074e-01 2.048760000000000026e-01
1.322039999999999882e-01 1.043548235935093105e-01 1.093983120387993641e-01 1.043548235935092827e-01 1.443999999999999728e-01 1.165062061589151321e-01 1.093983120387993641e-01 1.165062061589151321e-01 2.048760000000000026e-01
1.322039999999999882e-01 1.125905574449472396e-01 1.160409178559227289e-01 1.125905574449472119e-01 1.443999999999999728e-01 1.242393989480661404e-01 1.160409178559227289e-01 1.242393989480661404e-01 2.048760000000000026e-01
1.322039999999999882e-01 1.152515216299233314e-01 1.225108235069674589e-01 1.152515216299233036e-01 1.443999999999999728e-01 1.345522093697437693e-01 1.225108235069674589e-01 1.345522093697437693e-01 2.048760000000000026e-01
1.322039999999999882e-01 1.237702313858446285e-01 1.311077238393120459e-01 1.237702313858446007e-01 1.443999999999999728e-01 1.402881747872040952e-01 1.311077238393120459e-01 1.402881747872040952e-01 2.048760000000000026e-01
1.322039999999999882e-01 1.263600000000000001e-01 1.323480000000000212e-01 1.263599999999999723e-01 1.443999999999999728e-01 1.461199999999999721e-01 1.323480000000000212e-01 1.461199999999999721e-01 2.048760000000000026e-01
c: 
1.100000000000000089e+00
2.616999999999999993e+00
1.068999999999999950e+00
