CDF: 
2.300000000000000100e-01 2.899999999999999800e-01 6.500000000000000222e-01 1.000000000000000000e+00
1.100000000000000006e-01 4.199999999999999845e-01 6.899999999999999467e-01 1.000000000000000000e+00
2.099999999999999922e-01 4.899999999999999911e-01 5.100000000000000089e-01 1.000000000000000000e+00
sigma: 
1.677040000000000197e-01 6.875998878045433589e-03 2.781534345361523670e-03 6.875998878045431854e-03 1.593160000000000132e-01 2.810936011284538832e-03 2.781534345361523670e-03 2.810936011284538832e-03 2.200239999999999974e-01
1.677040000000000197e-01 9.376228712539465271e-03 1.419939369651991752e-02 9.376228712539463536e-03 1.593160000000000132e-01 1.249255681596706490e-02 1.419939369651991752e-02 1.249255681596706490e-02 2.200239999999999974e-01
1.677040000000000197e-01 2.295727037350560329e-02 2.203532361933125891e-02 2.295727037350559635e-02 1.593160000000000132e-01 1.617894680275776265e-02 2.203532361933125891e-02 1.617894680275776265e-02 2.200239999999999974e-01
1.677040000000000197e-01 2.571550306543911660e-02 3.291472991587991032e-02 2.571550306543911313e-02 1.593160000000000132e-01 2.621638295249948888e-02 3.291472991587991032e-02 2.621638295249948888e-02 2.200239999999999974e-01
1.677040000000000197e-01 3.754132486534427632e-02 3.907275809335562788e-02 3.754132486534426938e-02 1.593160000000000132e-01 3.752282558540089019e-02 3.907275809335562788e-02 3.752282558540089019e-02 2.200239999999999974e-01
1.677040000000000197e-01 4.162644798728806078e-02 4.187351584779600011e-02 4.162644798728805384e-02 1.593160000000000132e-01 4.029587166259845921e-02 4.187351584779600011e-02 4.029587166259845921e-02 2.200239999999999974e-01
1.677040000000000197e-01 5.154402103399283869e-02 5.704303215021819945e-02 5.154402103399283175e-02 1.593160000000000132e-01 5.301393408018108266e-02 5.704303215021819945e-02 5.301393408018108266e-02 2.200239999999999974e-01
1.677040000000000197e-01 5.974614242502186007e-02 6.489635431214152428e-02 5.974614242502184619e-02 1.593160000000000132e-01 5.714573706134055270e-02 6.489635431214152428e-02 5.714573706134055270e-02 2.200239999999999974e-01
1.677040000000000197e-01 6.923904267083802466e-02 6.662628313670347635e-02 6.923904267083801078e-02 1.593160000000000132e-01 7.047015396538781895e-02 6.662628313670347635e-02 7.047015396538781895e-02 2.200239999999999974e-01
1.677040000000000197e-01 7.393397230314026347e-02 7.799832049868180017e-02 7.393397230314024959e-02 1.593160000000000132e-01 7.417624705485849346e-02 7.799832049868180017e-02 7.417624705485849346e-02 2.200239999999999974e-01
1.677040000000000197e-01 8.121670793505267327e-02 9.087574362655258253e-02 8.121670793505265940e-02 1.593160000000000132e-01 8.570937193047110936e-02 9.087574362655258253e-02 8.570937193047110936e-02 2.200239999999999974e-01
1.677040000000000197e-01 9.534679654542936589e-02 9.227126452478207064e-02 9.534679654542935201e-02 1.593160000000000132e-01 9.116906817240884309e-02 9.227126452478207064e-02 9.116906817240884309e-02 2.200239999999999974e-01
1.677040000000000197e-01 9.638016753524880631e-02 1.011444701141696878e-01 9.638016753524879243e-02 1.593160000000000132e-01 1.004412441881656209e-01 1.011444701141696878e-01 1.004412441881656209e-01 2.200239999999999974e-01
1.677040000000000197e-01 1.039470196276337521e-01 1.110666656922497803e-01 1.039470196276337383e-01 1.593160000000000132e-01 1.083638892394640368e-01 1.110666656922497803e-01 1.083638892394640368e-01 2.200239999999999974e-01
1.677040000000000197e-01 1.172745133348200991e-01 1.193455599866048711e-01 1.172745133348200852e-01 1.593160000000000132e-01 1.162754119563702004e-01 1.193455599866048711e-01 1.162754119563702004e-01 2.200239999999999974e-01
1.677040000000000197e-01 1.273992674932828972e-01 1.319501938462780410e-01 1.273992674932828695e-01 1.593160000000000132e-01 1.196366311389065046e-01 1.319501938462780410e-01 1.196366311389065046e-01 2.200239999999999974e-01
1.677040000000000197e-01 1.341798543344657757e-01 1.347696540303079393e-01 1.341798543344657479e-01 1.593160000000000132e-01 1.282497185050636701e-01 1.347696540303079393e-01 1.282497185050636701e-01 2.200239999999999974e-01
1.677040000000000197e-01 1.369188329754013611e-01 1.443284367940676216e-01 1.369188329754013334e-01 1.593160000000000132e-01 1.357748343069683505e-01 1.443284367940676216e-01 1.357748343069683505e-01 2.200239999999999974e-01
1.677040000000000197e-01 1.501371531054899455e-01 1.518065870149840624e-01 1.501371531054899178e-01 1.593160000000000132e-01 1.482528959011421565e-01 1.518065870149840624e-01 1.482528959011421565e-01 2.200239999999999974e-01
1.677040000000000197e-01 1.513920000000000265e-01 1.572640000000000149e-01 1.513919999999999988e-01 1.593160000000000132e-01 1.488720000000000043e-01 1.572640000000000149e-01 1.488720000000000043e-01 2.200239999999999974e-01
c: 
1.258000000000000007e+00
1.993000000000000105e+00
1.647999999999999909e+00
