CDF: 
3.099999999999999978e-01 6.999999999999999556e-01 8.000000000000000444e-01 1.000000000000000000e+00
2.500000000000000000e-01 4.000000000000000222e-01 5.600000000000000533e-01 1.000000000000000000e+00
2.899999999999999800e-01 4.799999999999999822e-01 9.200000000000000400e-01 1.000000000000000000e+00
sigma: 
1.405389999999999973e-01 5.364975449454653092e-04 1.049329262242900025e-03 5.364975449454653092e-04 2.028910000000000435e-01 6.347986039243079179e-04 1.049329262242900025e-03 6.347986039243079179e-04 6.813900000000000512e-02
1.405389999999999973e-01 1.025836771053224676e-02 6.185819246440201966e-03 1.025836771053224850e-02 2.028910000000000435e-01 4.534232878693452221e-03 6.185819246440201966e-03 4.534232878693452221e-03 6.813900000000000512e-02
1.405389999999999973e-01 1.768693639434835638e-02 1.110119896125896267e-02 1.768693639434835638e-02 2.028910000000000435e-01 1.273212227795593107e-02 1.110119896125896267e-02 1.273212227795593107e-02 6.813900000000000512e-02
1.405389999999999973e-01 1.855785467669786998e-02 1.299108312015622574e-02 1.855785467669786998e-02 2.028910000000000435e-01 1.361656373399213089e-02 1.299108312015622574e-02 1.361656373399213089e-02 6.813900000000000512e-02
1.405389999999999973e-01 2.713083256095854753e-02 1.666667119310059897e-02 2.713083256095855100e-02 2.028910000000000435e-01 1.805403003055459574e-02 1.666667119310059897e-02 1.805403003055459574e-02 6.813900000000000512e-02
1.405389999999999973e-01 3.485297535819672360e-02 2.052314227282648132e-02 3.485297535819672360e-02 2.028910000000000435e-01 2.452011401783473626e-02 2.052314227282648132e-02 2.452011401783473626e-02 6.813900000000000512e-02
1.405389999999999973e-01 4.021559628720198371e-02 2.257163819855015005e-02 4.021559628720199064e-02 2.028910000000000435e-01 2.702569983012961113e-02 2.257163819855015005e-02 2.702569983012961113e-02 6.813900000000000512e-02
1.405389999999999973e-01 4.660884663795608618e-02 2.835385006762817378e-02 4.660884663795609312e-02 2.028910000000000435e-01 3.373110302838201735e-02 2.835385006762817378e-02 3.373110302838201735e-02 6.813900000000000512e-02
1.405389999999999973e-01 4.999093055453870255e-02 3.198318413620671041e-02 4.999093055453870948e-02 2.028910000000000435e-01 3.857274734482692147e-02 3.198318413620671041e-02 3.857274734482692147e-02 6.813900000000000512e-02
1.405389999999999973e-01 5.461372821240066677e-02 3.401635345457585530e-02 5.461372821240067371e-02 2.028910000000000435e-01 4.056085344075553711e-02 3.401635345457585530e-02 4.056085344075553711e-02 6.813900000000000512e-02
1.405389999999999973e-01 6.482056588087740934e-02 3.963544348302768666e-02 6.482056588087740934e-02 2.028910000000000435e-01 4.353880752160107365e-02 3.963544348302768666e-02 4.353880752160107365e-02 6.813900000000000512e-02
1.405389999999999973e-01 6.743533958277765639e-02 4.341399906554544580e-02 6.743533958277767026e-02 2.028910000000000435e-01 5.031192302197896871e-02 4.341399906554544580e-02 5.031192302197896871e-02 6.813900000000000512e-02
1.405389999999999973e-01 7.777046193940462260e-02 4.714142029857775612e-02 7.777046193940463648e-02 2.028910000000000435e-01 5.422438969300442946e-02 4.714142029857775612e-02 5.422438969300442946e-02 6.813900000000000512e-02
1.405389999999999973e-01 8.033955178657491147e-02 4.929104241859290358e-02 8.033955178657492535e-02 2.028910000000000435e-01 5.962189750615638772e-02 4.929104241859290358e-02 5.962189750615638772e-02 6.813900000000000512e-02
1.405389999999999973e-01 8.729809468566006314e-02 5.547086054927910515e-02 8.729809468566007702e-02 2.028910000000000435e-01 6.252014828500680743e-02 5.547086054927910515e-02 6.252014828500680743e-02 6.813900000000000512e-02
1.405389999999999973e-01 9.127932257364416990e-02 5.668688870708038507e-02 9.127932257364418378e-02 2.028910000000000435e-01 6.676348933102109473e-02 5.668688870708038507e-02 6.676348933102109473e-02 6.813900000000000512e-02
1.405389999999999973e-01 9.818123801465486467e-02 6.009723861459839722e-02 9.818123801465487854e-02 2.028910000000000435e-01 7.232081955445722465e-02 6.009723861459839722e-02 7.232081955445722465e-02 6.813900000000000512e-02
1.405389999999999973e-01 1.031059954267084661e-01 6.659951735813811335e-02 1.031059954267084799e-01 2.028910000000000435e-01 7.501616475294406450e-02 6.659951735813811335e-02 7.501616475294406450e-02 6.813900000000000512e-02
1.405389999999999973e-01 1.141997135000961949e-01 6.884572295506430351e-02 1.141997135000962088e-01 2.028910000000000435e-01 8.096735170137621396e-02 6.884572295506430351e-02 8.096735170137621396e-02 6.813900000000000512e-02
1.405389999999999973e-01 1.143929999999999947e-01 7.116099999999998815e-02 1.143930000000000086e-01 2.028910000000000435e-01 8.250699999999999701e-02 7.116099999999998815e-02 8.250699999999999701e-02 6.813900000000000512e-02
c: 
2.705000000000000071e+00
1.129000000000000004e+00
2.761000000000000121e+00
