CDF: 
1.700000000000000122e-01 7.099999999999999645e-01 7.600000000000000089e-01 1.000000000000000000e+00
2.500000000000000000e-01 6.199999999999999956e-01 6.700000000000000400e-01 1.000000000000000000e+00
2.999999999999999889e-01 3.300000000000000155e-01 4.299999999999999933e-01 1.000000000000000000e+00
sigma: 
1.341760000000000175e-01 1.450107721160021849e-03 1.528291360549514921e-03 1.450107721160021849e-03 1.730239999999999834e-01 5.239434600428690553e-03 1.528291360549514488e-03 5.239434600428691420e-03 2.077440000000000397e-01
1.341760000000000175e-01 1.374514466177501754e-02 8.212537252958186304e-03 1.374514466177501754e-02 1.730239999999999834e-01 1.333246909861380419e-02 8.212537252958184569e-03 1.333246909861380766e-02 2.077440000000000397e-01
1.341760000000000175e-01 1.652861469511436934e-02 1.172142480933623630e-02 1.652861469511436934e-02 1.730239999999999834e-01 2.046807460417152461e-02 1.172142480933623283e-02 2.046807460417153154e-02 2.077440000000000397e-01
1.341760000000000175e-01 2.181926977822716204e-02 1.575805705517585587e-02 2.181926977822716204e-02 1.730239999999999834e-01 2.436295061497791015e-02 1.575805705517585240e-02 2.436295061497791709e-02 2.077440000000000397e-01
1.341760000000000175e-01 3.048067958593262891e-02 2.564932391594111280e-02 3.048067958593262891e-02 1.730239999999999834e-01 2.976784148663052729e-02 2.564932391594110586e-02 2.976784148663053076e-02 2.077440000000000397e-01
1.341760000000000175e-01 3.921964475034123848e-02 2.951570648226238200e-02 3.921964475034123848e-02 1.730239999999999834e-01 3.687352859762682566e-02 2.951570648226237506e-02 3.687352859762683260e-02 2.077440000000000397e-01
1.341760000000000175e-01 4.147840228625701564e-02 3.549524340606192985e-02 4.147840228625701564e-02 1.730239999999999834e-01 4.437523881273432863e-02 3.549524340606192291e-02 4.437523881273433557e-02 2.077440000000000397e-01
1.341760000000000175e-01 4.982252972869796737e-02 3.808980573830487298e-02 4.982252972869796737e-02 1.730239999999999834e-01 5.726762556349393463e-02 3.808980573830486605e-02 5.726762556349394850e-02 2.077440000000000397e-01
1.341760000000000175e-01 6.147747324961433391e-02 4.329386336546137137e-02 6.147747324961433391e-02 1.730239999999999834e-01 5.960471556005687843e-02 4.329386336546136443e-02 5.960471556005689231e-02 2.077440000000000397e-01
1.341760000000000175e-01 6.332716734803534031e-02 4.958293449479612286e-02 6.332716734803534031e-02 1.730239999999999834e-01 6.977892758849187083e-02 4.958293449479610898e-02 6.977892758849188470e-02 2.077440000000000397e-01
1.341760000000000175e-01 7.137558322468440242e-02 5.489242932869588254e-02 7.137558322468440242e-02 1.730239999999999834e-01 7.563870424136939774e-02 5.489242932869586866e-02 7.563870424136941162e-02 2.077440000000000397e-01
1.341760000000000175e-01 8.116859995487729629e-02 5.836204030333075332e-02 8.116859995487729629e-02 1.730239999999999834e-01 8.235481547858691798e-02 5.836204030333073250e-02 8.235481547858693185e-02 2.077440000000000397e-01
1.341760000000000175e-01 8.450718551072607110e-02 6.543801283717455564e-02 8.450718551072607110e-02 1.730239999999999834e-01 9.121708141745275833e-02 6.543801283717454176e-02 9.121708141745277221e-02 2.077440000000000397e-01
1.341760000000000175e-01 8.948460095352019084e-02 6.800212039393085939e-02 8.948460095352019084e-02 1.730239999999999834e-01 9.851034337814090769e-02 6.800212039393083163e-02 9.851034337814093544e-02 2.077440000000000397e-01
1.341760000000000175e-01 9.707513790678519439e-02 7.379843503119043469e-02 9.707513790678519439e-02 1.730239999999999834e-01 1.052060556911452449e-01 7.379843503119042081e-02 1.052060556911452588e-01 2.077440000000000397e-01
1.341760000000000175e-01 1.047077804229989556e-01 8.062148149066587777e-02 1.047077804229989556e-01 1.730239999999999834e-01 1.134224249260536027e-01 8.062148149066585001e-02 1.134224249260536305e-01 2.077440000000000397e-01
1.341760000000000175e-01 1.107883535679013154e-01 8.509756223302952782e-02 1.107883535679013154e-01 1.730239999999999834e-01 1.202467272955280858e-01 8.509756223302951395e-02 1.202467272955281136e-01 2.077440000000000397e-01
1.341760000000000175e-01 1.196316757599872327e-01 9.174170436315516597e-02 1.196316757599872327e-01 1.730239999999999834e-01 1.270069082110300562e-01 9.174170436315513821e-02 1.270069082110300840e-01 2.077440000000000397e-01
1.341760000000000175e-01 1.286255600845781499e-01 9.788323031702508836e-02 1.286255600845781499e-01 1.730239999999999834e-01 1.310533505042994207e-01 9.788323031702506061e-02 1.310533505042994484e-01 2.077440000000000397e-01
1.341760000000000175e-01 1.307679999999999954e-01 9.851200000000001622e-02 1.307679999999999954e-01 1.730239999999999834e-01 1.360159999999999980e-01 9.851199999999998846e-02 1.360160000000000258e-01 2.077440000000000397e-01
c: 
1.665999999999999925e+00
1.016999999999999904e+00
1.110000000000000098e+00
