CDF: 
5.999999999999999778e-02 2.700000000000000178e-01 6.600000000000000311e-01 1.000000000000000000e+00
2.200000000000000011e-01 4.600000000000000200e-01 7.399999999999999911e-01 1.000000000000000000e+00
2.600000000000000089e-01 4.699999999999999734e-01 5.999999999999999778e-01 1.000000000000000000e+00
sigma: 
1.487160000000000148e-01 5.140466101902337048e-03 2.013829597340179023e-03 5.140466101902337048e-03 1.521760000000000057e-01 6.069697775817628656e-03 2.013829597340179023e-03 6.069697775817628656e-03 2.022000000000000186e-01
1.487160000000000148e-01 1.085019300734002545e-02 1.008667247574897632e-02 1.085019300734002545e-02 1.521760000000000057e-01 9.140503237529387995e-03 1.008667247574897459e-02 9.140503237529387995e-03 2.022000000000000186e-01
1.487160000000000148e-01 1.878227751973627832e-02 2.451719131363844922e-02 1.878227751973627832e-02 1.521760000000000057e-01 1.815793070993092229e-02 2.451719131363844228e-02 1.815793070993092229e-02 2.022000000000000186e-01
1.487160000000000148e-01 2.314255808280133581e-02 2.895548848382843710e-02 2.314255808280133581e-02 1.521760000000000057e-01 2.342142487799491260e-02 2.895548848382843363e-02 2.342142487799491260e-02 2.022000000000000186e-01
1.487160000000000148e-01 3.226014039679435397e-02 3.547824931075670846e-02 3.226014039679435397e-02 1.521760000000000057e-01 3.533132346612703062e-02 3.547824931075670152e-02 3.533132346612703062e-02 2.022000000000000186e-01
1.487160000000000148e-01 4.166275948869024165e-02 4.414081343034588489e-02 4.166275948869024165e-02 1.521760000000000057e-01 3.888732820983849259e-02 4.414081343034587795e-02 3.888732820983849259e-02 2.022000000000000186e-01
1.487160000000000148e-01 4.537498719774277212e-02 5.693321925638940295e-02 4.537498719774277212e-02 1.521760000000000057e-01 4.648008838848702307e-02 5.693321925638938907e-02 4.648008838848702307e-02 2.022000000000000186e-01
1.487160000000000148e-01 4.898302392620837442e-02 6.019563485087167654e-02 4.898302392620837442e-02 1.521760000000000057e-01 5.669548096964877743e-02 6.019563485087166266e-02 5.669548096964877743e-02 2.022000000000000186e-01
1.487160000000000148e-01 5.999883780918661286e-02 7.339940049865702199e-02 5.999883780918661286e-02 1.521760000000000057e-01 6.872936346057140211e-02 7.339940049865700811e-02 6.872936346057140211e-02 2.022000000000000186e-01
1.487160000000000148e-01 6.506983748690156610e-02 7.994381997942590079e-02 6.506983748690156610e-02 1.521760000000000057e-01 7.111735823300985304e-02 7.994381997942588691e-02 7.111735823300985304e-02 2.022000000000000186e-01
1.487160000000000148e-01 7.424053735538116428e-02 8.505728056287009675e-02 7.424053735538116428e-02 1.521760000000000057e-01 7.759771367755413651e-02 8.505728056287008287e-02 7.759771367755413651e-02 2.022000000000000186e-01
1.487160000000000148e-01 8.219562001806045293e-02 9.549091969098845445e-02 8.219562001806045293e-02 1.521760000000000057e-01 8.812852023550582503e-02 9.549091969098844057e-02 8.812852023550582503e-02 2.022000000000000186e-01
1.487160000000000148e-01 8.939875970110545966e-02 1.012254552046338990e-01 8.939875970110545966e-02 1.521760000000000057e-01 9.706946310846496784e-02 1.012254552046338851e-01 9.706946310846496784e-02 2.022000000000000186e-01
1.487160000000000148e-01 9.649630192069984236e-02 1.097537014620385970e-01 9.649630192069984236e-02 1.521760000000000057e-01 1.068841647201167200e-01 1.097537014620385831e-01 1.068841647201167200e-01 2.022000000000000186e-01
1.487160000000000148e-01 1.033862923303597997e-01 1.183750041479540993e-01 1.033862923303597997e-01 1.521760000000000057e-01 1.137748399154400875e-01 1.183750041479540716e-01 1.137748399154400875e-01 2.022000000000000186e-01
1.487160000000000148e-01 1.097788922436185449e-01 1.234761186706649500e-01 1.097788922436185449e-01 1.521760000000000057e-01 1.198004268784166743e-01 1.234761186706649361e-01 1.198004268784166743e-01 2.022000000000000186e-01
1.487160000000000148e-01 1.142997838478166245e-01 1.387533741444365865e-01 1.142997838478166245e-01 1.521760000000000057e-01 1.268123231522433059e-01 1.387533741444365587e-01 1.268123231522433059e-01 2.022000000000000186e-01
1.487160000000000148e-01 1.211878745304345445e-01 1.467274711600731474e-01 1.211878745304345445e-01 1.521760000000000057e-01 1.346312563663673023e-01 1.467274711600731196e-01 1.346312563663673023e-01 2.022000000000000186e-01
1.487160000000000148e-01 1.272994927191125059e-01 1.485360341581850596e-01 1.272994927191125059e-01 1.521760000000000057e-01 1.397624923077486481e-01 1.485360341581850319e-01 1.397624923077486481e-01 2.022000000000000186e-01
1.487160000000000148e-01 1.322960000000000247e-01 1.559200000000000308e-01 1.322960000000000247e-01 1.521760000000000057e-01 1.467200000000000171e-01 1.559200000000000030e-01 1.467200000000000171e-01 2.022000000000000186e-01
c: 
1.374000000000000110e+00
2.561999999999999833e+00
1.042000000000000037e+00
