CDF: 
2.500000000000000000e-01 4.500000000000000111e-01 6.300000000000000044e-01 1.000000000000000000e+00
1.499999999999999944e-01 2.899999999999999800e-01 3.400000000000000244e-01 1.000000000000000000e+00
1.100000000000000006e-01 7.500000000000000000e-01 8.199999999999999512e-01 1.000000000000000000e+00
sigma: 
1.744760000000000200e-01 1.342278537194620302e-03 2.843318234940459075e-03 1.342278537194620302e-03 1.723360000000000170e-01 1.765403447954331205e-03 2.843318234940459509e-03 1.765403447954331856e-03 1.039039999999999964e-01
1.744760000000000200e-01 1.237358423877683335e-02 5.049840181867996242e-03 1.237358423877683335e-02 1.723360000000000170e-01 6.053262082330678959e-03 5.049840181867997109e-03 6.053262082330680693e-03 1.039039999999999964e-01
1.744760000000000200e-01 1.733678462106734777e-02 1.174545575447857697e-02 1.733678462106734777e-02 1.723360000000000170e-01 8.730389732208540185e-03 1.174545575447857870e-02 8.730389732208543654e-03 1.039039999999999964e-01
1.744760000000000200e-01 2.049474735575965503e-02 1.558137057914658376e-02 2.049474735575965503e-02 1.723360000000000170e-01 1.188003241611661556e-02 1.558137057914658723e-02 1.188003241611662077e-02 1.039039999999999964e-01
1.744760000000000200e-01 3.357994979784785505e-02 2.384077517775286606e-02 3.357994979784785505e-02 1.723360000000000170e-01 1.493935451482562154e-02 2.384077517775286953e-02 1.493935451482562675e-02 1.039039999999999964e-01
1.744760000000000200e-01 3.925897140787900502e-02 2.822189868374363336e-02 3.925897140787900502e-02 1.723360000000000170e-01 1.706849095487724191e-02 2.822189868374363683e-02 1.706849095487724885e-02 1.039039999999999964e-01
1.744760000000000200e-01 4.142621158086921135e-02 3.056536460868567590e-02 4.142621158086921135e-02 1.723360000000000170e-01 2.116870858282378365e-02 3.056536460868567937e-02 2.116870858282379059e-02 1.039039999999999964e-01
1.744760000000000200e-01 4.776092670818297969e-02 3.601413489942922874e-02 4.776092670818297969e-02 1.723360000000000170e-01 2.339359865781552236e-02 3.601413489942923568e-02 2.339359865781552930e-02 1.039039999999999964e-01
1.744760000000000200e-01 5.772900146284982992e-02 3.898898088194096417e-02 5.772900146284982992e-02 1.723360000000000170e-01 2.791560893654750769e-02 3.898898088194097111e-02 2.791560893654751463e-02 1.039039999999999964e-01
1.744760000000000200e-01 6.718017376528770401e-02 4.633334651027199574e-02 6.718017376528770401e-02 1.723360000000000170e-01 3.200085228797686782e-02 4.633334651027200268e-02 3.200085228797687475e-02 1.039039999999999964e-01
1.744760000000000200e-01 7.227076236680626820e-02 5.336009942143441626e-02 7.227076236680626820e-02 1.723360000000000170e-01 3.514923136467482806e-02 5.336009942143442319e-02 3.514923136467484194e-02 1.039039999999999964e-01
1.744760000000000200e-01 7.471891113044754062e-02 5.611953456732238915e-02 7.471891113044754062e-02 1.723360000000000170e-01 3.767007791177117565e-02 5.611953456732239609e-02 3.767007791177118953e-02 1.039039999999999964e-01
1.744760000000000200e-01 8.518221526845171088e-02 6.046947052829809710e-02 8.518221526845171088e-02 1.723360000000000170e-01 3.917606696928934568e-02 6.046947052829811098e-02 3.917606696928935955e-02 1.039039999999999964e-01
1.744760000000000200e-01 9.429393440421848793e-02 6.569712836658574140e-02 9.429393440421848793e-02 1.723360000000000170e-01 4.261901731042373742e-02 6.569712836658574140e-02 4.261901731042375130e-02 1.039039999999999964e-01
1.744760000000000200e-01 1.011659394127005923e-01 6.812709395605186236e-02 1.011659394127005923e-01 1.723360000000000170e-01 4.867779971386076987e-02 6.812709395605187623e-02 4.867779971386078375e-02 1.039039999999999964e-01
1.744760000000000200e-01 1.028397748172502763e-01 7.330991190272732883e-02 1.028397748172502763e-01 1.723360000000000170e-01 5.190083255981446653e-02 7.330991190272734270e-02 5.190083255981448040e-02 1.039039999999999964e-01
1.744760000000000200e-01 1.093912347901205423e-01 8.055689963499258754e-02 1.093912347901205423e-01 1.723360000000000170e-01 5.518849538749005801e-02 8.055689963499260142e-02 5.518849538749007189e-02 1.039039999999999964e-01
1.744760000000000200e-01 1.163624549725316287e-01 8.566917347536097405e-02 1.163624549725316287e-01 1.723360000000000170e-01 5.667034791841288333e-02 8.566917347536097405e-02 5.667034791841289720e-02 1.039039999999999964e-01
1.744760000000000200e-01 1.237207146574026279e-01 8.844405390199856776e-02 1.237207146574026279e-01 1.723360000000000170e-01 5.883916514728203956e-02 8.844405390199858163e-02 5.883916514728206038e-02 1.039039999999999964e-01
1.744760000000000200e-01 1.283440000000000136e-01 9.244800000000000240e-02 1.283440000000000136e-01 1.723360000000000170e-01 6.171199999999999602e-02 9.244800000000001627e-02 6.171200000000001684e-02 1.039039999999999964e-01
c: 
1.792999999999999927e+00
1.750999999999999890e+00
1.068999999999999950e+00
