CDF: 
6.400000000000000133e-01 6.600000000000000311e-01 7.299999999999999822e-01 1.000000000000000000e+00
1.499999999999999944e-01 5.000000000000000000e-01 6.099999999999999867e-01 1.000000000000000000e+00
3.699999999999999956e-01 6.300000000000000044e-01 6.700000000000000400e-01 1.000000000000000000e+00
sigma: 
1.907959999999999934e-01 6.973576207619685760e-03 3.108889494034092812e-03 6.973576207619687495e-03 1.675840000000000107e-01 6.250286011378764113e-03 3.108889494034092812e-03 6.250286011378765848e-03 1.883960000000000357e-01
1.907959999999999934e-01 1.526575394295724697e-02 1.687808265847016639e-02 1.526575394295725044e-02 1.675840000000000107e-01 1.158533756144142397e-02 1.687808265847016639e-02 1.158533756144142571e-02 1.883960000000000357e-01
1.907959999999999934e-01 1.745497210733859550e-02 2.399710631984258713e-02 1.745497210733859550e-02 1.675840000000000107e-01 2.116673639083479358e-02 2.399710631984258713e-02 2.116673639083479705e-02 1.883960000000000357e-01
1.907959999999999934e-01 2.933672507617961916e-02 3.319301603773650022e-02 2.933672507617962263e-02 1.675840000000000107e-01 2.701266235827238724e-02 3.319301603773650022e-02 2.701266235827239071e-02 1.883960000000000357e-01
1.907959999999999934e-01 3.291449180168591615e-02 3.788485558608484932e-02 3.291449180168592309e-02 1.675840000000000107e-01 3.764475744557935905e-02 3.788485558608484932e-02 3.764475744557936598e-02 1.883960000000000357e-01
1.907959999999999934e-01 4.680942342393052541e-02 5.554178949003298060e-02 4.680942342393053235e-02 1.675840000000000107e-01 4.457627863822980624e-02 5.554178949003298060e-02 4.457627863822981318e-02 1.883960000000000357e-01
1.907959999999999934e-01 5.317643996214407170e-02 6.442581554195236926e-02 5.317643996214407864e-02 1.675840000000000107e-01 6.012909367137457550e-02 6.442581554195236926e-02 6.012909367137458938e-02 1.883960000000000357e-01
1.907959999999999934e-01 5.672973452049036996e-02 7.230508026541397626e-02 5.672973452049038384e-02 1.675840000000000107e-01 6.629559898677124530e-02 7.230508026541397626e-02 6.629559898677125918e-02 1.883960000000000357e-01
1.907959999999999934e-01 6.952823542024365311e-02 7.744872040951311654e-02 6.952823542024366699e-02 1.675840000000000107e-01 7.376130194157086428e-02 7.744872040951311654e-02 7.376130194157087816e-02 1.883960000000000357e-01
1.907959999999999934e-01 7.469858738050103031e-02 8.556101858746362199e-02 7.469858738050104419e-02 1.675840000000000107e-01 8.358906318392188284e-02 8.556101858746362199e-02 8.358906318392189672e-02 1.883960000000000357e-01
1.907959999999999934e-01 8.603515777584976043e-02 1.013277737608805906e-01 8.603515777584977431e-02 1.675840000000000107e-01 9.230278019565700542e-02 1.013277737608805906e-01 9.230278019565701930e-02 1.883960000000000357e-01
1.907959999999999934e-01 9.198570382591958472e-02 1.094937735984231331e-01 9.198570382591959860e-02 1.675840000000000107e-01 9.546024531195095031e-02 1.094937735984231331e-01 9.546024531195096419e-02 1.883960000000000357e-01
1.907959999999999934e-01 9.704867180700015028e-02 1.179210800382346769e-01 9.704867180700017804e-02 1.675840000000000107e-01 1.083772428764817469e-01 1.179210800382346769e-01 1.083772428764817608e-01 1.883960000000000357e-01
1.907959999999999934e-01 1.029554629689673484e-01 1.242837671180604259e-01 1.029554629689673623e-01 1.675840000000000107e-01 1.182657514029380463e-01 1.242837671180604259e-01 1.182657514029380602e-01 1.883960000000000357e-01
1.907959999999999934e-01 1.140343300671464721e-01 1.359646799279921880e-01 1.140343300671464860e-01 1.675840000000000107e-01 1.257692474087384327e-01 1.359646799279921880e-01 1.257692474087384327e-01 1.883960000000000357e-01
1.907959999999999934e-01 1.203059203696839330e-01 1.464257949482737631e-01 1.203059203696839607e-01 1.675840000000000107e-01 1.336968549822684371e-01 1.464257949482737631e-01 1.336968549822684371e-01 1.883960000000000357e-01
1.907959999999999934e-01 1.321955344285115352e-01 1.581719770604702591e-01 1.321955344285115630e-01 1.675840000000000107e-01 1.424244173214354869e-01 1.581719770604702591e-01 1.424244173214355147e-01 1.883960000000000357e-01
1.907959999999999934e-01 1.380078423911539898e-01 1.655575428438392227e-01 1.380078423911540175e-01 1.675840000000000107e-01 1.472404657430455566e-01 1.655575428438392227e-01 1.472404657430455843e-01 1.883960000000000357e-01
1.907959999999999934e-01 1.468045596993909352e-01 1.720375503527817596e-01 1.468045596993909629e-01 1.675840000000000107e-01 1.629566579776254576e-01 1.720375503527817596e-01 1.629566579776254853e-01 1.883960000000000357e-01
1.907959999999999934e-01 1.497919999999999807e-01 1.770039999999999947e-01 1.497920000000000085e-01 1.675840000000000107e-01 1.634079999999999699e-01 1.770039999999999947e-01 1.634079999999999977e-01 1.883960000000000357e-01
c: 
1.762000000000000011e+00
1.566000000000000059e+00
2.677999999999999936e+00
