CDF: 
1.799999999999999933e-01 2.899999999999999800e-01 4.400000000000000022e-01 1.000000000000000000e+00
2.700000000000000178e-01 5.600000000000000533e-01 6.999999999999999556e-01 1.000000000000000000e+00
1.600000000000000033e-01 7.800000000000000266e-01 8.599999999999999867e-01 1.000000000000000000e+00
sigma: 
1.762360000000000038e-01 1.109321506037688667e-03 4.660510008087645549e-04 1.109321506037688667e-03 1.626039999999999985e-01 1.238231658143095588e-03 4.660510008087646633e-04 1.238231658143095588e-03 8.998399999999999455e-02
1.762360000000000038e-01 9.919644002354604390e-03 5.908648731652923862e-03 9.919644002354604390e-03 1.626039999999999985e-01 4.940925136295324510e-03 5.908648731652925597e-03 4.940925136295324510e-03 8.998399999999999455e-02
1.762360000000000038e-01 1.698927373046398709e-02 1.042549260644726368e-02 1.698927373046398709e-02 1.626039999999999985e-01 1.167257176966267698e-02 1.042549260644726715e-02 1.167257176966267698e-02 8.998399999999999455e-02
1.762360000000000038e-01 2.347896188843794432e-02 1.101806161438148926e-02 2.347896188843794432e-02 1.626039999999999985e-01 1.804634658315566395e-02 1.101806161438149100e-02 1.804634658315566395e-02 8.998399999999999455e-02
1.762360000000000038e-01 3.200980844687553728e-02 1.469185233737316937e-02 3.200980844687553728e-02 1.626039999999999985e-01 1.947422465705478042e-02 1.469185233737317284e-02 1.947422465705478042e-02 8.998399999999999455e-02
1.762360000000000038e-01 3.437611737392148870e-02 1.896738616942976463e-02 3.437611737392148870e-02 1.626039999999999985e-01 2.661729204258115808e-02 1.896738616942976810e-02 2.661729204258115808e-02 8.998399999999999455e-02
1.762360000000000038e-01 4.541435251109422755e-02 2.212136146995270433e-02 4.541435251109422755e-02 1.626039999999999985e-01 3.213398683284912627e-02 2.212136146995270780e-02 3.213398683284912627e-02 8.998399999999999455e-02
1.762360000000000038e-01 4.893068709035747199e-02 2.452831174218713869e-02 4.893068709035747199e-02 1.626039999999999985e-01 3.475475723563298258e-02 2.452831174218714563e-02 3.475475723563298258e-02 8.998399999999999455e-02
1.762360000000000038e-01 5.650117531751597255e-02 3.022189326870869733e-02 5.650117531751597255e-02 1.626039999999999985e-01 3.999216755417155794e-02 3.022189326870870427e-02 3.999216755417155794e-02 8.998399999999999455e-02
1.762360000000000038e-01 6.434765863593849833e-02 3.373849726935111704e-02 6.434765863593849833e-02 1.626039999999999985e-01 4.464888426273509736e-02 3.373849726935112397e-02 4.464888426273509736e-02 8.998399999999999455e-02
1.762360000000000038e-01 7.256024372454425442e-02 3.538122075488864260e-02 7.256024372454425442e-02 1.626039999999999985e-01 4.780583876290541573e-02 3.538122075488864954e-02 4.780583876290541573e-02 8.998399999999999455e-02
1.762360000000000038e-01 7.438221523418513115e-02 3.849294011413548211e-02 7.438221523418513115e-02 1.626039999999999985e-01 5.318973161289883983e-02 3.849294011413549599e-02 5.318973161289883983e-02 8.998399999999999455e-02
1.762360000000000038e-01 8.442573991634236275e-02 4.502507544875228307e-02 8.442573991634236275e-02 1.626039999999999985e-01 6.022506537988975978e-02 4.502507544875229001e-02 6.022506537988975978e-02 8.998399999999999455e-02
1.762360000000000038e-01 8.865969595205409892e-02 4.686744647298131394e-02 8.865969595205409892e-02 1.626039999999999985e-01 6.259079399127173704e-02 4.686744647298132782e-02 6.259079399127173704e-02 8.998399999999999455e-02
1.762360000000000038e-01 9.400086017843169162e-02 5.090161076260264067e-02 9.400086017843169162e-02 1.626039999999999985e-01 6.874363385538170834e-02 5.090161076260264761e-02 6.874363385538170834e-02 8.998399999999999455e-02
1.762360000000000038e-01 1.052986033889966033e-01 5.538582167473055096e-02 1.052986033889966033e-01 1.626039999999999985e-01 6.968812841618327036e-02 5.538582167473056483e-02 6.968812841618327036e-02 8.998399999999999455e-02
1.762360000000000038e-01 1.088303262438480440e-01 5.897499553798666444e-02 1.088303262438480440e-01 1.626039999999999985e-01 7.537435696960315124e-02 5.897499553798667832e-02 7.537435696960315124e-02 8.998399999999999455e-02
1.762360000000000038e-01 1.194925227397969358e-01 5.946337716282276004e-02 1.194925227397969358e-01 1.626039999999999985e-01 7.932648564237741728e-02 5.946337716282276697e-02 7.932648564237741728e-02 8.998399999999999455e-02
1.762360000000000038e-01 1.250506827423995271e-01 6.602324489852950951e-02 1.250506827423995271e-01 1.626039999999999985e-01 8.473716810366783980e-02 6.602324489852952338e-02 8.473716810366783980e-02 8.998399999999999455e-02
1.762360000000000038e-01 1.270120000000000138e-01 6.636799999999999644e-02 1.270120000000000138e-01 1.626039999999999985e-01 8.825600000000000112e-02 6.636800000000001032e-02 8.825600000000000112e-02 8.998399999999999455e-02
c: 
1.024999999999999911e+00
1.397000000000000020e+00
2.184000000000000163e+00
