CDF: 
8.000000000000000167e-02 1.900000000000000022e-01 3.400000000000000244e-01 1.000000000000000000e+00
5.000000000000000000e-01 5.400000000000000355e-01 6.600000000000000311e-01 1.000000000000000000e+00
5.000000000000000278e-02 6.500000000000000222e-01 6.700000000000000400e-01 1.000000000000000000e+00
sigma: 
1.619440000000000046e-01 3.637062128169245984e-03 3.999977702381241756e-03 3.637062128169245984e-03 2.067999999999999838e-01 2.791871241606683901e-03 3.999977702381241756e-03 2.791871241606683901e-03 1.809840000000000337e-01
1.619440000000000046e-01 9.615045748194885403e-03 6.939087891252160648e-03 9.615045748194885403e-03 2.067999999999999838e-01 1.483238475784018524e-02 6.939087891252160648e-03 1.483238475784018524e-02 1.809840000000000337e-01
1.619440000000000046e-01 1.537141572245082251e-02 1.140109115974385391e-02 1.537141572245082251e-02 2.067999999999999838e-01 2.829127434233739274e-02 1.140109115974385391e-02 2.829127434233739274e-02 1.809840000000000337e-01
1.619440000000000046e-01 1.740741318434906038e-02 1.537985519174866339e-02 1.740741318434906038e-02 2.067999999999999838e-01 3.393467837920776525e-02 1.537985519174866339e-02 3.393467837920776525e-02 1.809840000000000337e-01
1.619440000000000046e-01 2.829907387121383469e-02 2.059855608840347602e-02 2.829907387121383469e-02 2.067999999999999838e-01 4.490530922124329194e-02 2.059855608840347602e-02 4.490530922124329194e-02 1.809840000000000337e-01
1.619440000000000046e-01 3.059575169070338080e-02 2.537002954493739262e-02 3.059575169070338080e-02 2.067999999999999838e-01 5.187772581969005148e-02 2.537002954493739262e-02 5.187772581969005148e-02 1.809840000000000337e-01
1.619440000000000046e-01 3.425796390196363811e-02 2.907636663905766375e-02 3.425796390196363811e-02 2.067999999999999838e-01 6.871333223150259684e-02 2.907636663905766375e-02 6.871333223150259684e-02 1.809840000000000337e-01
1.619440000000000046e-01 4.366387959002908381e-02 3.369700622283678532e-02 4.366387959002908381e-02 2.067999999999999838e-01 7.531309825658832890e-02 3.369700622283678532e-02 7.531309825658832890e-02 1.809840000000000337e-01
1.619440000000000046e-01 4.713946974625702474e-02 4.199400264517998832e-02 4.713946974625702474e-02 2.067999999999999838e-01 8.545904188030037374e-02 4.199400264517998832e-02 8.545904188030037374e-02 1.809840000000000337e-01
1.619440000000000046e-01 5.280720726510999136e-02 4.373696038320759594e-02 5.280720726510999136e-02 2.067999999999999838e-01 9.835206815169592054e-02 4.373696038320759594e-02 9.835206815169592054e-02 1.809840000000000337e-01
1.619440000000000046e-01 5.935721129682699354e-02 4.829555943852128358e-02 5.935721129682699354e-02 2.067999999999999838e-01 9.965605218996095860e-02 4.829555943852128358e-02 9.965605218996095860e-02 1.809840000000000337e-01
1.619440000000000046e-01 6.411457311329507580e-02 5.424080674865940782e-02 6.411457311329507580e-02 2.067999999999999838e-01 1.087297502443001773e-01 5.424080674865940782e-02 1.087297502443001773e-01 1.809840000000000337e-01
1.619440000000000046e-01 7.235181296621695513e-02 5.885463577521896084e-02 7.235181296621695513e-02 2.067999999999999838e-01 1.228145126631122741e-01 5.885463577521896084e-02 1.228145126631122741e-01 1.809840000000000337e-01
1.619440000000000046e-01 7.479487560672672120e-02 6.550469483859434894e-02 7.479487560672672120e-02 2.067999999999999838e-01 1.296662009205719057e-01 6.550469483859434894e-02 1.296662009205719057e-01 1.809840000000000337e-01
1.619440000000000046e-01 8.214369727075951366e-02 6.572145696700032458e-02 8.214369727075951366e-02 2.067999999999999838e-01 1.457684686982665678e-01 6.572145696700032458e-02 1.457684686982665678e-01 1.809840000000000337e-01
1.619440000000000046e-01 8.773714563365529739e-02 7.324294415303106431e-02 8.773714563365529739e-02 2.067999999999999838e-01 1.520255429268381475e-01 7.324294415303106431e-02 1.520255429268381475e-01 1.809840000000000337e-01
1.619440000000000046e-01 9.454164812433260567e-02 7.540895279875083068e-02 9.454164812433260567e-02 2.067999999999999838e-01 1.616580275954480062e-01 7.540895279875083068e-02 1.616580275954480062e-01 1.809840000000000337e-01
1.619440000000000046e-01 9.732374824107838107e-02 8.331460235253179691e-02 9.732374824107838107e-02 2.067999999999999838e-01 1.733482001788123061e-01 8.331460235253179691e-02 1.733482001788123061e-01 1.809840000000000337e-01
1.619440000000000046e-01 1.046064576474146218e-01 8.541785089563343203e-02 1.046064576474146218e-01 2.067999999999999838e-01 1.825918589554222649e-01 8.541785089563343203e-02 1.825918589554222649e-01 1.809840000000000337e-01
1.619440000000000046e-01 1.079200000000000159e-01 8.906400000000000428e-02 1.079200000000000159e-01 2.067999999999999838e-01 1.871200000000000085e-01 8.906400000000000428e-02 1.871200000000000085e-01 1.809840000000000337e-01
c: 
2.882000000000000117e+00
1.108000000000000096e+00
1.375999999999999890e+00
