CDF: 
2.000000000000000111e-01 5.699999999999999512e-01 6.500000000000000222e-01 1.000000000000000000e+00
3.400000000000000244e-01 3.900000000000000133e-01 4.899999999999999911e-01 1.000000000000000000e+00
4.699999999999999734e-01 6.099999999999999867e-01 6.800000000000000488e-01 1.000000000000000000e+00
sigma: 
1.696640000000000092e-01 6.465704490805657470e-03 2.309538335686856219e-03 6.465704490805657470e-03 2.143999999999999795e-01 1.667439528176074598e-04 2.309538335686856219e-03 1.667439528176074869e-04 1.954239999999999866e-01
1.696640000000000092e-01 1.531273770725222021e-02 9.200565154536061857e-03 1.531273770725222021e-02 2.143999999999999795e-01 1.626162454006606362e-02 9.200565154536061857e-03 1.626162454006606709e-02 1.954239999999999866e-01
1.696640000000000092e-01 2.146029674017025518e-02 2.272959527913333277e-02 2.146029674017025518e-02 2.143999999999999795e-01 1.725822986384211236e-02 2.272959527913333277e-02 1.725822986384211583e-02 1.954239999999999866e-01
1.696640000000000092e-01 2.923586289050745038e-02 3.389198515993478711e-02 2.923586289050745038e-02 2.143999999999999795e-01 2.852219942948828330e-02 3.389198515993478711e-02 2.852219942948828676e-02 1.954239999999999866e-01
1.696640000000000092e-01 3.304033612272137821e-02 3.961190687314507242e-02 3.304033612272137821e-02 2.143999999999999795e-01 4.173168913564182653e-02 3.961190687314507242e-02 4.173168913564183347e-02 1.954239999999999866e-01
1.696640000000000092e-01 4.218651026455109976e-02 5.482388152883208021e-02 4.218651026455109976e-02 2.143999999999999795e-01 4.713564462409907535e-02 5.482388152883208021e-02 4.713564462409908923e-02 1.954239999999999866e-01
1.696640000000000092e-01 4.888084243857347688e-02 5.960781774689759283e-02 4.888084243857347688e-02 2.143999999999999795e-01 5.168845049440684569e-02 5.960781774689759283e-02 5.168845049440685957e-02 1.954239999999999866e-01
1.696640000000000092e-01 6.266124458688492049e-02 6.769735794240878957e-02 6.266124458688492049e-02 2.143999999999999795e-01 6.676727391727581284e-02 6.769735794240878957e-02 6.676727391727582672e-02 1.954239999999999866e-01
1.696640000000000092e-01 6.546704071890144250e-02 8.179349366579169445e-02 6.546704071890144250e-02 2.143999999999999795e-01 7.043791863256244901e-02 8.179349366579169445e-02 7.043791863256246288e-02 1.954239999999999866e-01
1.696640000000000092e-01 7.472181373780635572e-02 8.461729096623465951e-02 7.472181373780635572e-02 2.143999999999999795e-01 8.393576101148830793e-02 8.461729096623465951e-02 8.393576101148832180e-02 1.954239999999999866e-01
1.696640000000000092e-01 8.768312989659980683e-02 9.518000930141495841e-02 8.768312989659980683e-02 2.143999999999999795e-01 9.269555036865992359e-02 9.518000930141495841e-02 9.269555036865993747e-02 1.954239999999999866e-01
1.696640000000000092e-01 9.136756876841192754e-02 1.076240342359730401e-01 9.136756876841192754e-02 2.143999999999999795e-01 9.439335425461391205e-02 1.076240342359730401e-01 9.439335425461392592e-02 1.954239999999999866e-01
1.696640000000000092e-01 1.008130898509610046e-01 1.180598357670838150e-01 1.008130898509610046e-01 2.143999999999999795e-01 1.052363750651725965e-01 1.180598357670838150e-01 1.052363750651726104e-01 1.954239999999999866e-01
1.696640000000000092e-01 1.070006042552124198e-01 1.271870693163195676e-01 1.070006042552124198e-01 2.143999999999999795e-01 1.120709213215812655e-01 1.271870693163195676e-01 1.120709213215812794e-01 1.954239999999999866e-01
1.696640000000000092e-01 1.199083017566280468e-01 1.350277646096063044e-01 1.199083017566280468e-01 2.143999999999999795e-01 1.237272181073427041e-01 1.350277646096063044e-01 1.237272181073427180e-01 1.954239999999999866e-01
1.696640000000000092e-01 1.212122133043871397e-01 1.442791986794006720e-01 1.212122133043871397e-01 2.143999999999999795e-01 1.306359195043418631e-01 1.442791986794006720e-01 1.306359195043418908e-01 1.954239999999999866e-01
1.696640000000000092e-01 1.316199061885765242e-01 1.514447352849669359e-01 1.316199061885765242e-01 2.143999999999999795e-01 1.376502060232586422e-01 1.514447352849669359e-01 1.376502060232586699e-01 1.954239999999999866e-01
1.696640000000000092e-01 1.419883528705604137e-01 1.575817179008893731e-01 1.419883528705604137e-01 2.143999999999999795e-01 1.464139939965877213e-01 1.575817179008893731e-01 1.464139939965877490e-01 1.954239999999999866e-01
1.696640000000000092e-01 1.497969008658263101e-01 1.691182852268586501e-01 1.497969008658263101e-01 2.143999999999999795e-01 1.624466373534293184e-01 1.691182852268586501e-01 1.624466373534293462e-01 1.954239999999999866e-01
1.696640000000000092e-01 1.526399999999999979e-01 1.741440000000000210e-01 1.526399999999999979e-01 2.143999999999999795e-01 1.630399999999999905e-01 1.741440000000000210e-01 1.630400000000000182e-01 1.954239999999999866e-01
c: 
2.552999999999999936e+00
2.595000000000000195e+00
1.830999999999999961e+00
