CDF: 
2.700000000000000178e-01 4.199999999999999845e-01 6.199999999999999956e-01 1.000000000000000000e+00
2.999999999999999889e-01 5.200000000000000178e-01 5.999999999999999778e-01 1.000000000000000000e+00
4.299999999999999933e-01 4.699999999999999734e-01 7.399999999999999911e-01 1.000000000000000000e+00
sigma: 
1.924750000000000072e-01 6.653740743901658157e-03 2.136397736741710990e-03 6.653740743901658157e-03 2.104840000000000044e-01 1.209801222803090444e-04 2.136397736741710556e-03 1.209801222803090444e-04 1.656750000000000167e-01
1.924750000000000072e-01 1.811763306862217496e-02 1.378702001343587100e-02 1.811763306862217496e-02 2.104840000000000044e-01 1.428356933649363274e-02 1.378702001343586926e-02 1.428356933649363274e-02 1.656750000000000167e-01
1.924750000000000072e-01 2.204701322037981234e-02 2.275608603467717608e-02 2.204701322037981234e-02 2.104840000000000044e-01 2.424951691537739415e-02 2.275608603467717261e-02 2.424951691537739415e-02 1.656750000000000167e-01
1.924750000000000072e-01 3.868126528682474391e-02 3.050283153683489012e-02 3.868126528682474391e-02 2.104840000000000044e-01 2.531402433966606705e-02 3.050283153683488666e-02 2.531402433966606705e-02 1.656750000000000167e-01
1.924750000000000072e-01 4.385156858672066560e-02 3.321019963300404082e-02 4.385156858672066560e-02 2.104840000000000044e-01 3.537016698858656133e-02 3.321019963300403388e-02 3.537016698858656133e-02 1.656750000000000167e-01
1.924750000000000072e-01 6.046398309721794789e-02 4.782610039586908390e-02 6.046398309721794789e-02 2.104840000000000044e-01 4.632706820750066845e-02 4.782610039586907003e-02 4.632706820750066845e-02 1.656750000000000167e-01
1.924750000000000072e-01 6.737883018809198710e-02 4.916762634642379837e-02 6.737883018809198710e-02 2.104840000000000044e-01 5.435850013492701110e-02 4.916762634642379143e-02 5.435850013492701110e-02 1.656750000000000167e-01
1.924750000000000072e-01 7.974371503548478846e-02 6.219163269589746135e-02 7.974371503548478846e-02 2.104840000000000044e-01 6.345874031574205709e-02 6.219163269589745441e-02 6.345874031574205709e-02 1.656750000000000167e-01
1.924750000000000072e-01 8.861121203309350880e-02 7.102648071882865233e-02 8.861121203309350880e-02 2.104840000000000044e-01 7.063724273708031631e-02 7.102648071882863845e-02 7.063724273708031631e-02 1.656750000000000167e-01
1.924750000000000072e-01 1.018201927599282769e-01 8.028075587735689078e-02 1.018201927599282769e-01 2.104840000000000044e-01 8.089906591337124586e-02 8.028075587735687690e-02 8.089906591337124586e-02 1.656750000000000167e-01
1.924750000000000072e-01 1.077366858454279069e-01 8.832364022854748142e-02 1.077366858454279069e-01 2.104840000000000044e-01 8.736330681340745419e-02 8.832364022854746755e-02 8.736330681340745419e-02 1.656750000000000167e-01
1.924750000000000072e-01 1.201615801035584574e-01 9.401616734503705219e-02 1.201615801035584574e-01 2.104840000000000044e-01 9.789525402735707593e-02 9.401616734503702444e-02 9.789525402735707593e-02 1.656750000000000167e-01
1.924750000000000072e-01 1.288270339584469681e-01 9.941338240564134843e-02 1.288270339584469681e-01 2.104840000000000044e-01 1.069006546687795017e-01 9.941338240564133455e-02 1.069006546687795017e-01 1.656750000000000167e-01
1.924750000000000072e-01 1.338425751984144985e-01 1.132251676933448414e-01 1.338425751984144985e-01 2.104840000000000044e-01 1.100799005480224968e-01 1.132251676933448137e-01 1.100799005480224968e-01 1.656750000000000167e-01
1.924750000000000072e-01 1.437444165565851251e-01 1.203297511415064303e-01 1.437444165565851251e-01 2.104840000000000044e-01 1.186148589806294701e-01 1.203297511415064025e-01 1.186148589806294701e-01 1.656750000000000167e-01
1.924750000000000072e-01 1.629458271695271854e-01 1.226032435352142208e-01 1.629458271695271854e-01 2.104840000000000044e-01 1.291794349069063930e-01 1.226032435352141930e-01 1.291794349069063930e-01 1.656750000000000167e-01
1.924750000000000072e-01 1.684748156875927050e-01 1.296456976464460398e-01 1.684748156875927050e-01 2.104840000000000044e-01 1.384904082378264623e-01 1.296456976464460120e-01 1.384904082378264623e-01 1.656750000000000167e-01
1.924750000000000072e-01 1.776464174516732553e-01 1.430050970072754557e-01 1.776464174516732553e-01 2.104840000000000044e-01 1.467119935774320871e-01 1.430050970072754279e-01 1.467119935774320871e-01 1.656750000000000167e-01
1.924750000000000072e-01 1.885380056503220270e-01 1.497739927572679930e-01 1.885380056503220270e-01 2.104840000000000044e-01 1.540650660981338904e-01 1.497739927572679652e-01 1.540650660981338904e-01 1.656750000000000167e-01
1.924750000000000072e-01 1.944700000000000317e-01 1.537250000000000283e-01 1.944700000000000317e-01 2.104840000000000044e-01 1.572300000000000364e-01 1.537250000000000005e-01 1.572300000000000364e-01 1.656750000000000167e-01
c: 
1.348999999999999977e+00
1.564000000000000057e+00
1.260000000000000009e+00
