CDF: 
3.200000000000000067e-01 6.600000000000000311e-01 6.999999999999999556e-01 1.000000000000000000e+00
1.300000000000000044e-01 2.099999999999999922e-01 5.200000000000000178e-01 1.000000000000000000e+00
3.699999999999999956e-01 4.299999999999999933e-01 4.600000000000000200e-01 1.000000000000000000e+00
sigma: 
1.872840000000000060e-01 6.804461127995821770e-03 1.934642235950644312e-03 6.804461127995821770e-03 1.711390000000000133e-01 8.265750211624350516e-03 1.934642235950644095e-03 8.265750211624350516e-03 2.352749999999999841e-01
1.872840000000000060e-01 1.162800488025992306e-02 7.777553168982207117e-03 1.162800488025992306e-02 1.711390000000000133e-01 9.532978760134922999e-03 7.777553168982205382e-03 9.532978760134922999e-03 2.352749999999999841e-01
1.872840000000000060e-01 1.654447017667113121e-02 1.553705512686602043e-02 1.654447017667113121e-02 1.711390000000000133e-01 1.997161313235504623e-02 1.553705512686601869e-02 1.997161313235504623e-02 2.352749999999999841e-01
1.872840000000000060e-01 2.154548957308089624e-02 2.853593433862899181e-02 2.154548957308089624e-02 1.711390000000000133e-01 3.272869601546203600e-02 2.853593433862898834e-02 3.272869601546203600e-02 2.352749999999999841e-01
1.872840000000000060e-01 3.227855932404752326e-02 3.706933108743860200e-02 3.227855932404752326e-02 1.711390000000000133e-01 4.692599477472044617e-02 3.706933108743859506e-02 4.692599477472044617e-02 2.352749999999999841e-01
1.872840000000000060e-01 3.956155533910191840e-02 3.975571965723655871e-02 3.956155533910191840e-02 1.711390000000000133e-01 5.534621641156658306e-02 3.975571965723655177e-02 5.534621641156658306e-02 2.352749999999999841e-01
1.872840000000000060e-01 4.521864258764997369e-02 4.826667909076527707e-02 4.521864258764997369e-02 1.711390000000000133e-01 6.245040030967706490e-02 4.826667909076527013e-02 6.245040030967706490e-02 2.352749999999999841e-01
1.872840000000000060e-01 5.095928983622593361e-02 5.864412979941463488e-02 5.095928983622593361e-02 1.711390000000000133e-01 7.513163355328808524e-02 5.864412979941462795e-02 7.513163355328808524e-02 2.352749999999999841e-01
1.872840000000000060e-01 5.725467034095615970e-02 6.442324997738124726e-02 5.725467034095615970e-02 1.711390000000000133e-01 8.219260582156164008e-02 6.442324997738123338e-02 8.219260582156164008e-02 2.352749999999999841e-01
1.872840000000000060e-01 6.298225013359735891e-02 7.356647443061505032e-02 6.298225013359735891e-02 1.711390000000000133e-01 8.787295569444417143e-02 7.356647443061503644e-02 8.787295569444417143e-02 2.352749999999999841e-01
1.872840000000000060e-01 7.095814065690927985e-02 7.602499951480309881e-02 7.095814065690927985e-02 1.711390000000000133e-01 1.025735276652734174e-01 7.602499951480307105e-02 1.025735276652734174e-01 2.352749999999999841e-01
1.872840000000000060e-01 8.091118417020723430e-02 8.429160102107589869e-02 8.091118417020723430e-02 1.711390000000000133e-01 1.087649444333255722e-01 8.429160102107588481e-02 1.087649444333255722e-01 2.352749999999999841e-01
1.872840000000000060e-01 8.839135617346911833e-02 9.195274647199763729e-02 8.839135617346911833e-02 1.711390000000000133e-01 1.193792452593638448e-01 9.195274647199760953e-02 1.193792452593638448e-01 2.352749999999999841e-01
1.872840000000000060e-01 9.385839904685995549e-02 1.033345638153018442e-01 9.385839904685995549e-02 1.711390000000000133e-01 1.306327662413089008e-01 1.033345638153018303e-01 1.306327662413089008e-01 2.352749999999999841e-01
1.872840000000000060e-01 9.972748683376753132e-02 1.107344981787990734e-01 9.972748683376753132e-02 1.711390000000000133e-01 1.346617367574553248e-01 1.107344981787990457e-01 1.346617367574553248e-01 2.352749999999999841e-01
1.872840000000000060e-01 1.046182564954023370e-01 1.182841286956498872e-01 1.046182564954023370e-01 1.711390000000000133e-01 1.505081457699243841e-01 1.182841286956498594e-01 1.505081457699243841e-01 2.352749999999999841e-01
1.872840000000000060e-01 1.139558560425478345e-01 1.218760575798110007e-01 1.139558560425478345e-01 1.711390000000000133e-01 1.526611653472937091e-01 1.218760575798109730e-01 1.526611653472937091e-01 2.352749999999999841e-01
1.872840000000000060e-01 1.213735164910270531e-01 1.303452969163162722e-01 1.213735164910270531e-01 1.711390000000000133e-01 1.612238533112611838e-01 1.303452969163162445e-01 1.612238533112611838e-01 2.352749999999999841e-01
1.872840000000000060e-01 1.286187666778905447e-01 1.408952322356644415e-01 1.286187666778905447e-01 1.711390000000000133e-01 1.747624659258952551e-01 1.408952322356644138e-01 1.747624659258952551e-01 2.352749999999999841e-01
1.872840000000000060e-01 1.309740000000000071e-01 1.414700000000000124e-01 1.309740000000000071e-01 1.711390000000000133e-01 1.800450000000000106e-01 1.414699999999999847e-01 1.800450000000000106e-01 2.352749999999999841e-01
c: 
2.289000000000000146e+00
1.451999999999999957e+00
2.597999999999999865e+00
