CDF: 
1.900000000000000022e-01 2.500000000000000000e-01 4.099999999999999756e-01 1.000000000000000000e+00
1.400000000000000133e-01 4.000000000000000222e-01 8.100000000000000533e-01 1.000000000000000000e+00
4.600000000000000200e-01 6.300000000000000044e-01 8.299999999999999600e-01 1.000000000000000000e+00
sigma: 
1.744439999999999880e-01 2.618967071501636466e-03 1.325769637441419173e-04 2.618967071501635598e-03 1.011640000000000039e-01 4.535573328294454330e-03 1.325769637441419173e-04 4.535573328294456065e-03 1.281440000000000079e-01
1.744439999999999880e-01 9.370347963025858068e-03 9.953861045757761775e-03 9.370347963025854598e-03 1.011640000000000039e-01 8.165117497537802138e-03 9.953861045757761775e-03 8.165117497537803873e-03 1.281440000000000079e-01
1.744439999999999880e-01 1.118263821386075718e-02 1.305624519560749132e-02 1.118263821386075371e-02 1.011640000000000039e-01 1.192544218793525727e-02 1.305624519560749132e-02 1.192544218793526074e-02 1.281440000000000079e-01
1.744439999999999880e-01 1.966448296676727436e-02 1.601374679672433118e-02 1.966448296676726742e-02 1.011640000000000039e-01 1.836404311530587252e-02 1.601374679672433118e-02 1.836404311530587599e-02 1.281440000000000079e-01
1.744439999999999880e-01 2.018013270266521414e-02 2.243630723515651140e-02 2.018013270266520720e-02 1.011640000000000039e-01 2.619809133129195888e-02 2.243630723515651140e-02 2.619809133129196582e-02 1.281440000000000079e-01
1.744439999999999880e-01 2.757993532388746880e-02 2.669538156809207058e-02 2.757993532388746186e-02 1.011640000000000039e-01 3.183400445999987061e-02 2.669538156809207058e-02 3.183400445999987755e-02 1.281440000000000079e-01
1.744439999999999880e-01 3.404173655998975895e-02 3.366608576446070838e-02 3.404173655998974507e-02 1.011640000000000039e-01 3.585840399562552350e-02 3.366608576446070838e-02 3.585840399562553737e-02 1.281440000000000079e-01
1.744439999999999880e-01 3.548069539957611485e-02 3.655012929279552458e-02 3.548069539957610791e-02 1.011640000000000039e-01 4.211764291864005666e-02 3.655012929279552458e-02 4.211764291864007054e-02 1.281440000000000079e-01
1.744439999999999880e-01 4.277892144068769914e-02 4.063779632192762031e-02 4.277892144068768526e-02 1.011640000000000039e-01 4.568201414694227774e-02 4.063779632192762031e-02 4.568201414694228468e-02 1.281440000000000079e-01
1.744439999999999880e-01 4.592619676180590554e-02 4.551678819523542058e-02 4.592619676180589167e-02 1.011640000000000039e-01 5.313706818497761913e-02 4.551678819523542058e-02 5.313706818497763301e-02 1.281440000000000079e-01
1.744439999999999880e-01 5.404012376756817115e-02 5.083607705592128184e-02 5.404012376756815728e-02 1.011640000000000039e-01 5.587891904620982675e-02 5.083607705592128184e-02 5.587891904620984757e-02 1.281440000000000079e-01
1.744439999999999880e-01 5.621232774153639422e-02 5.955619164478823113e-02 5.621232774153638034e-02 1.011640000000000039e-01 6.413351665649355549e-02 5.955619164478823113e-02 6.413351665649356936e-02 1.281440000000000079e-01
1.744439999999999880e-01 6.046107391043704926e-02 6.120858608764275649e-02 6.046107391043703538e-02 1.011640000000000039e-01 6.848009585460525239e-02 6.120858608764275649e-02 6.848009585460528015e-02 1.281440000000000079e-01
1.744439999999999880e-01 6.813888588120080303e-02 6.694449692745023384e-02 6.813888588120078915e-02 1.011640000000000039e-01 7.346963687292140666e-02 6.694449692745023384e-02 7.346963687292142053e-02 1.281440000000000079e-01
1.744439999999999880e-01 7.164895350617442316e-02 7.385297267666952881e-02 7.164895350617440928e-02 1.011640000000000039e-01 7.880130269382457087e-02 7.385297267666952881e-02 7.880130269382458474e-02 1.281440000000000079e-01
1.744439999999999880e-01 7.710346340174081825e-02 7.967190687676962979e-02 7.710346340174079049e-02 1.011640000000000039e-01 8.701082233332453619e-02 7.967190687676962979e-02 8.701082233332456395e-02 1.281440000000000079e-01
1.744439999999999880e-01 8.262371797700296394e-02 8.340023822821975019e-02 8.262371797700293619e-02 1.011640000000000039e-01 9.395140868414098012e-02 8.340023822821975019e-02 9.395140868414099400e-02 1.281440000000000079e-01
1.744439999999999880e-01 8.939509246413275545e-02 8.537518512837015405e-02 8.939509246413272769e-02 1.011640000000000039e-01 9.751238799169198446e-02 8.537518512837015405e-02 9.751238799169201221e-02 1.281440000000000079e-01
1.744439999999999880e-01 9.068313508131298217e-02 9.326120488163944233e-02 9.068313508131295442e-02 1.011640000000000039e-01 1.040234603221849158e-01 9.326120488163944233e-02 1.040234603221849435e-01 1.281440000000000079e-01
1.744439999999999880e-01 9.560400000000002230e-02 9.485600000000002363e-02 9.560399999999999454e-02 1.011640000000000039e-01 1.050959999999999950e-01 9.485600000000002363e-02 1.050960000000000227e-01 1.281440000000000079e-01
c: 
1.653999999999999915e+00
1.957999999999999963e+00
1.852000000000000091e+00
