CDF: 
5.999999999999999778e-01 6.300000000000000044e-01 6.899999999999999467e-01 1.000000000000000000e+00
2.099999999999999922e-01 3.300000000000000155e-01 3.900000000000000133e-01 1.000000000000000000e+00
4.299999999999999933e-01 6.800000000000000488e-01 7.299999999999999822e-01 1.000000000000000000e+00
sigma: 
2.051999999999999935e-01 1.202969977493939871e-03 2.188489076751132852e-03 1.202969977493939871e-03 1.914359999999999951e-01 6.043137917474345269e-03 2.188489076751132852e-03 6.043137917474346137e-03 1.723999999999999977e-01
2.051999999999999935e-01 8.334555603387815842e-03 1.423554016931039522e-02 8.334555603387815842e-03 1.914359999999999951e-01 7.286743834550215432e-03 1.423554016931039522e-02 7.286743834550216299e-03 1.723999999999999977e-01
2.051999999999999935e-01 1.477150245632303897e-02 2.725438753681389686e-02 1.477150245632303897e-02 1.914359999999999951e-01 1.244265145217074951e-02 2.725438753681389686e-02 1.244265145217075125e-02 1.723999999999999977e-01
2.051999999999999935e-01 2.415028482199291227e-02 3.235006131889030245e-02 2.415028482199291227e-02 1.914359999999999951e-01 2.156879741015590643e-02 3.235006131889030245e-02 2.156879741015590990e-02 1.723999999999999977e-01
2.051999999999999935e-01 2.887758107703237639e-02 3.770038220856544720e-02 2.887758107703237639e-02 1.914359999999999951e-01 2.550246222159854512e-02 3.770038220856544720e-02 2.550246222159854859e-02 1.723999999999999977e-01
2.051999999999999935e-01 3.188291670252534071e-02 5.461497549808468771e-02 3.188291670252534071e-02 1.914359999999999951e-01 3.603783071814891520e-02 5.461497549808468771e-02 3.603783071814892214e-02 1.723999999999999977e-01
2.051999999999999935e-01 3.780521295422476641e-02 6.107415371994629610e-02 3.780521295422476641e-02 1.914359999999999951e-01 3.757697805535074875e-02 6.107415371994629610e-02 3.757697805535074875e-02 1.723999999999999977e-01
2.051999999999999935e-01 4.509351935561161512e-02 6.933691420027131291e-02 4.509351935561161512e-02 1.914359999999999951e-01 4.383826738704358489e-02 6.933691420027131291e-02 4.383826738704359183e-02 1.723999999999999977e-01
2.051999999999999935e-01 5.338174047222831592e-02 7.688792029224798819e-02 5.338174047222831592e-02 1.914359999999999951e-01 5.151661454246591471e-02 7.688792029224798819e-02 5.151661454246592164e-02 1.723999999999999977e-01
2.051999999999999935e-01 5.909589286078153342e-02 8.534392790721778699e-02 5.909589286078153342e-02 1.914359999999999951e-01 6.077301519257757162e-02 8.534392790721778699e-02 6.077301519257757856e-02 1.723999999999999977e-01
2.051999999999999935e-01 6.560499910906586463e-02 9.736048659832807761e-02 6.560499910906586463e-02 1.914359999999999951e-01 6.135129298113678464e-02 9.736048659832807761e-02 6.135129298113679158e-02 1.723999999999999977e-01
2.051999999999999935e-01 6.945802047294916126e-02 1.103084489647543215e-01 6.945802047294916126e-02 1.914359999999999951e-01 7.299507845004493678e-02 1.103084489647543215e-01 7.299507845004493678e-02 1.723999999999999977e-01
2.051999999999999935e-01 7.437431199544819460e-02 1.135283848593442030e-01 7.437431199544819460e-02 1.914359999999999951e-01 7.850841969064059622e-02 1.135283848593442030e-01 7.850841969064059622e-02 1.723999999999999977e-01
2.051999999999999935e-01 8.020177697560385011e-02 1.268458172749776236e-01 8.020177697560385011e-02 1.914359999999999951e-01 8.314710849448908592e-02 1.268458172749776236e-01 8.314710849448909979e-02 1.723999999999999977e-01
2.051999999999999935e-01 9.055976937488208200e-02 1.393215599392124970e-01 9.055976937488208200e-02 1.914359999999999951e-01 9.117378510941295811e-02 1.393215599392124970e-01 9.117378510941297198e-02 1.723999999999999977e-01
2.051999999999999935e-01 9.654939894295991309e-02 1.422466454139610370e-01 9.654939894295991309e-02 1.914359999999999951e-01 9.760658288654963655e-02 1.422466454139610370e-01 9.760658288654965042e-02 1.723999999999999977e-01
2.051999999999999935e-01 1.027631084596662830e-01 1.554609621390995178e-01 1.027631084596662830e-01 1.914359999999999951e-01 9.947723519917467394e-02 1.554609621390995178e-01 9.947723519917468782e-02 1.723999999999999977e-01
2.051999999999999935e-01 1.071357654741674215e-01 1.638356343793116177e-01 1.071357654741674215e-01 1.914359999999999951e-01 1.053780844097965408e-01 1.638356343793116177e-01 1.053780844097965547e-01 1.723999999999999977e-01
2.051999999999999935e-01 1.133415329335886457e-01 1.755283343598078305e-01 1.133415329335886457e-01 1.914359999999999951e-01 1.131022316884417594e-01 1.755283343598078305e-01 1.131022316884417733e-01 1.723999999999999977e-01
2.051999999999999935e-01 1.162799999999999945e-01 1.772000000000000242e-01 1.162799999999999945e-01 1.914359999999999951e-01 1.162799999999999945e-01 1.772000000000000242e-01 1.162800000000000084e-01 1.723999999999999977e-01
c: 
1.467999999999999972e+00
2.249000000000000110e+00
2.628000000000000114e+00
