CDF: 
2.200000000000000011e-01 7.299999999999999822e-01 8.100000000000000533e-01 1.000000000000000000e+00
4.000000000000000222e-01 4.600000000000000200e-01 6.600000000000000311e-01 1.000000000000000000e+00
3.300000000000000155e-01 3.499999999999999778e-01 3.699999999999999956e-01 1.000000000000000000e+00
sigma: 
1.320749999999999980e-01 2.950348123486089616e-03 2.891748055055013041e-03 2.950348123486089616e-03 1.937640000000000473e-01 4.887390610975583631e-03 2.891748055055012607e-03 4.887390610975583631e-03 2.249559999999999893e-01
1.320749999999999980e-01 1.027646721602243872e-02 7.056747163683028436e-03 1.027646721602243872e-02 1.937640000000000473e-01 8.968558589738934508e-03 7.056747163683026701e-03 8.968558589738934508e-03 2.249559999999999893e-01
1.320749999999999980e-01 1.355423628199515888e-02 1.211693108154956490e-02 1.355423628199515888e-02 1.937640000000000473e-01 1.696024456308508829e-02 1.211693108154956317e-02 1.696024456308508829e-02 2.249559999999999893e-01
1.320749999999999980e-01 2.475025690276145066e-02 1.333969112369298889e-02 2.475025690276145066e-02 1.937640000000000473e-01 3.063056447471716043e-02 1.333969112369298715e-02 3.063056447471716043e-02 2.249559999999999893e-01
1.320749999999999980e-01 2.708395632504070547e-02 1.808587074821163890e-02 2.708395632504070547e-02 1.937640000000000473e-01 3.424952529779173166e-02 1.808587074821163890e-02 3.424952529779173166e-02 2.249559999999999893e-01
1.320749999999999980e-01 3.234151874001640198e-02 2.207973904114136215e-02 3.234151874001640198e-02 1.937640000000000473e-01 4.546654898158935393e-02 2.207973904114135869e-02 4.546654898158935393e-02 2.249559999999999893e-01
1.320749999999999980e-01 4.355524723485785371e-02 2.842597449051996461e-02 4.355524723485785371e-02 1.937640000000000473e-01 5.253599306933083579e-02 2.842597449051995767e-02 5.253599306933083579e-02 2.249559999999999893e-01
1.320749999999999980e-01 4.857683918190502936e-02 3.118674807920628067e-02 4.857683918190502936e-02 1.937640000000000473e-01 5.437912023769839176e-02 3.118674807920627720e-02 5.437912023769839176e-02 2.249559999999999893e-01
1.320749999999999980e-01 5.606967693796692520e-02 3.600556032125915018e-02 5.606967693796692520e-02 1.937640000000000473e-01 6.928999671110017133e-02 3.600556032125915018e-02 6.928999671110017133e-02 2.249559999999999893e-01
1.320749999999999980e-01 6.052359114427845882e-02 4.251918521256124045e-02 6.052359114427845882e-02 1.937640000000000473e-01 7.659133873619296262e-02 4.251918521256123351e-02 7.659133873619296262e-02 2.249559999999999893e-01
1.320749999999999980e-01 6.816908838851999664e-02 4.510223862753795498e-02 6.816908838851999664e-02 1.937640000000000473e-01 8.463393179955161494e-02 4.510223862753794805e-02 8.463393179955161494e-02 2.249559999999999893e-01
1.320749999999999980e-01 7.285368300998351643e-02 5.042294928373376034e-02 7.285368300998351643e-02 1.937640000000000473e-01 9.108408080367166870e-02 5.042294928373375340e-02 9.108408080367166870e-02 2.249559999999999893e-01
1.320749999999999980e-01 7.681898074048396086e-02 5.505115632243578333e-02 7.681898074048396086e-02 1.937640000000000473e-01 9.903734546707265718e-02 5.505115632243577639e-02 9.903734546707265718e-02 2.249559999999999893e-01
1.320749999999999980e-01 8.650075887446811995e-02 5.687847942218317993e-02 8.650075887446811995e-02 1.937640000000000473e-01 1.011849305063411558e-01 5.687847942218317299e-02 1.011849305063411558e-01 2.249559999999999893e-01
1.320749999999999980e-01 8.851746646295456655e-02 6.370508577118301485e-02 8.851746646295456655e-02 1.937640000000000473e-01 1.132986931427669430e-01 6.370508577118300098e-02 1.132986931427669430e-01 2.249559999999999893e-01
1.320749999999999980e-01 9.861440308635688323e-02 6.877954765332666698e-02 9.861440308635688323e-02 1.937640000000000473e-01 1.180922818861590423e-01 6.877954765332665310e-02 1.180922818861590423e-01 2.249559999999999893e-01
1.320749999999999980e-01 1.048030601456506061e-01 7.078360889130863587e-02 1.048030601456506061e-01 1.937640000000000473e-01 1.246423293160092011e-01 7.078360889130862199e-02 1.246423293160092011e-01 2.249559999999999893e-01
1.320749999999999980e-01 1.102194170186233807e-01 7.336647457529146821e-02 1.102194170186233807e-01 1.937640000000000473e-01 1.317517976176897920e-01 7.336647457529145433e-02 1.317517976176897920e-01 2.249559999999999893e-01
1.320749999999999980e-01 1.162617425951182615e-01 7.983973400852120705e-02 1.162617425951182615e-01 1.937640000000000473e-01 1.450110324616099011e-01 7.983973400852119318e-02 1.450110324616099011e-01 2.249559999999999893e-01
1.320749999999999980e-01 1.200100000000000056e-01 8.173000000000001097e-02 1.200100000000000056e-01 1.937640000000000473e-01 1.469720000000000193e-01 8.172999999999999710e-02 1.469720000000000193e-01 2.249559999999999893e-01
c: 
1.072000000000000064e+00
2.310000000000000053e+00
1.229000000000000092e+00
