CDF: 
2.800000000000000266e-01 3.599999999999999867e-01 8.100000000000000533e-01 1.000000000000000000e+00
5.799999999999999600e-01 6.600000000000000311e-01 7.800000000000000266e-01 1.000000000000000000e+00
1.300000000000000044e-01 1.600000000000000033e-01 8.399999999999999689e-01 1.000000000000000000e+00
sigma: 
1.204110000000000180e-01 3.431140805703042102e-03 2.724603647786222153e-03 3.431140805703042102e-03 1.619040000000000201e-01 1.519421090359862354e-03 2.724603647786222153e-03 1.519421090359862571e-03 8.681100000000001315e-02
1.204110000000000180e-01 9.228440856607662487e-03 7.209979723789472841e-03 9.228440856607662487e-03 1.619040000000000201e-01 5.553806937597086449e-03 7.209979723789472841e-03 5.553806937597087316e-03 8.681100000000001315e-02
1.204110000000000180e-01 1.540890500951788179e-02 1.296378282143518385e-02 1.540890500951788179e-02 1.619040000000000201e-01 1.361772750533445618e-02 1.296378282143518385e-02 1.361772750533445792e-02 8.681100000000001315e-02
1.204110000000000180e-01 1.993476631270002519e-02 1.799453185198788760e-02 1.993476631270002519e-02 1.619040000000000201e-01 1.697834566127224068e-02 1.799453185198788760e-02 1.697834566127224415e-02 8.681100000000001315e-02
1.204110000000000180e-01 2.990223204368942789e-02 2.281970737632155535e-02 2.990223204368942789e-02 1.619040000000000201e-01 2.279079234926397954e-02 2.281970737632155535e-02 2.279079234926398301e-02 8.681100000000001315e-02
1.204110000000000180e-01 3.277671773664076610e-02 2.783658306043871461e-02 3.277671773664076610e-02 1.619040000000000201e-01 2.550217581309395520e-02 2.783658306043871461e-02 2.550217581309395867e-02 8.681100000000001315e-02
1.204110000000000180e-01 4.456129233281536095e-02 3.096812423991118432e-02 4.456129233281536095e-02 1.619040000000000201e-01 3.003432838252849402e-02 3.096812423991118432e-02 3.003432838252849749e-02 8.681100000000001315e-02
1.204110000000000180e-01 5.076324307123890323e-02 3.707912732853633347e-02 5.076324307123890323e-02 1.619040000000000201e-01 3.816646927944940954e-02 3.707912732853633347e-02 3.816646927944941647e-02 8.681100000000001315e-02
1.204110000000000180e-01 5.360557862115455929e-02 4.205249030995890369e-02 5.360557862115455929e-02 1.619040000000000201e-01 4.431311147013826390e-02 4.205249030995890369e-02 4.431311147013827084e-02 8.681100000000001315e-02
1.204110000000000180e-01 6.280349146264932458e-02 4.625022037494116306e-02 6.280349146264932458e-02 1.619040000000000201e-01 4.823958904366797834e-02 4.625022037494116306e-02 4.823958904366798528e-02 8.681100000000001315e-02
1.204110000000000180e-01 6.734720104992504564e-02 5.117727086769170014e-02 6.734720104992504564e-02 1.619040000000000201e-01 4.973174117973145486e-02 5.117727086769170014e-02 4.973174117973146180e-02 8.681100000000001315e-02
1.204110000000000180e-01 7.370607678358201409e-02 5.303099528708734439e-02 7.370607678358201409e-02 1.619040000000000201e-01 5.743286254253852224e-02 5.303099528708734439e-02 5.743286254253852918e-02 8.681100000000001315e-02
1.204110000000000180e-01 8.396079740154821502e-02 6.069536114172163072e-02 8.396079740154821502e-02 1.619040000000000201e-01 6.043455816829008259e-02 6.069536114172163072e-02 6.043455816829009647e-02 8.681100000000001315e-02
1.204110000000000180e-01 9.086040183118186675e-02 6.595478115674263675e-02 9.086040183118186675e-02 1.619040000000000201e-01 6.669329973690615865e-02 6.595478115674263675e-02 6.669329973690617253e-02 8.681100000000001315e-02
1.204110000000000180e-01 9.472812378998639316e-02 6.889900966244281999e-02 9.472812378998639316e-02 1.619040000000000201e-01 7.146709349822615021e-02 6.889900966244281999e-02 7.146709349822616408e-02 8.681100000000001315e-02
1.204110000000000180e-01 9.987414494751420402e-02 7.476966410911942140e-02 9.987414494751420402e-02 1.619040000000000201e-01 7.930761851307890908e-02 7.476966410911942140e-02 7.930761851307892296e-02 8.681100000000001315e-02
1.204110000000000180e-01 1.092576193717036959e-01 7.908869929398650023e-02 1.092576193717036959e-01 1.619040000000000201e-01 8.053511570002974684e-02 7.908869929398650023e-02 8.053511570002976072e-02 8.681100000000001315e-02
1.204110000000000180e-01 1.147648670460431480e-01 8.335909744537535471e-02 1.147648670460431480e-01 1.619040000000000201e-01 8.751608071434047176e-02 8.335909744537535471e-02 8.751608071434048564e-02 8.681100000000001315e-02
1.204110000000000180e-01 1.229764107735581424e-01 8.888312991228093651e-02 1.229764107735581424e-01 1.619040000000000201e-01 9.185417071420412527e-02 8.888312991228093651e-02 9.185417071420413915e-02 8.681100000000001315e-02
1.204110000000000180e-01 1.242880000000000235e-01 8.968900000000000483e-02 1.242880000000000235e-01 1.619040000000000201e-01 9.431200000000000694e-02 8.968900000000000483e-02 9.431200000000002082e-02 8.681100000000001315e-02
c: 
2.656000000000000139e+00
1.862000000000000099e+00
1.100000000000000089e+00
