CDF: 
2.899999999999999800e-01 2.999999999999999889e-01 3.699999999999999956e-01 1.000000000000000000e+00
5.200000000000000178e-01 5.600000000000000533e-01 6.400000000000000133e-01 1.000000000000000000e+00
8.000000000000000167e-02 1.100000000000000006e-01 5.899999999999999689e-01 1.000000000000000000e+00
sigma: 
2.112959999999999838e-01 3.207820920052545225e-04 1.323321536540719755e-03 3.207820920052544683e-04 2.170560000000000267e-01 2.630667340356091129e-03 1.323321536540719755e-03 2.630667340356091562e-03 1.432509999999999895e-01
2.112959999999999838e-01 9.467359710635496473e-03 8.591721086691161274e-03 9.467359710635494738e-03 2.170560000000000267e-01 8.910090998759629538e-03 8.591721086691161274e-03 8.910090998759631273e-03 1.432509999999999895e-01
2.112959999999999838e-01 1.437665077408986289e-02 1.813812635390925007e-02 1.437665077408985942e-02 2.170560000000000267e-01 2.113480656729156693e-02 1.813812635390925007e-02 2.113480656729157039e-02 1.432509999999999895e-01
2.112959999999999838e-01 2.304873632012764337e-02 1.906478191032983521e-02 2.304873632012763990e-02 2.170560000000000267e-01 3.340340976157949587e-02 1.906478191032983521e-02 3.340340976157949587e-02 1.432509999999999895e-01
2.112959999999999838e-01 3.380368777880642800e-02 3.061618491307314602e-02 3.380368777880642106e-02 2.170560000000000267e-01 3.977177213142410461e-02 3.061618491307314602e-02 3.977177213142410461e-02 1.432509999999999895e-01
2.112959999999999838e-01 4.001231443913056546e-02 3.757087286145863181e-02 4.001231443913055852e-02 2.170560000000000267e-01 4.349896269118485453e-02 3.757087286145863181e-02 4.349896269118486147e-02 1.432509999999999895e-01
2.112959999999999838e-01 4.457338988106401834e-02 3.934278381629207483e-02 4.457338988106401140e-02 2.170560000000000267e-01 5.506963013734499784e-02 3.934278381629207483e-02 5.506963013734501172e-02 1.432509999999999895e-01
2.112959999999999838e-01 5.137686715187141095e-02 4.988110458584998907e-02 5.137686715187140402e-02 2.170560000000000267e-01 6.240029611996985442e-02 4.988110458584998907e-02 6.240029611996986136e-02 1.432509999999999895e-01
2.112959999999999838e-01 5.759221942787172421e-02 5.136117807246805278e-02 5.759221942787171034e-02 2.170560000000000267e-01 7.010523703813945073e-02 5.136117807246805278e-02 7.010523703813945073e-02 1.432509999999999895e-01
2.112959999999999838e-01 6.992247636404046174e-02 6.154523861453618794e-02 6.992247636404044786e-02 2.170560000000000267e-01 8.164010189649005544e-02 6.154523861453618794e-02 8.164010189649006932e-02 1.432509999999999895e-01
2.112959999999999838e-01 7.715563285241340552e-02 6.597947715613708408e-02 7.715563285241339164e-02 2.170560000000000267e-01 9.250264633738536357e-02 6.597947715613708408e-02 9.250264633738537745e-02 1.432509999999999895e-01
2.112959999999999838e-01 8.360964440022261579e-02 7.369339316173409427e-02 8.360964440022258803e-02 2.170560000000000267e-01 9.911863077714658243e-02 7.369339316173409427e-02 9.911863077714659631e-02 1.432509999999999895e-01
2.112959999999999838e-01 8.893368909751050988e-02 7.875717660858182201e-02 8.893368909751049600e-02 2.170560000000000267e-01 1.050065512592698730e-01 7.875717660858182201e-02 1.050065512592699007e-01 1.432509999999999895e-01
2.112959999999999838e-01 9.853610619661133663e-02 8.352350044921875993e-02 9.853610619661130887e-02 2.170560000000000267e-01 1.162073616596548120e-01 8.352350044921875993e-02 1.162073616596548259e-01 1.432509999999999895e-01
2.112959999999999838e-01 1.013754795359471939e-01 9.182546871323146731e-02 1.013754795359471661e-01 2.170560000000000267e-01 1.250916301163065292e-01 9.182546871323146731e-02 1.250916301163065569e-01 1.432509999999999895e-01
2.112959999999999838e-01 1.086183253710856916e-01 9.791788381347518722e-02 1.086183253710856639e-01 2.170560000000000267e-01 1.343470156349991784e-01 9.791788381347518722e-02 1.343470156349991784e-01 1.432509999999999895e-01
2.112959999999999838e-01 1.151513321286289360e-01 1.013901316789017626e-01 1.151513321286289221e-01 2.170560000000000267e-01 1.416049646905226944e-01 1.013901316789017626e-01 1.416049646905227222e-01 1.432509999999999895e-01
2.112959999999999838e-01 1.215396955934554685e-01 1.115695750162399302e-01 1.215396955934554407e-01 2.170560000000000267e-01 1.460862680929698731e-01 1.115695750162399302e-01 1.460862680929699009e-01 1.432509999999999895e-01
2.112959999999999838e-01 1.304619081116502322e-01 1.157749790868528583e-01 1.304619081116502044e-01 2.170560000000000267e-01 1.603606967074588385e-01 1.157749790868528583e-01 1.603606967074588663e-01 1.432509999999999895e-01
2.112959999999999838e-01 1.350240000000000329e-01 1.194359999999999866e-01 1.350240000000000051e-01 2.170560000000000267e-01 1.627839999999999843e-01 1.194359999999999866e-01 1.627840000000000120e-01 1.432509999999999895e-01
c: 
2.225999999999999979e+00
2.998000000000000220e+00
1.707000000000000073e+00
