CDF: 
5.500000000000000444e-01 5.899999999999999689e-01 8.199999999999999512e-01 1.000000000000000000e+00
1.900000000000000022e-01 5.799999999999999600e-01 6.600000000000000311e-01 1.000000000000000000e+00
3.400000000000000244e-01 4.500000000000000111e-01 5.300000000000000266e-01 1.000000000000000000e+00
sigma: 
1.370909999999999906e-01 2.744692143840158065e-03 4.367604364186453321e-03 2.744692143840158065e-03 1.886909999999999976e-01 1.162068846970032345e-03 4.367604364186453321e-03 1.162068846970032562e-03 2.232750000000000012e-01
1.370909999999999906e-01 1.125819903711925730e-02 1.258494275413905503e-02 1.125819903711925730e-02 1.886909999999999976e-01 1.475069527703530906e-02 1.258494275413905503e-02 1.475069527703531079e-02 2.232750000000000012e-01
1.370909999999999906e-01 1.560338551376463066e-02 1.325496317642785825e-02 1.560338551376463066e-02 1.886909999999999976e-01 2.198501018086127662e-02 1.325496317642785825e-02 2.198501018086128356e-02 2.232750000000000012e-01
1.370909999999999906e-01 2.452701953281200345e-02 2.515922158738124678e-02 2.452701953281200345e-02 1.886909999999999976e-01 2.720068293693181025e-02 2.515922158738124678e-02 2.720068293693181372e-02 2.232750000000000012e-01
1.370909999999999906e-01 3.192520750652778211e-02 3.093000642009782752e-02 3.192520750652778211e-02 1.886909999999999976e-01 3.901757032362442729e-02 3.093000642009782752e-02 3.901757032362443423e-02 2.232750000000000012e-01
1.370909999999999906e-01 3.623587750316295542e-02 3.707828960065981394e-02 3.623587750316295542e-02 1.886909999999999976e-01 4.754298785778172942e-02 3.707828960065981394e-02 4.754298785778173636e-02 2.232750000000000012e-01
1.370909999999999906e-01 4.325632601671067223e-02 4.271299255846122689e-02 4.325632601671067223e-02 1.886909999999999976e-01 5.871661081524125886e-02 4.271299255846122689e-02 5.871661081524126580e-02 2.232750000000000012e-01
1.370909999999999906e-01 5.106328168059128675e-02 5.054521294950210797e-02 5.106328168059128675e-02 1.886909999999999976e-01 6.559895254950930121e-02 5.054521294950210797e-02 6.559895254950931509e-02 2.232750000000000012e-01
1.370909999999999906e-01 5.880739979824008146e-02 5.284761517505224410e-02 5.880739979824008146e-02 1.886909999999999976e-01 7.874054561378268646e-02 5.284761517505224410e-02 7.874054561378270034e-02 2.232750000000000012e-01
1.370909999999999906e-01 6.348767534467922302e-02 6.531902757431126694e-02 6.348767534467922302e-02 1.886909999999999976e-01 8.401044835318847992e-02 6.531902757431126694e-02 8.401044835318849380e-02 2.232750000000000012e-01
1.370909999999999906e-01 7.160676697850466843e-02 7.166967937897203433e-02 7.160676697850466843e-02 1.886909999999999976e-01 9.753764655291696783e-02 7.166967937897203433e-02 9.753764655291698171e-02 2.232750000000000012e-01
1.370909999999999906e-01 7.761262348653957810e-02 7.762414699552007413e-02 7.761262348653957810e-02 1.886909999999999976e-01 1.026145742065573269e-01 7.762414699552007413e-02 1.026145742065573546e-01 2.232750000000000012e-01
1.370909999999999906e-01 9.046817077323818235e-02 8.039163606753108038e-02 9.046817077323818235e-02 1.886909999999999976e-01 1.109668419348483898e-01 8.039163606753108038e-02 1.109668419348484036e-01 2.232750000000000012e-01
1.370909999999999906e-01 9.425783535283017989e-02 8.900752785749438400e-02 9.425783535283017989e-02 1.886909999999999976e-01 1.217910864319513425e-01 8.900752785749438400e-02 1.217910864319513703e-01 2.232750000000000012e-01
1.370909999999999906e-01 1.006186270259325083e-01 9.715401351837268940e-02 1.006186270259325083e-01 1.886909999999999976e-01 1.285662570497501933e-01 9.715401351837268940e-02 1.285662570497502211e-01 2.232750000000000012e-01
1.370909999999999906e-01 1.074679404778069725e-01 1.009754834447622041e-01 1.074679404778069725e-01 1.886909999999999976e-01 1.398379335047414962e-01 1.009754834447622041e-01 1.398379335047414962e-01 2.232750000000000012e-01
1.370909999999999906e-01 1.170194433233827380e-01 1.077327031237001048e-01 1.170194433233827380e-01 1.886909999999999976e-01 1.430360254961378363e-01 1.077327031237001048e-01 1.430360254961378641e-01 2.232750000000000012e-01
1.370909999999999906e-01 1.238295562665763794e-01 1.177908653660524191e-01 1.238295562665763794e-01 1.886909999999999976e-01 1.514528015114475212e-01 1.177908653660524191e-01 1.514528015114475490e-01 2.232750000000000012e-01
1.370909999999999906e-01 1.269540400729858021e-01 1.201784702837472157e-01 1.269540400729858021e-01 1.886909999999999976e-01 1.620341315735934484e-01 1.201784702837472157e-01 1.620341315735934762e-01 2.232750000000000012e-01
1.370909999999999906e-01 1.329410000000000036e-01 1.252350000000000130e-01 1.329410000000000036e-01 1.886909999999999976e-01 1.689849999999999686e-01 1.252350000000000130e-01 1.689849999999999963e-01 2.232750000000000012e-01
c: 
1.235000000000000098e+00
1.566000000000000059e+00
1.875999999999999890e+00
