CDF: 
1.400000000000000133e-01 2.600000000000000089e-01 6.400000000000000133e-01 1.000000000000000000e+00
2.399999999999999911e-01 3.800000000000000044e-01 4.500000000000000111e-01 1.000000000000000000e+00
1.100000000000000006e-01 2.300000000000000100e-01 6.800000000000000488e-01 1.000000000000000000e+00
sigma: 
1.383039999999999825e-01 3.386082862982560740e-03 4.006554228570224224e-03 3.386082862982560740e-03 1.995640000000000192e-01 4.125258780872815764e-03 4.006554228570224224e-03 4.125258780872814897e-03 1.222239999999999716e-01
1.383039999999999825e-01 1.207880083013009379e-02 1.059647273764666858e-02 1.207880083013009379e-02 1.995640000000000192e-01 7.926028327646222546e-03 1.059647273764666858e-02 7.926028327646222546e-03 1.222239999999999716e-01
1.383039999999999825e-01 1.535036099214060097e-02 1.627113366912456491e-02 1.535036099214060097e-02 1.995640000000000192e-01 1.568571549539726079e-02 1.627113366912456491e-02 1.568571549539725732e-02 1.222239999999999716e-01
1.383039999999999825e-01 2.668548265237691286e-02 1.947891333701473257e-02 2.668548265237691286e-02 1.995640000000000192e-01 2.444575012345878359e-02 1.947891333701473257e-02 2.444575012345878012e-02 1.222239999999999716e-01
1.383039999999999825e-01 3.485981950347830788e-02 3.150813166502611923e-02 3.485981950347830788e-02 1.995640000000000192e-01 2.839737791312119813e-02 3.150813166502611923e-02 2.839737791312119466e-02 1.222239999999999716e-01
1.383039999999999825e-01 3.991753910730003879e-02 3.488550832145814740e-02 3.991753910730003879e-02 1.995640000000000192e-01 3.106240166204883926e-02 3.488550832145814740e-02 3.106240166204883579e-02 1.222239999999999716e-01
1.383039999999999825e-01 4.523028452145522182e-02 4.353405899438534538e-02 4.523028452145522182e-02 1.995640000000000192e-01 3.930341310836173857e-02 4.353405899438534538e-02 3.930341310836173857e-02 1.222239999999999716e-01
1.383039999999999825e-01 4.927132935825114662e-02 4.815088046278928613e-02 4.927132935825114662e-02 1.995640000000000192e-01 4.469115307943567067e-02 4.815088046278928613e-02 4.469115307943566373e-02 1.222239999999999716e-01
1.383039999999999825e-01 5.966947266561439811e-02 5.444829974850617926e-02 5.966947266561439811e-02 1.995640000000000192e-01 5.393973822857311279e-02 5.444829974850617926e-02 5.393973822857310585e-02 1.222239999999999716e-01
1.383039999999999825e-01 6.949714340637951071e-02 5.928801114008924733e-02 6.949714340637951071e-02 1.995640000000000192e-01 5.581575538491616306e-02 5.928801114008924733e-02 5.581575538491615612e-02 1.222239999999999716e-01
1.383039999999999825e-01 7.258641624315369245e-02 6.865931723166503187e-02 7.258641624315369245e-02 1.995640000000000192e-01 6.533958202407574856e-02 6.865931723166503187e-02 6.533958202407573468e-02 1.222239999999999716e-01
1.383039999999999825e-01 8.336117597590167461e-02 7.583030579007390970e-02 8.336117597590167461e-02 1.995640000000000192e-01 6.914723918876225506e-02 7.583030579007390970e-02 6.914723918876224118e-02 1.222239999999999716e-01
1.383039999999999825e-01 8.923344135083709217e-02 7.876918912965523434e-02 8.923344135083709217e-02 1.995640000000000192e-01 7.762591591123002566e-02 7.876918912965523434e-02 7.762591591123001178e-02 1.222239999999999716e-01
1.383039999999999825e-01 9.432526830038194532e-02 8.578391175055014028e-02 9.432526830038194532e-02 1.995640000000000192e-01 8.278778257078481251e-02 8.578391175055014028e-02 8.278778257078479863e-02 1.222239999999999716e-01
1.383039999999999825e-01 1.008394098553153928e-01 9.288845951670290924e-02 1.008394098553153928e-01 1.995640000000000192e-01 8.743230938876453417e-02 9.288845951670290924e-02 8.743230938876452030e-02 1.222239999999999716e-01
1.383039999999999825e-01 1.096481693825936271e-01 9.919527310322968916e-02 1.096481693825936271e-01 1.995640000000000192e-01 9.434556776064040307e-02 9.919527310322968916e-02 9.434556776064038919e-02 1.222239999999999716e-01
1.383039999999999825e-01 1.121891978937118728e-01 1.047208036034158601e-01 1.121891978937118728e-01 1.995640000000000192e-01 1.013076696758854339e-01 1.047208036034158601e-01 1.013076696758854200e-01 1.222239999999999716e-01
1.383039999999999825e-01 1.248985645963423263e-01 1.091997057172799657e-01 1.248985645963423263e-01 1.995640000000000192e-01 1.082687662275094304e-01 1.091997057172799657e-01 1.082687662275094165e-01 1.222239999999999716e-01
1.383039999999999825e-01 1.264955985046894438e-01 1.194364022502191341e-01 1.264955985046894438e-01 1.995640000000000192e-01 1.123953359009393915e-01 1.194364022502191341e-01 1.123953359009393776e-01 1.222239999999999716e-01
1.383039999999999825e-01 1.327839999999999854e-01 1.219359999999999888e-01 1.327839999999999854e-01 1.995640000000000192e-01 1.168560000000000015e-01 1.219359999999999888e-01 1.168559999999999877e-01 1.222239999999999716e-01
c: 
1.556000000000000050e+00
1.830999999999999961e+00
1.455000000000000071e+00
