CDF: 
5.100000000000000089e-01 5.999999999999999778e-01 6.600000000000000311e-01 1.000000000000000000e+00
7.199999999999999734e-01 7.700000000000000178e-01 7.800000000000000266e-01 1.000000000000000000e+00
1.199999999999999956e-01 3.400000000000000244e-01 7.399999999999999911e-01 1.000000000000000000e+00
sigma: 
2.116109999999999935e-01 7.436353357019799722e-03 1.417506039624108916e-03 7.436353357019801456e-03 1.694160000000000110e-01 3.694674200799770696e-03 1.417506039624108916e-03 3.694674200799770696e-03 1.365959999999999952e-01
2.116109999999999935e-01 1.206625035675023064e-02 1.452224714346531977e-02 1.206625035675023237e-02 1.694160000000000110e-01 1.028446469225116448e-02 1.452224714346531977e-02 1.028446469225116448e-02 1.365959999999999952e-01
2.116109999999999935e-01 2.073681817837305305e-02 1.662574008100851583e-02 2.073681817837305652e-02 1.694160000000000110e-01 1.765324091501909928e-02 1.662574008100851583e-02 1.765324091501909928e-02 1.365959999999999952e-01
2.116109999999999935e-01 2.507827990384978167e-02 2.446261758665762773e-02 2.507827990384978514e-02 1.694160000000000110e-01 2.518403133142864403e-02 2.446261758665762773e-02 2.518403133142864403e-02 1.365959999999999952e-01
2.116109999999999935e-01 3.337272232905484637e-02 3.740116882558662537e-02 3.337272232905485331e-02 1.694160000000000110e-01 3.256605894414480590e-02 3.740116882558662537e-02 3.256605894414480590e-02 1.365959999999999952e-01
2.116109999999999935e-01 4.092307681008485604e-02 4.184528882529654076e-02 4.092307681008486298e-02 1.694160000000000110e-01 4.203643547153991522e-02 4.184528882529654076e-02 4.203643547153991522e-02 1.365959999999999952e-01
2.116109999999999935e-01 4.799374337577320265e-02 4.783680047729409884e-02 4.799374337577321653e-02 1.694160000000000110e-01 4.929174267140874061e-02 4.783680047729409884e-02 4.929174267140874061e-02 1.365959999999999952e-01
2.116109999999999935e-01 5.726195221941081381e-02 5.630190661313332068e-02 5.726195221941082075e-02 1.694160000000000110e-01 5.256644073357315955e-02 5.630190661313332068e-02 5.256644073357315955e-02 1.365959999999999952e-01
2.116109999999999935e-01 6.794076993278629073e-02 6.400512273275836550e-02 6.794076993278630461e-02 1.694160000000000110e-01 5.946682937272571717e-02 6.400512273275836550e-02 5.946682937272571717e-02 1.365959999999999952e-01
2.116109999999999935e-01 7.533395274455335910e-02 7.220610740689605012e-02 7.533395274455337298e-02 1.694160000000000110e-01 6.954631125871987840e-02 7.220610740689605012e-02 6.954631125871987840e-02 1.365959999999999952e-01
2.116109999999999935e-01 8.097660658973614145e-02 7.980748677135912628e-02 8.097660658973615533e-02 1.694160000000000110e-01 7.485914551582230347e-02 7.980748677135912628e-02 7.485914551582230347e-02 1.365959999999999952e-01
2.116109999999999935e-01 8.403446454674190491e-02 9.063604705532339600e-02 8.403446454674191879e-02 1.694160000000000110e-01 8.333525275852955716e-02 9.063604705532339600e-02 8.333525275852955716e-02 1.365959999999999952e-01
2.116109999999999935e-01 9.165475676003108363e-02 9.230762922215762778e-02 9.165475676003109751e-02 1.694160000000000110e-01 8.884223974981905747e-02 9.230762922215762778e-02 8.884223974981905747e-02 1.365959999999999952e-01
2.116109999999999935e-01 1.005926245987320555e-01 1.015997064730111282e-01 1.005926245987320694e-01 1.694160000000000110e-01 9.274180867338431555e-02 1.015997064730111282e-01 9.274180867338431555e-02 1.365959999999999952e-01
2.116109999999999935e-01 1.122638692180801534e-01 1.116853067658945958e-01 1.122638692180801812e-01 1.694160000000000110e-01 1.037483059829562432e-01 1.116853067658945958e-01 1.037483059829562432e-01 1.365959999999999952e-01
2.116109999999999935e-01 1.197897602231220854e-01 1.157220322462571976e-01 1.197897602231220993e-01 1.694160000000000110e-01 1.118712754116769903e-01 1.157220322462571976e-01 1.118712754116769903e-01 1.365959999999999952e-01
2.116109999999999935e-01 1.251310582245951375e-01 1.287705387162953741e-01 1.251310582245951653e-01 1.694160000000000110e-01 1.174697188654380137e-01 1.287705387162953741e-01 1.174697188654380137e-01 1.365959999999999952e-01
2.116109999999999935e-01 1.300467509436289415e-01 1.322397644120328619e-01 1.300467509436289693e-01 1.694160000000000110e-01 1.236473175732468871e-01 1.322397644120328619e-01 1.236473175732468871e-01 1.365959999999999952e-01
2.116109999999999935e-01 1.379564501574071511e-01 1.422833416863029388e-01 1.379564501574071789e-01 1.694160000000000110e-01 1.326886488872370817e-01 1.422833416863029388e-01 1.326886488872370817e-01 1.365959999999999952e-01
2.116109999999999935e-01 1.443240000000000078e-01 1.445660000000000001e-01 1.443240000000000356e-01 1.694160000000000110e-01 1.349440000000000084e-01 1.445660000000000001e-01 1.349440000000000084e-01 1.365959999999999952e-01
c: 
1.719000000000000083e+00
2.431000000000000050e+00
1.830999999999999961e+00
