CDF: 
1.700000000000000122e-01 2.600000000000000089e-01 5.999999999999999778e-01 1.000000000000000000e+00
1.000000000000000056e-01 4.199999999999999845e-01 5.500000000000000444e-01 1.000000000000000000e+00
3.200000000000000067e-01 5.000000000000000000e-01 7.399999999999999911e-01 1.000000000000000000e+00
sigma: 
1.703790000000000027e-01 2.812143456892084517e-03 1.934906655237268649e-03 2.812143456892084083e-03 1.934590000000000198e-01 3.522503096861807816e-03 1.934906655237268649e-03 3.522503096861808684e-03 1.609000000000000152e-01
1.703790000000000027e-01 1.426061933971887151e-02 8.725351921916070508e-03 1.426061933971886977e-02 1.934590000000000198e-01 8.560656389354045354e-03 8.725351921916070508e-03 8.560656389354047088e-03 1.609000000000000152e-01
1.703790000000000027e-01 1.970811999684973781e-02 1.541879146527320131e-02 1.970811999684973434e-02 1.934590000000000198e-01 1.910785603961150103e-02 1.541879146527320131e-02 1.910785603961150450e-02 1.609000000000000152e-01
1.703790000000000027e-01 2.765560751047963992e-02 2.512705123590128209e-02 2.765560751047963645e-02 1.934590000000000198e-01 2.896098888891844580e-02 2.512705123590128209e-02 2.896098888891844927e-02 1.609000000000000152e-01
1.703790000000000027e-01 3.690703802636242925e-02 3.016593934979533084e-02 3.690703802636242231e-02 1.934590000000000198e-01 3.467513941721300091e-02 3.016593934979533084e-02 3.467513941721300785e-02 1.609000000000000152e-01
1.703790000000000027e-01 4.913882914870381508e-02 4.295923645349236653e-02 4.913882914870380814e-02 1.934590000000000198e-01 4.076877068929044001e-02 4.295923645349236653e-02 4.076877068929045389e-02 1.609000000000000152e-01
1.703790000000000027e-01 5.291263022534629934e-02 4.772820232299411491e-02 5.291263022534629240e-02 1.934590000000000198e-01 5.142848905882287103e-02 4.772820232299411491e-02 5.142848905882287797e-02 1.609000000000000152e-01
1.703790000000000027e-01 6.657751844549801568e-02 5.773304411651077050e-02 6.657751844549800180e-02 1.934590000000000198e-01 5.789850002214767810e-02 5.773304411651077050e-02 5.789850002214769198e-02 1.609000000000000152e-01
1.703790000000000027e-01 7.657091346128271081e-02 5.925517822203114210e-02 7.657091346128269693e-02 1.934590000000000198e-01 6.611332476482655041e-02 5.925517822203114210e-02 6.611332476482656428e-02 1.609000000000000152e-01
1.703790000000000027e-01 8.113999365279968290e-02 6.575643313223467068e-02 8.113999365279966902e-02 1.934590000000000198e-01 6.929345420049939919e-02 6.575643313223467068e-02 6.929345420049941306e-02 1.609000000000000152e-01
1.703790000000000027e-01 9.469283399362971032e-02 7.896743192308650072e-02 9.469283399362968257e-02 1.934590000000000198e-01 8.038844267315468917e-02 7.896743192308650072e-02 8.038844267315470304e-02 1.609000000000000152e-01
1.703790000000000027e-01 9.856690351863532651e-02 8.483711511714966957e-02 9.856690351863531263e-02 1.934590000000000198e-01 8.631435402470723217e-02 8.483711511714966957e-02 8.631435402470724605e-02 1.609000000000000152e-01
1.703790000000000027e-01 1.062588609630981257e-01 9.135809860391097548e-02 1.062588609630981118e-01 1.934590000000000198e-01 9.041310675424614474e-02 9.135809860391097548e-02 9.041310675424615861e-02 1.609000000000000152e-01
1.703790000000000027e-01 1.191029060499238235e-01 9.503107362401780334e-02 1.191029060499238096e-01 1.934590000000000198e-01 1.032129189061729430e-01 9.503107362401780334e-02 1.032129189061729568e-01 1.609000000000000152e-01
1.703790000000000027e-01 1.263459741310516415e-01 1.079792939496943827e-01 1.263459741310516138e-01 1.934590000000000198e-01 1.112385676422604081e-01 1.079792939496943827e-01 1.112385676422604358e-01 1.609000000000000152e-01
1.703790000000000027e-01 1.355344915923373528e-01 1.093667683991903922e-01 1.355344915923373528e-01 1.934590000000000198e-01 1.149258730349088653e-01 1.093667683991903922e-01 1.149258730349088931e-01 1.609000000000000152e-01
1.703790000000000027e-01 1.419612843888279907e-01 1.170227096867188649e-01 1.419612843888279630e-01 1.934590000000000198e-01 1.248071844211431358e-01 1.170227096867188649e-01 1.248071844211431636e-01 1.609000000000000152e-01
1.703790000000000027e-01 1.516887864406648856e-01 1.255473578943086255e-01 1.516887864406648578e-01 1.934590000000000198e-01 1.341497122803711750e-01 1.255473578943086255e-01 1.341497122803712028e-01 1.609000000000000152e-01
1.703790000000000027e-01 1.597636977984116524e-01 1.306223042822085845e-01 1.597636977984116247e-01 1.934590000000000198e-01 1.373428632580126485e-01 1.306223042822085845e-01 1.373428632580126763e-01 1.609000000000000152e-01
1.703790000000000027e-01 1.661690000000000389e-01 1.375500000000000056e-01 1.661690000000000111e-01 1.934590000000000198e-01 1.425499999999999823e-01 1.375500000000000056e-01 1.425500000000000100e-01 1.609000000000000152e-01
c: 
1.935999999999999943e+00
1.550999999999999934e+00
1.532000000000000028e+00
