CDF: 
1.600000000000000033e-01 1.700000000000000122e-01 5.400000000000000355e-01 1.000000000000000000e+00
2.500000000000000000e-01 4.799999999999999822e-01 8.299999999999999600e-01 1.000000000000000000e+00
2.999999999999999889e-01 6.300000000000000044e-01 8.199999999999999512e-01 1.000000000000000000e+00
sigma: 
1.474999999999999922e-01 1.550113244895877547e-03 3.371044139808304380e-03 1.550113244895877330e-03 1.084640000000000049e-01 3.471899718378699921e-03 3.371044139808304380e-03 3.471899718378699921e-03 1.199159999999999948e-01
1.474999999999999922e-01 7.281357687916183673e-03 7.409644054760353322e-03 7.281357687916182805e-03 1.084640000000000049e-01 1.112827209292702353e-02 7.409644054760353322e-03 1.112827209292702353e-02 1.199159999999999948e-01
1.474999999999999922e-01 1.334312607302961390e-02 1.404539558218002339e-02 1.334312607302961216e-02 1.084640000000000049e-01 1.636762755606952294e-02 1.404539558218002339e-02 1.636762755606952294e-02 1.199159999999999948e-01
1.474999999999999922e-01 1.771457810871661376e-02 2.023918785108423657e-02 1.771457810871661029e-02 1.084640000000000049e-01 1.899500788601410362e-02 2.023918785108423657e-02 1.899500788601410362e-02 1.199159999999999948e-01
1.474999999999999922e-01 2.146484893013343373e-02 2.261476220007410318e-02 2.146484893013343026e-02 1.084640000000000049e-01 2.559636812793575356e-02 2.261476220007410318e-02 2.559636812793575356e-02 1.199159999999999948e-01
1.474999999999999922e-01 2.561538858331609617e-02 2.762403931265722604e-02 2.561538858331609270e-02 1.084640000000000049e-01 3.198722345626175273e-02 2.762403931265722604e-02 3.198722345626175273e-02 1.199159999999999948e-01
1.474999999999999922e-01 3.505175492853648128e-02 3.311666876598033660e-02 3.505175492853647434e-02 1.084640000000000049e-01 3.568706433754020857e-02 3.311666876598033660e-02 3.568706433754020857e-02 1.199159999999999948e-01
1.474999999999999922e-01 3.594523755500732970e-02 3.702059136704942410e-02 3.594523755500732276e-02 1.084640000000000049e-01 4.080787776235542119e-02 3.702059136704942410e-02 4.080787776235542119e-02 1.199159999999999948e-01
1.474999999999999922e-01 4.525122427295372868e-02 4.302371325119831030e-02 4.525122427295372174e-02 1.084640000000000049e-01 5.024537365415769619e-02 4.302371325119831030e-02 5.024537365415769619e-02 1.199159999999999948e-01
1.474999999999999922e-01 4.737371914604998624e-02 4.784372918140723102e-02 4.737371914604997930e-02 1.084640000000000049e-01 5.240140045739952179e-02 4.784372918140723102e-02 5.240140045739952179e-02 1.199159999999999948e-01
1.474999999999999922e-01 5.448651165371209970e-02 5.526317543784829006e-02 5.448651165371208582e-02 1.084640000000000049e-01 5.790741328347245864e-02 5.526317543784829006e-02 5.790741328347245864e-02 1.199159999999999948e-01
1.474999999999999922e-01 5.705401419329816232e-02 5.730122480542328839e-02 5.705401419329815538e-02 1.084640000000000049e-01 6.817119874755785125e-02 5.730122480542328839e-02 6.817119874755785125e-02 1.199159999999999948e-01
1.474999999999999922e-01 6.578876312412833272e-02 6.273539535171228365e-02 6.578876312412831884e-02 1.084640000000000049e-01 6.914778160897518122e-02 6.273539535171228365e-02 6.914778160897518122e-02 1.199159999999999948e-01
1.474999999999999922e-01 6.669559135518653148e-02 7.014182657571260693e-02 6.669559135518651760e-02 1.084640000000000049e-01 7.841223998248783578e-02 7.014182657571260693e-02 7.841223998248783578e-02 1.199159999999999948e-01
1.474999999999999922e-01 7.248509991947198194e-02 7.612536605488134933e-02 7.248509991947196807e-02 1.084640000000000049e-01 8.165894085147368253e-02 7.612536605488134933e-02 8.165894085147368253e-02 1.199159999999999948e-01
1.474999999999999922e-01 7.949720597970894032e-02 7.694632424067375520e-02 7.949720597970892644e-02 1.084640000000000049e-01 8.660306858288295551e-02 7.694632424067375520e-02 8.660306858288295551e-02 1.199159999999999948e-01
1.474999999999999922e-01 8.287554669312895139e-02 8.273421696647190182e-02 8.287554669312893751e-02 1.084640000000000049e-01 9.468226428160997354e-02 8.273421696647190182e-02 9.468226428160997354e-02 1.199159999999999948e-01
1.474999999999999922e-01 8.944481312414997998e-02 8.795527910682059136e-02 8.944481312414996610e-02 1.084640000000000049e-01 1.011419319973457520e-01 8.795527910682059136e-02 1.011419319973457520e-01 1.199159999999999948e-01
1.474999999999999922e-01 9.583153462118243482e-02 9.327050706043396588e-02 9.583153462118242094e-02 1.084640000000000049e-01 1.058227379519819378e-01 9.327050706043396588e-02 1.058227379519819378e-01 1.199159999999999948e-01
1.474999999999999922e-01 9.684000000000000941e-02 9.678000000000000491e-02 9.683999999999999553e-02 1.084640000000000049e-01 1.089679999999999815e-01 9.678000000000000491e-02 1.089679999999999815e-01 1.199159999999999948e-01
c: 
1.493999999999999995e+00
2.930000000000000160e+00
2.222999999999999865e+00
