CDF: 
3.900000000000000133e-01 5.100000000000000089e-01 9.200000000000000400e-01 1.000000000000000000e+00
4.699999999999999734e-01 5.600000000000000533e-01 5.899999999999999689e-01 1.000000000000000000e+00
2.999999999999999889e-01 3.099999999999999978e-01 8.299999999999999600e-01 1.000000000000000000e+00
sigma: 
7.187499999999999445e-02 1.911673373834426432e-04 1.570893018049725632e-03 1.911673373834426703e-04 2.304160000000000097e-01 1.690349380764950176e-04 1.570893018049725849e-03 1.690349380764949905e-04 1.099710000000000132e-01
7.187499999999999445e-02 7.391298382112135475e-03 4.082898095582675191e-03 7.391298382112137209e-03 2.304160000000000097e-01 6.302268753491068777e-03 4.082898095582676058e-03 6.302268753491067910e-03 1.099710000000000132e-01
7.187499999999999445e-02 1.300840359513553979e-02 1.046341898509288090e-02 1.300840359513554152e-02 2.304160000000000097e-01 1.190397726066585830e-02 1.046341898509288264e-02 1.190397726066585657e-02 1.099710000000000132e-01
7.187499999999999445e-02 1.784690547959339249e-02 1.378416208938744968e-02 1.784690547959339596e-02 2.304160000000000097e-01 2.134322017563715021e-02 1.378416208938745141e-02 2.134322017563715021e-02 1.099710000000000132e-01
7.187499999999999445e-02 2.154875697729546555e-02 1.795115210234574446e-02 2.154875697729546902e-02 2.304160000000000097e-01 2.559197331449979476e-02 1.795115210234574793e-02 2.559197331449979129e-02 1.099710000000000132e-01
7.187499999999999445e-02 2.602686836809918816e-02 1.839829127535160327e-02 2.602686836809919163e-02 2.304160000000000097e-01 2.905558642457723231e-02 1.839829127535160674e-02 2.905558642457722884e-02 1.099710000000000132e-01
7.187499999999999445e-02 3.250596704637270101e-02 2.332540132367789606e-02 3.250596704637270795e-02 2.304160000000000097e-01 3.897152701386676077e-02 2.332540132367789953e-02 3.897152701386676077e-02 1.099710000000000132e-01
7.187499999999999445e-02 3.656815211594435094e-02 2.602609720344463418e-02 3.656815211594435788e-02 2.304160000000000097e-01 4.450611774748001320e-02 2.602609720344464111e-02 4.450611774748000626e-02 1.099710000000000132e-01
7.187499999999999445e-02 4.146445098077850000e-02 3.062902045263835027e-02 4.146445098077850694e-02 2.304160000000000097e-01 4.947083985850313920e-02 3.062902045263835721e-02 4.947083985850313226e-02 1.099710000000000132e-01
7.187499999999999445e-02 4.366767515804449717e-02 3.291224340337280813e-02 4.366767515804450411e-02 2.304160000000000097e-01 5.619716263749413576e-02 3.291224340337281506e-02 5.619716263749412882e-02 1.099710000000000132e-01
7.187499999999999445e-02 5.006533049777090599e-02 3.864458234365388684e-02 5.006533049777091293e-02 2.304160000000000097e-01 5.685953712678771393e-02 3.864458234365389377e-02 5.685953712678770700e-02 1.099710000000000132e-01
7.187499999999999445e-02 5.451715970475112805e-02 4.146316493095564271e-02 5.451715970475113499e-02 2.304160000000000097e-01 6.442510152101608989e-02 4.146316493095564965e-02 6.442510152101608989e-02 1.099710000000000132e-01
7.187499999999999445e-02 5.917926674494232431e-02 4.417549501119392985e-02 5.917926674494233125e-02 2.304160000000000097e-01 6.993493817395526890e-02 4.417549501119393679e-02 6.993493817395525503e-02 1.099710000000000132e-01
7.187499999999999445e-02 6.502734572345615638e-02 5.068500155907419008e-02 6.502734572345617026e-02 2.304160000000000097e-01 7.547447975948104459e-02 5.068500155907419702e-02 7.547447975948103072e-02 1.099710000000000132e-01
7.187499999999999445e-02 6.830530913107493718e-02 5.154635364849769613e-02 6.830530913107493718e-02 2.304160000000000097e-01 8.164598146641330323e-02 5.154635364849770307e-02 8.164598146641328935e-02 1.099710000000000132e-01
7.187499999999999445e-02 7.406313922940857553e-02 5.605693147915313812e-02 7.406313922940858940e-02 2.304160000000000097e-01 8.767776195822880869e-02 5.605693147915315200e-02 8.767776195822879481e-02 1.099710000000000132e-01
7.187499999999999445e-02 7.844080171973427662e-02 6.121981763793052367e-02 7.844080171973429050e-02 2.304160000000000097e-01 9.612840701424307799e-02 6.121981763793053755e-02 9.612840701424306411e-02 1.099710000000000132e-01
7.187499999999999445e-02 8.594616880959386751e-02 6.214377767577328876e-02 8.594616880959388139e-02 2.304160000000000097e-01 9.803157152296390620e-02 6.214377767577330264e-02 9.803157152296389232e-02 1.099710000000000132e-01
7.187499999999999445e-02 8.870735903256986299e-02 6.663880462882683375e-02 8.870735903256987687e-02 2.304160000000000097e-01 1.067543986589574306e-01 6.663880462882684763e-02 1.067543986589574168e-01 1.099710000000000132e-01
7.187499999999999445e-02 9.157999999999998086e-02 6.909499999999998976e-02 9.157999999999999474e-02 2.304160000000000097e-01 1.074440000000000117e-01 6.909500000000000364e-02 1.074439999999999978e-01 1.099710000000000132e-01
c: 
2.041999999999999815e+00
2.369000000000000217e+00
2.311999999999999833e+00
