CDF: 
2.899999999999999800e-01 4.000000000000000222e-01 5.200000000000000178e-01 1.000000000000000000e+00
1.700000000000000122e-01 4.199999999999999845e-01 7.099999999999999645e-01 1.000000000000000000e+00
2.099999999999999922e-01 4.699999999999999734e-01 7.700000000000000178e-01 1.000000000000000000e+00
sigma: 
2.011000000000000010e-01 6.096835335352305922e-03 2.105150680302055217e-03 6.096835335352305922e-03 1.384640000000000037e-01 4.856469748965089143e-03 2.105150680302055217e-03 4.856469748965089143e-03 1.267959999999999920e-01
2.011000000000000010e-01 8.936353741147604404e-03 1.308652829619143081e-02 8.936353741147604404e-03 1.384640000000000037e-01 6.637268062521031742e-03 1.308652829619143081e-02 6.637268062521031742e-03 1.267959999999999920e-01
2.011000000000000010e-01 1.765717677756057161e-02 1.501937790331211303e-02 1.765717677756057161e-02 1.384640000000000037e-01 1.643193681331921521e-02 1.501937790331211303e-02 1.643193681331921521e-02 1.267959999999999920e-01
2.011000000000000010e-01 2.591191183335666073e-02 2.386703963338248843e-02 2.591191183335666073e-02 1.384640000000000037e-01 2.382421203310474203e-02 2.386703963338248843e-02 2.382421203310474203e-02 1.267959999999999920e-01
2.011000000000000010e-01 3.077899850470357246e-02 3.124240928875634052e-02 3.077899850470357246e-02 1.384640000000000037e-01 2.751516398762191354e-02 3.124240928875634052e-02 2.751516398762191354e-02 1.267959999999999920e-01
2.011000000000000010e-01 3.873912955706220601e-02 3.454608654364978160e-02 3.873912955706220601e-02 1.384640000000000037e-01 3.273888827935225038e-02 3.454608654364978160e-02 3.273888827935225038e-02 1.267959999999999920e-01
2.011000000000000010e-01 4.502935296661936260e-02 4.540059148868071104e-02 4.502935296661936260e-02 1.384640000000000037e-01 4.439578667116503979e-02 4.540059148868071104e-02 4.439578667116503979e-02 1.267959999999999920e-01
2.011000000000000010e-01 5.240630390679606315e-02 5.248413509685084105e-02 5.240630390679606315e-02 1.384640000000000037e-01 4.832594265835014197e-02 5.248413509685084105e-02 4.832594265835014197e-02 1.267959999999999920e-01
2.011000000000000010e-01 6.449082198963500268e-02 5.480808917064879798e-02 6.449082198963500268e-02 1.384640000000000037e-01 5.414435197200943850e-02 5.480808917064879798e-02 5.414435197200943850e-02 1.267959999999999920e-01
2.011000000000000010e-01 6.873116770409064269e-02 6.642856522775787698e-02 6.873116770409064269e-02 1.384640000000000037e-01 6.006532719451305319e-02 6.642856522775787698e-02 6.006532719451305319e-02 1.267959999999999920e-01
2.011000000000000010e-01 7.280264351354814867e-02 7.050629930237042875e-02 7.280264351354814867e-02 1.384640000000000037e-01 6.771560716265130619e-02 7.050629930237042875e-02 6.771560716265130619e-02 1.267959999999999920e-01
2.011000000000000010e-01 8.316500891239876625e-02 7.512387172100457033e-02 8.316500891239876625e-02 1.384640000000000037e-01 7.101149765077838238e-02 7.512387172100457033e-02 7.101149765077838238e-02 1.267959999999999920e-01
2.011000000000000010e-01 9.220479655025534682e-02 8.178327465218265813e-02 9.220479655025534682e-02 1.384640000000000037e-01 8.155939247283384985e-02 8.178327465218265813e-02 8.155939247283384985e-02 1.267959999999999920e-01
2.011000000000000010e-01 9.713352461079000078e-02 9.239468603094093402e-02 9.713352461079000078e-02 1.384640000000000037e-01 8.687829811542038816e-02 9.239468603094093402e-02 8.687829811542038816e-02 1.267959999999999920e-01
2.011000000000000010e-01 1.080211996001931157e-01 9.797185756356228958e-02 1.080211996001931157e-01 1.384640000000000037e-01 8.957766225507771130e-02 9.797185756356228958e-02 8.957766225507771130e-02 1.267959999999999920e-01
2.011000000000000010e-01 1.116138842002653286e-01 1.044525354761455249e-01 1.116138842002653286e-01 1.384640000000000037e-01 9.806395293258210466e-02 1.044525354761455249e-01 9.806395293258210466e-02 1.267959999999999920e-01
2.011000000000000010e-01 1.206074842449930962e-01 1.099597986302765645e-01 1.206074842449930962e-01 1.384640000000000037e-01 1.080112628070691999e-01 1.099597986302765645e-01 1.080112628070691999e-01 1.267959999999999920e-01
2.011000000000000010e-01 1.253175675770235309e-01 1.194918832133709391e-01 1.253175675770235309e-01 1.384640000000000037e-01 1.145865999539799340e-01 1.194918832133709391e-01 1.145865999539799340e-01 1.267959999999999920e-01
2.011000000000000010e-01 1.360113420356266478e-01 1.253113225424117849e-01 1.360113420356266478e-01 1.384640000000000037e-01 1.183441323170935366e-01 1.253113225424117849e-01 1.183441323170935366e-01 1.267959999999999920e-01
2.011000000000000010e-01 1.372000000000000164e-01 1.269000000000000128e-01 1.372000000000000164e-01 1.384640000000000037e-01 1.214879999999999988e-01 1.269000000000000128e-01 1.214879999999999988e-01 1.267959999999999920e-01
c: 
1.302999999999999936e+00
1.875000000000000000e+00
1.157000000000000028e+00
