CDF: 
1.199999999999999956e-01 5.100000000000000089e-01 7.800000000000000266e-01 1.000000000000000000e+00
4.000000000000000222e-01 4.099999999999999756e-01 5.899999999999999689e-01 1.000000000000000000e+00
2.000000000000000111e-01 3.699999999999999956e-01 8.100000000000000533e-01 1.000000000000000000e+00
sigma: 
1.139639999999999959e-01 3.852162223792793879e-03 3.445626824138510284e-03 3.852162223792793879e-03 2.049440000000000150e-01 5.661844212103618601e-03 3.445626824138509851e-03 5.661844212103618601e-03 1.071999999999999897e-01
1.139639999999999959e-01 7.169381802915817878e-03 8.163653156894981264e-03 7.169381802915817878e-03 2.049440000000000150e-01 6.621881217362989187e-03 8.163653156894979529e-03 6.621881217362988320e-03 1.071999999999999897e-01
1.139639999999999959e-01 1.536166374437712874e-02 1.504403312486645404e-02 1.536166374437712874e-02 2.049440000000000150e-01 1.745183199847542138e-02 1.504403312486645231e-02 1.745183199847541791e-02 1.071999999999999897e-01
1.139639999999999959e-01 2.205572447231517186e-02 1.993184202751762529e-02 2.205572447231517186e-02 2.049440000000000150e-01 2.254965970364511060e-02 1.993184202751762182e-02 2.254965970364511060e-02 1.071999999999999897e-01
1.139639999999999959e-01 3.104625210563252691e-02 2.546992153674098799e-02 3.104625210563252691e-02 2.049440000000000150e-01 2.593262815471401167e-02 2.546992153674098452e-02 2.593262815471400820e-02 1.071999999999999897e-01
1.139639999999999959e-01 3.181578456265326399e-02 2.747607127564444598e-02 3.181578456265326399e-02 2.049440000000000150e-01 3.163900219391669461e-02 2.747607127564444252e-02 3.163900219391669461e-02 1.071999999999999897e-01
1.139639999999999959e-01 4.270226889652031094e-02 3.517181357738786984e-02 4.270226889652031094e-02 2.049440000000000150e-01 3.935489347839157132e-02 3.517181357738786290e-02 3.935489347839157132e-02 1.071999999999999897e-01
1.139639999999999959e-01 4.720303105726995907e-02 4.177678183382271815e-02 4.720303105726995907e-02 2.049440000000000150e-01 4.250708670158107744e-02 4.177678183382271121e-02 4.250708670158107050e-02 1.071999999999999897e-01
1.139639999999999959e-01 5.193262552398666271e-02 4.259632898787196059e-02 5.193262552398666271e-02 2.049440000000000150e-01 5.016117180020302629e-02 4.259632898787195365e-02 5.016117180020301936e-02 1.071999999999999897e-01
1.139639999999999959e-01 5.852223165730367077e-02 5.236689346694801267e-02 5.852223165730367077e-02 2.049440000000000150e-01 5.807351874909598421e-02 5.236689346694800573e-02 5.807351874909597034e-02 1.071999999999999897e-01
1.139639999999999959e-01 6.448678739135002558e-02 5.368127532498610799e-02 6.448678739135002558e-02 2.049440000000000150e-01 6.473169352862083448e-02 5.368127532498610105e-02 6.473169352862083448e-02 1.071999999999999897e-01
1.139639999999999959e-01 7.440549094570322874e-02 6.270873160689428849e-02 7.440549094570322874e-02 2.049440000000000150e-01 6.797098257251167619e-02 6.270873160689427461e-02 6.797098257251167619e-02 1.071999999999999897e-01
1.139639999999999959e-01 8.244142805231335913e-02 6.641914476347642038e-02 8.244142805231335913e-02 2.049440000000000150e-01 7.218962572810140588e-02 6.641914476347640650e-02 7.218962572810139200e-02 1.071999999999999897e-01
1.139639999999999959e-01 8.833814965472190639e-02 7.301493671134168251e-02 8.833814965472190639e-02 2.049440000000000150e-01 8.295410647472691024e-02 7.301493671134166863e-02 8.295410647472689636e-02 1.071999999999999897e-01
1.139639999999999959e-01 9.357770975871486374e-02 7.811963377735510472e-02 9.357770975871486374e-02 2.049440000000000150e-01 8.716840612483799100e-02 7.811963377735509084e-02 8.716840612483797712e-02 1.071999999999999897e-01
1.139639999999999959e-01 9.592127530106248079e-02 8.089359573036547513e-02 9.592127530106248079e-02 2.049440000000000150e-01 9.338419190369118272e-02 8.089359573036546125e-02 9.338419190369116885e-02 1.071999999999999897e-01
1.139639999999999959e-01 1.049392096652451145e-01 8.553640195781783695e-02 1.049392096652451145e-01 2.049440000000000150e-01 9.619256135599171809e-02 8.553640195781782307e-02 9.619256135599170421e-02 1.071999999999999897e-01
1.139639999999999959e-01 1.116911489723178275e-01 9.077324315523735421e-02 1.116911489723178275e-01 2.049440000000000150e-01 1.047041645549721539e-01 9.077324315523734033e-02 1.047041645549721400e-01 1.071999999999999897e-01
1.139639999999999959e-01 1.150063179886214176e-01 9.867733851391370659e-02 1.150063179886214176e-01 2.049440000000000150e-01 1.101270512095318121e-01 9.867733851391369271e-02 1.101270512095317983e-01 1.071999999999999897e-01
1.139639999999999959e-01 1.206959999999999977e-01 1.008000000000000007e-01 1.206959999999999977e-01 2.049440000000000150e-01 1.140000000000000041e-01 1.007999999999999868e-01 1.139999999999999902e-01 1.071999999999999897e-01
c: 
2.091000000000000192e+00
1.915999999999999925e+00
1.199999999999999956e+00
