CDF: 
3.300000000000000155e-01 6.099999999999999867e-01 6.700000000000000400e-01 1.000000000000000000e+00
1.100000000000000006e-01 5.500000000000000444e-01 7.399999999999999911e-01 1.000000000000000000e+00
1.900000000000000022e-01 2.800000000000000266e-01 8.000000000000000444e-01 1.000000000000000000e+00
sigma: 
1.827000000000000290e-01 1.243987574534576165e-03 5.497235994376293601e-03 1.243987574534576165e-03 1.282240000000000046e-01 2.810013738478557045e-03 5.497235994376293601e-03 2.810013738478556178e-03 1.053240000000000148e-01
1.827000000000000290e-01 1.205431890419507955e-02 6.260318378471431237e-03 1.205431890419507955e-02 1.282240000000000046e-01 7.346289526539021356e-03 6.260318378471431237e-03 7.346289526539018754e-03 1.053240000000000148e-01
1.827000000000000290e-01 1.542804347114262384e-02 1.638842661557079333e-02 1.542804347114262384e-02 1.282240000000000046e-01 1.432603797070840235e-02 1.638842661557079333e-02 1.432603797070839888e-02 1.053240000000000148e-01
1.827000000000000290e-01 2.760495894100174069e-02 1.943527665589167563e-02 2.760495894100174069e-02 1.282240000000000046e-01 1.568680238699157736e-02 1.943527665589167563e-02 1.568680238699157389e-02 1.053240000000000148e-01
1.827000000000000290e-01 3.237866795486757376e-02 2.764141935335215003e-02 3.237866795486757376e-02 1.282240000000000046e-01 2.457905216224309797e-02 2.764141935335215003e-02 2.457905216224309103e-02 1.053240000000000148e-01
1.827000000000000290e-01 3.786865766834920932e-02 2.994166537163043748e-02 3.786865766834920932e-02 1.282240000000000046e-01 3.087787872238752576e-02 2.994166537163043748e-02 3.087787872238751882e-02 1.053240000000000148e-01
1.827000000000000290e-01 5.056870011947378618e-02 3.779917136801363292e-02 5.056870011947378618e-02 1.282240000000000046e-01 3.379700845586422475e-02 3.779917136801363292e-02 3.379700845586421087e-02 1.053240000000000148e-01
1.827000000000000290e-01 5.432025018936464250e-02 4.087139652579570293e-02 5.432025018936464250e-02 1.282240000000000046e-01 3.781095827105502433e-02 4.087139652579570293e-02 3.781095827105501739e-02 1.053240000000000148e-01
1.827000000000000290e-01 6.056068966534630671e-02 4.865056783589657291e-02 6.056068966534630671e-02 1.282240000000000046e-01 4.233862350445224965e-02 4.865056783589657291e-02 4.233862350445223577e-02 1.053240000000000148e-01
1.827000000000000290e-01 6.891658810442552463e-02 5.232213143192204763e-02 6.891658810442552463e-02 1.282240000000000046e-01 4.963093158563482155e-02 5.232213143192204763e-02 4.963093158563480767e-02 1.053240000000000148e-01
1.827000000000000290e-01 7.708324243616400395e-02 6.200292341383389222e-02 7.708324243616400395e-02 1.282240000000000046e-01 5.254976000620602966e-02 6.200292341383389222e-02 5.254976000620601578e-02 1.053240000000000148e-01
1.827000000000000290e-01 8.344416556554432041e-02 6.719502219212539207e-02 8.344416556554432041e-02 1.282240000000000046e-01 5.771550590590145136e-02 6.719502219212539207e-02 5.771550590590143054e-02 1.053240000000000148e-01
1.827000000000000290e-01 8.732071033072305588e-02 6.915362061923589765e-02 8.732071033072305588e-02 1.282240000000000046e-01 6.442044384134296142e-02 6.915362061923589765e-02 6.442044384134294754e-02 1.053240000000000148e-01
1.827000000000000290e-01 9.797021088016641399e-02 7.703947123118255746e-02 9.797021088016641399e-02 1.282240000000000046e-01 7.221667701652779991e-02 7.703947123118255746e-02 7.221667701652777216e-02 1.053240000000000148e-01
1.827000000000000290e-01 1.049181054909191918e-01 8.534962913401750173e-02 1.049181054909191918e-01 1.282240000000000046e-01 7.386962465913567144e-02 8.534962913401750173e-02 7.386962465913565756e-02 1.053240000000000148e-01
1.827000000000000290e-01 1.099433371706578649e-01 8.700119531159355990e-02 1.099433371706578649e-01 1.282240000000000046e-01 8.114717123870968107e-02 8.700119531159355990e-02 8.114717123870965332e-02 1.053240000000000148e-01
1.827000000000000290e-01 1.188099189931309391e-01 9.517093712963005381e-02 1.188099189931309391e-01 1.282240000000000046e-01 8.673698392087027254e-02 9.517093712963005381e-02 8.673698392087024478e-02 1.053240000000000148e-01
1.827000000000000290e-01 1.247696227260336882e-01 1.021878084370956841e-01 1.247696227260336882e-01 1.282240000000000046e-01 9.175617653954656894e-02 1.021878084370956841e-01 9.175617653954654118e-02 1.053240000000000148e-01
1.827000000000000290e-01 1.307049048894600995e-01 1.040394349277033031e-01 1.307049048894600995e-01 1.282240000000000046e-01 9.657372982091708136e-02 1.040394349277033031e-01 9.657372982091705360e-02 1.053240000000000148e-01
1.827000000000000290e-01 1.373599999999999821e-01 1.093399999999999928e-01 1.373599999999999821e-01 1.282240000000000046e-01 9.897600000000000842e-02 1.093399999999999928e-01 9.897599999999998066e-02 1.053240000000000148e-01
c: 
1.790000000000000036e+00
1.701999999999999957e+00
1.576999999999999957e+00
