CDF: 
2.000000000000000111e-01 4.500000000000000111e-01 7.299999999999999822e-01 1.000000000000000000e+00
2.200000000000000011e-01 4.699999999999999734e-01 7.600000000000000089e-01 1.000000000000000000e+00
3.499999999999999778e-01 4.899999999999999911e-01 5.000000000000000000e-01 1.000000000000000000e+00
sigma: 
1.381759999999999933e-01 3.330853866351134868e-03 6.904483406018843000e-03 3.330853866351135735e-03 1.315640000000000143e-01 2.770041582591704042e-03 6.904483406018844735e-03 2.770041582591704042e-03 2.241760000000000141e-01
1.381759999999999933e-01 1.340430611624783899e-02 1.099840398893477122e-02 1.340430611624784246e-02 1.315640000000000143e-01 9.974987096375100004e-03 1.099840398893477296e-02 9.974987096375100004e-03 2.241760000000000141e-01
1.381759999999999933e-01 1.662603161940173421e-02 1.493368217900617988e-02 1.662603161940174115e-02 1.315640000000000143e-01 2.038863071038359356e-02 1.493368217900618161e-02 2.038863071038359356e-02 2.241760000000000141e-01
1.381759999999999933e-01 2.276078122472983273e-02 2.805201010400487638e-02 2.276078122472983967e-02 1.315640000000000143e-01 2.425437621528347271e-02 2.805201010400488332e-02 2.425437621528347271e-02 2.241760000000000141e-01
1.381759999999999933e-01 3.031187011971729281e-02 3.688733117173531584e-02 3.031187011971729975e-02 1.315640000000000143e-01 3.428991816398707648e-02 3.688733117173532278e-02 3.428991816398707648e-02 2.241760000000000141e-01
1.381759999999999933e-01 3.683819006572393306e-02 4.294953685624569584e-02 3.683819006572394000e-02 1.315640000000000143e-01 3.876823858444906207e-02 4.294953685624570278e-02 3.876823858444906207e-02 2.241760000000000141e-01
1.381759999999999933e-01 4.678604052855104417e-02 4.522856017177430410e-02 4.678604052855105805e-02 1.315640000000000143e-01 4.380461847506215978e-02 4.522856017177431104e-02 4.380461847506215978e-02 2.241760000000000141e-01
1.381759999999999933e-01 5.074009096617806275e-02 5.533042523141486896e-02 5.074009096617807663e-02 1.315640000000000143e-01 5.628163862907906156e-02 5.533042523141487590e-02 5.628163862907906156e-02 2.241760000000000141e-01
1.381759999999999933e-01 5.564193671334408120e-02 5.960812046172649092e-02 5.564193671334408814e-02 1.315640000000000143e-01 6.151132889382159019e-02 5.960812046172649786e-02 6.151132889382159019e-02 2.241760000000000141e-01
1.381759999999999933e-01 6.722112389605815197e-02 7.377707697492139061e-02 6.722112389605816585e-02 1.315640000000000143e-01 6.502631513026167764e-02 7.377707697492140448e-02 6.502631513026167764e-02 2.241760000000000141e-01
1.381759999999999933e-01 6.929851269944391212e-02 7.670191223393268976e-02 6.929851269944392600e-02 1.315640000000000143e-01 7.189540911939258649e-02 7.670191223393271751e-02 7.189540911939258649e-02 2.241760000000000141e-01
1.381759999999999933e-01 8.088611205479474819e-02 8.845417449113204822e-02 8.088611205479476207e-02 1.315640000000000143e-01 8.360865333573638813e-02 8.845417449113206210e-02 8.360865333573638813e-02 2.241760000000000141e-01
1.381759999999999933e-01 8.676114077792823620e-02 9.345907378309320501e-02 8.676114077792825008e-02 1.315640000000000143e-01 8.773834189227867897e-02 9.345907378309321889e-02 8.773834189227867897e-02 2.241760000000000141e-01
1.381759999999999933e-01 8.976559430842534493e-02 9.959737878809953038e-02 8.976559430842537268e-02 1.315640000000000143e-01 9.876074414320566708e-02 9.959737878809955813e-02 9.876074414320566708e-02 2.241760000000000141e-01
1.381759999999999933e-01 1.017966200982009378e-01 1.097008937183481664e-01 1.017966200982009656e-01 1.315640000000000143e-01 1.011633437471937957e-01 1.097008937183481941e-01 1.011633437471937957e-01 2.241760000000000141e-01
1.381759999999999933e-01 1.033669528564411938e-01 1.172841712093107280e-01 1.033669528564412216e-01 1.315640000000000143e-01 1.135829040106373644e-01 1.172841712093107558e-01 1.135829040106373644e-01 2.241760000000000141e-01
1.381759999999999933e-01 1.130884574177873775e-01 1.249816143450841605e-01 1.130884574177874052e-01 1.315640000000000143e-01 1.166528922233169285e-01 1.249816143450841743e-01 1.166528922233169285e-01 2.241760000000000141e-01
1.381759999999999933e-01 1.207435599067114840e-01 1.278794910030780774e-01 1.207435599067115117e-01 1.315640000000000143e-01 1.231021579189262166e-01 1.278794910030781051e-01 1.231021579189262166e-01 2.241760000000000141e-01
1.381759999999999933e-01 1.229535430936235241e-01 1.355334593514117558e-01 1.229535430936235518e-01 1.315640000000000143e-01 1.303061446217983477e-01 1.355334593514117836e-01 1.303061446217983477e-01 2.241760000000000141e-01
1.381759999999999933e-01 1.290079999999999838e-01 1.409759999999999902e-01 1.290080000000000116e-01 1.315640000000000143e-01 1.360079999999999900e-01 1.409760000000000180e-01 1.360079999999999900e-01 2.241760000000000141e-01
c: 
1.449000000000000066e+00
1.108000000000000096e+00
2.990000000000000213e+00
