CDF: 
5.000000000000000278e-02 1.799999999999999933e-01 2.300000000000000100e-01 1.000000000000000000e+00
1.700000000000000122e-01 3.200000000000000067e-01 3.499999999999999778e-01 1.000000000000000000e+00
3.300000000000000155e-01 5.100000000000000089e-01 7.299999999999999822e-01 1.000000000000000000e+00
sigma: 
1.389960000000000084e-01 6.230362168835231092e-03 9.409369111756207046e-04 6.230362168835231092e-03 1.999240000000000184e-01 3.792408431841766056e-03 9.409369111756204877e-04 3.792408431841766056e-03 1.662840000000000151e-01
1.389960000000000084e-01 8.911467809054668052e-03 4.498708848300442611e-03 8.911467809054668052e-03 1.999240000000000184e-01 8.063261235736385660e-03 4.498708848300441744e-03 8.063261235736385660e-03 1.662840000000000151e-01
1.389960000000000084e-01 1.754482220411744328e-02 8.256835733604556138e-03 1.754482220411744328e-02 1.999240000000000184e-01 1.623686109353123311e-02 8.256835733604554403e-03 1.623686109353123311e-02 1.662840000000000151e-01
1.389960000000000084e-01 2.206167217200415143e-02 1.340139278847648358e-02 2.206167217200415143e-02 1.999240000000000184e-01 1.824488440748420898e-02 1.340139278847648011e-02 1.824488440748420898e-02 1.662840000000000151e-01
1.389960000000000084e-01 3.279144241489626715e-02 1.788941563405809995e-02 3.279144241489626715e-02 1.999240000000000184e-01 2.650295325550845391e-02 1.788941563405809648e-02 2.650295325550845391e-02 1.662840000000000151e-01
1.389960000000000084e-01 3.656523132901089157e-02 2.155025089619317172e-02 3.656523132901089157e-02 1.999240000000000184e-01 3.012832788406197282e-02 2.155025089619316825e-02 3.012832788406197282e-02 1.662840000000000151e-01
1.389960000000000084e-01 4.163499624541834587e-02 2.389066099244428407e-02 4.163499624541834587e-02 1.999240000000000184e-01 3.789416718498655329e-02 2.389066099244428060e-02 3.789416718498655329e-02 1.662840000000000151e-01
1.389960000000000084e-01 4.904801371490345729e-02 2.767228357015167825e-02 4.904801371490345729e-02 1.999240000000000184e-01 4.613847430652795456e-02 2.767228357015167478e-02 4.613847430652795456e-02 1.662840000000000151e-01
1.389960000000000084e-01 6.042624822326198714e-02 3.264611364069570920e-02 6.042624822326198714e-02 1.999240000000000184e-01 5.277332901477121974e-02 3.264611364069570226e-02 5.277332901477121974e-02 1.662840000000000151e-01
1.389960000000000084e-01 6.703009949304580828e-02 3.478726367416493104e-02 6.703009949304580828e-02 1.999240000000000184e-01 5.675661772732290555e-02 3.478726367416492410e-02 5.675661772732290555e-02 1.662840000000000151e-01
1.389960000000000084e-01 7.609887773528205279e-02 4.031332759151812911e-02 7.609887773528205279e-02 1.999240000000000184e-01 6.200471955725219558e-02 4.031332759151811523e-02 6.200471955725219558e-02 1.662840000000000151e-01
1.389960000000000084e-01 7.838694440491426885e-02 4.258480540747536930e-02 7.838694440491426885e-02 1.999240000000000184e-01 6.690034082608269095e-02 4.258480540747536236e-02 6.690034082608269095e-02 1.662840000000000151e-01
1.389960000000000084e-01 8.823152934830676142e-02 4.829773352578971279e-02 8.823152934830676142e-02 1.999240000000000184e-01 7.715336128790024894e-02 4.829773352578969892e-02 7.715336128790024894e-02 1.662840000000000151e-01
1.389960000000000084e-01 9.680192057719542997e-02 5.193380582868570988e-02 9.680192057719542997e-02 1.999240000000000184e-01 8.076386562487199161e-02 5.193380582868569600e-02 8.076386562487199161e-02 1.662840000000000151e-01
1.389960000000000084e-01 9.749638251120883170e-02 5.514843615004056537e-02 9.749638251120883170e-02 1.999240000000000184e-01 8.470064068941578206e-02 5.514843615004055150e-02 8.470064068941578206e-02 1.662840000000000151e-01
1.389960000000000084e-01 1.106364922362281233e-01 5.888117838469320714e-02 1.106364922362281233e-01 1.999240000000000184e-01 9.586200401718997233e-02 5.888117838469319326e-02 9.586200401718997233e-02 1.662840000000000151e-01
1.389960000000000084e-01 1.117352488514307407e-01 6.100560582632539447e-02 1.117352488514307407e-01 1.999240000000000184e-01 9.705881261474148813e-02 6.100560582632538059e-02 9.705881261474148813e-02 1.662840000000000151e-01
1.389960000000000084e-01 1.234254419585285173e-01 6.539429778285302253e-02 1.234254419585285173e-01 1.999240000000000184e-01 1.050469353007247447e-01 6.539429778285300865e-02 1.050469353007247447e-01 1.662840000000000151e-01
1.389960000000000084e-01 1.291123795062990298e-01 7.000526331136447400e-02 1.291123795062990298e-01 1.999240000000000184e-01 1.133247301496423387e-01 7.000526331136446012e-02 1.133247301496423387e-01 1.662840000000000151e-01
1.389960000000000084e-01 1.317479999999999762e-01 7.150800000000001599e-02 1.317479999999999762e-01 1.999240000000000184e-01 1.140039999999999942e-01 7.150800000000000212e-02 1.140039999999999942e-01 1.662840000000000151e-01
c: 
2.249000000000000110e+00
2.471999999999999975e+00
2.757000000000000117e+00
