CDF: 
2.300000000000000100e-01 3.499999999999999778e-01 7.800000000000000266e-01 1.000000000000000000e+00
3.400000000000000244e-01 5.000000000000000000e-01 6.999999999999999556e-01 1.000000000000000000e+00
7.199999999999999734e-01 7.900000000000000355e-01 9.399999999999999467e-01 1.000000000000000000e+00
sigma: 
1.205439999999999984e-01 4.773097723994122049e-03 9.026139612334669812e-05 4.773097723994121182e-03 1.686560000000000004e-01 2.025146602172048574e-03 9.026139612334671168e-05 2.025146602172048140e-03 6.884399999999998854e-02
1.205439999999999984e-01 6.729444997379742388e-03 5.063523835884278790e-03 6.729444997379740653e-03 1.686560000000000004e-01 5.739725925694471806e-03 5.063523835884279657e-03 5.739725925694470939e-03 6.884399999999998854e-02
1.205439999999999984e-01 1.771791003785526050e-02 7.592245053702414113e-03 1.771791003785525703e-02 1.686560000000000004e-01 8.899668902864813630e-03 7.592245053702415848e-03 8.899668902864811895e-03 6.884399999999998854e-02
1.205439999999999984e-01 2.616834394261450397e-02 1.164368383969987576e-02 2.616834394261450050e-02 1.686560000000000004e-01 1.604853164848853847e-02 1.164368383969987923e-02 1.604853164848853500e-02 6.884399999999998854e-02
1.205439999999999984e-01 2.977367734833571977e-02 1.543286462984029724e-02 2.977367734833571283e-02 1.686560000000000004e-01 2.018425406439188288e-02 1.543286462984030070e-02 2.018425406439187941e-02 6.884399999999998854e-02
1.205439999999999984e-01 3.672489304444053609e-02 1.908760433090338215e-02 3.672489304444052916e-02 1.686560000000000004e-01 2.260024125973192702e-02 1.908760433090338562e-02 2.260024125973192355e-02 6.884399999999998854e-02
1.205439999999999984e-01 4.529161043793610703e-02 2.589695361819754557e-02 4.529161043793609315e-02 1.686560000000000004e-01 2.861884134040994926e-02 2.589695361819754904e-02 2.861884134040994579e-02 6.884399999999998854e-02
1.205439999999999984e-01 5.082063832251109553e-02 2.729888768615934894e-02 5.082063832251108859e-02 1.686560000000000004e-01 3.216952132590399083e-02 2.729888768615935241e-02 3.216952132590398389e-02 6.884399999999998854e-02
1.205439999999999984e-01 5.810532141482210866e-02 3.122338836953545207e-02 5.810532141482209478e-02 1.686560000000000004e-01 3.483591357093926422e-02 3.122338836953545901e-02 3.483591357093925728e-02 6.884399999999998854e-02
1.205439999999999984e-01 6.534999151456645505e-02 3.402564727851329490e-02 6.534999151456644118e-02 1.686560000000000004e-01 3.783957164068946222e-02 3.402564727851330184e-02 3.783957164068945528e-02 6.884399999999998854e-02
1.205439999999999984e-01 6.897408775393258640e-02 3.987381606846530230e-02 6.897408775393257252e-02 1.686560000000000004e-01 4.306345180623217389e-02 3.987381606846531618e-02 4.306345180623216695e-02 6.884399999999998854e-02
1.205439999999999984e-01 7.518428169304879061e-02 4.242265247971752778e-02 7.518428169304876285e-02 1.686560000000000004e-01 4.685458736976382682e-02 4.242265247971753472e-02 4.685458736976381988e-02 6.884399999999998854e-02
1.205439999999999984e-01 8.492278192063365538e-02 4.572476933083999273e-02 8.492278192063362763e-02 1.686560000000000004e-01 5.177809862717032419e-02 4.572476933083999967e-02 5.177809862717031725e-02 6.884399999999998854e-02
1.205439999999999984e-01 8.586951302810931497e-02 4.979281164612665844e-02 8.586951302810930109e-02 1.686560000000000004e-01 5.577266058697086942e-02 4.979281164612667232e-02 5.577266058697085555e-02 6.884399999999998854e-02
1.205439999999999984e-01 9.658015965575401929e-02 5.523588087464571111e-02 9.658015965575399153e-02 1.686560000000000004e-01 5.834465578992024254e-02 5.523588087464572499e-02 5.834465578992022866e-02 6.884399999999998854e-02
1.205439999999999984e-01 1.043933023988605491e-01 5.817336166250058893e-02 1.043933023988605213e-01 1.686560000000000004e-01 6.393777372063670639e-02 5.817336166250060281e-02 6.393777372063669251e-02 6.884399999999998854e-02
1.205439999999999984e-01 1.097318320509163142e-01 6.308562130701481085e-02 1.097318320509163003e-01 1.686560000000000004e-01 6.667361577442482146e-02 6.308562130701482473e-02 6.667361577442480758e-02 6.884399999999998854e-02
1.205439999999999984e-01 1.152024956553709817e-01 6.504477597317746829e-02 1.152024956553709539e-01 1.686560000000000004e-01 7.108927795925244764e-02 6.504477597317748216e-02 7.108927795925243376e-02 6.884399999999998854e-02
1.205439999999999984e-01 1.207576613002621785e-01 6.886518701725881375e-02 1.207576613002621507e-01 1.686560000000000004e-01 7.620833666153428720e-02 6.886518701725882763e-02 7.620833666153427333e-02 6.884399999999998854e-02
1.205439999999999984e-01 1.250080000000000080e-01 7.105599999999999417e-02 1.250079999999999802e-01 1.686560000000000004e-01 7.879200000000000093e-02 7.105600000000000804e-02 7.879199999999998705e-02 6.884399999999998854e-02
c: 
1.306999999999999940e+00
1.588999999999999968e+00
2.782000000000000028e+00
