CDF: 
2.500000000000000000e-01 7.099999999999999645e-01 7.399999999999999911e-01 1.000000000000000000e+00
1.499999999999999944e-01 1.900000000000000022e-01 2.700000000000000178e-01 1.000000000000000000e+00
2.300000000000000100e-01 3.499999999999999778e-01 4.600000000000000200e-01 1.000000000000000000e+00
sigma: 
1.680750000000000022e-01 3.130274825540201467e-03 1.346979599811495062e-03 3.130274825540201901e-03 1.630360000000000142e-01 6.544286691643942493e-03 1.346979599811495062e-03 6.544286691643942493e-03 2.088749999999999774e-01
1.680750000000000022e-01 5.478771765819743025e-03 8.682952226436183030e-03 5.478771765819743893e-03 1.630360000000000142e-01 9.133290088235731727e-03 8.682952226436183030e-03 9.133290088235731727e-03 2.088749999999999774e-01
1.680750000000000022e-01 1.004033676904636865e-02 1.414872948816140071e-02 1.004033676904637039e-02 1.630360000000000142e-01 2.028784422187696404e-02 1.414872948816140071e-02 2.028784422187696404e-02 2.088749999999999774e-01
1.680750000000000022e-01 1.287942230200488786e-02 2.225016061287050581e-02 1.287942230200488959e-02 1.630360000000000142e-01 2.675764333843021897e-02 2.225016061287050581e-02 2.675764333843021897e-02 2.088749999999999774e-01
1.680750000000000022e-01 1.657298753276553391e-02 2.673254145260640230e-02 1.657298753276553738e-02 1.630360000000000142e-01 3.096361314493521408e-02 2.673254145260640230e-02 3.096361314493521408e-02 2.088749999999999774e-01
1.680750000000000022e-01 2.295747151529972663e-02 3.397150199041538282e-02 2.295747151529973010e-02 1.630360000000000142e-01 4.009811458621283936e-02 3.397150199041538282e-02 4.009811458621283936e-02 2.088749999999999774e-01
1.680750000000000022e-01 2.648690711233865971e-02 3.810515381933672618e-02 2.648690711233866318e-02 1.630360000000000142e-01 4.571113884810738826e-02 3.810515381933672618e-02 4.571113884810738826e-02 2.088749999999999774e-01
1.680750000000000022e-01 3.061306903563793327e-02 4.458034565831135027e-02 3.061306903563794021e-02 1.630360000000000142e-01 5.210300204650704370e-02 4.458034565831135027e-02 5.210300204650704370e-02 2.088749999999999774e-01
1.680750000000000022e-01 3.163853941314996587e-02 5.063221647690895749e-02 3.163853941314997281e-02 1.630360000000000142e-01 5.853090577427948887e-02 5.063221647690895749e-02 5.853090577427948887e-02 2.088749999999999774e-01
1.680750000000000022e-01 3.852631309695032230e-02 5.729689229824979496e-02 3.852631309695032924e-02 1.630360000000000142e-01 7.148296792452267512e-02 5.729689229824979496e-02 7.148296792452267512e-02 2.088749999999999774e-01
1.680750000000000022e-01 4.288273575613301553e-02 6.512633276439908081e-02 4.288273575613302246e-02 1.630360000000000142e-01 7.540109842256620398e-02 6.512633276439908081e-02 7.540109842256620398e-02 2.088749999999999774e-01
1.680750000000000022e-01 4.363148942256780266e-02 7.176958780580412756e-02 4.363148942256780960e-02 1.630360000000000142e-01 8.673860012561576682e-02 7.176958780580412756e-02 8.673860012561576682e-02 2.088749999999999774e-01
1.680750000000000022e-01 5.012579974264180782e-02 7.548801161274862337e-02 5.012579974264181476e-02 1.630360000000000142e-01 9.139997504238450698e-02 7.548801161274862337e-02 9.139997504238450698e-02 2.088749999999999774e-01
1.680750000000000022e-01 5.270109239919916477e-02 7.956586503180022862e-02 5.270109239919917171e-02 1.630360000000000142e-01 9.760462140123592201e-02 7.956586503180022862e-02 9.760462140123592201e-02 2.088749999999999774e-01
1.680750000000000022e-01 5.536038687489752697e-02 8.871345046012972524e-02 5.536038687489753390e-02 1.630360000000000142e-01 1.071932870619221462e-01 8.871345046012972524e-02 1.071932870619221462e-01 2.088749999999999774e-01
1.680750000000000022e-01 6.125177799147051710e-02 9.312654780490639550e-02 6.125177799147053098e-02 1.630360000000000142e-01 1.153588054676667751e-01 9.312654780490639550e-02 1.153588054676667751e-01 2.088749999999999774e-01
1.680750000000000022e-01 6.406703805952651543e-02 1.016651713049355615e-01 6.406703805952652930e-02 1.630360000000000142e-01 1.213161926613436081e-01 1.016651713049355615e-01 1.213161926613436081e-01 2.088749999999999774e-01
1.680750000000000022e-01 6.831184423477730527e-02 1.072760937278239013e-01 6.831184423477731915e-02 1.630360000000000142e-01 1.281455932183169777e-01 1.072760937278239013e-01 1.281455932183169777e-01 2.088749999999999774e-01
1.680750000000000022e-01 7.103988249979040215e-02 1.100789733707576851e-01 7.103988249979041603e-02 1.630360000000000142e-01 1.321401369096174283e-01 1.100789733707576851e-01 1.321401369096174283e-01 2.088749999999999774e-01
1.680750000000000022e-01 7.482999999999999374e-02 1.140250000000000014e-01 7.483000000000000762e-02 1.630360000000000142e-01 1.387700000000000045e-01 1.140250000000000014e-01 1.387700000000000045e-01 2.088749999999999774e-01
c: 
2.831999999999999851e+00
2.375000000000000000e+00
2.903999999999999915e+00
