CDF: 
5.899999999999999689e-01 6.300000000000000044e-01 8.100000000000000533e-01 1.000000000000000000e+00
2.099999999999999922e-01 2.300000000000000100e-01 3.699999999999999956e-01 1.000000000000000000e+00
2.500000000000000000e-01 3.099999999999999978e-01 4.099999999999999756e-01 1.000000000000000000e+00
sigma: 
1.450960000000000027e-01 1.547773349937528074e-03 3.214109317896507011e-03 1.547773349937528074e-03 1.885239999999999971e-01 3.947573910751219460e-03 3.214109317896507011e-03 3.947573910751219460e-03 2.077240000000000197e-01
1.450960000000000027e-01 7.037113799245650787e-03 8.287928466078895925e-03 7.037113799245650787e-03 1.885239999999999971e-01 1.969543979205865339e-02 8.287928466078895925e-03 1.969543979205865686e-02 2.077240000000000197e-01
1.450960000000000027e-01 8.671703929593000890e-03 1.427355751757167224e-02 8.671703929593000890e-03 1.885239999999999971e-01 2.673584009944647913e-02 1.427355751757167224e-02 2.673584009944648260e-02 2.077240000000000197e-01
1.450960000000000027e-01 1.356697363559590877e-02 1.679100519813633147e-02 1.356697363559590877e-02 1.885239999999999971e-01 3.907725893833282477e-02 1.679100519813633147e-02 3.907725893833283171e-02 2.077240000000000197e-01
1.450960000000000027e-01 1.859203156645187691e-02 2.287331856992708828e-02 1.859203156645187691e-02 1.885239999999999971e-01 4.114241679192581075e-02 2.287331856992708828e-02 4.114241679192581075e-02 2.077240000000000197e-01
1.450960000000000027e-01 2.302499151667814631e-02 2.875564578141703506e-02 2.302499151667814631e-02 1.885239999999999971e-01 5.038624730952336039e-02 2.875564578141703506e-02 5.038624730952336733e-02 2.077240000000000197e-01
1.450960000000000027e-01 2.692300146342446743e-02 3.175449027671795738e-02 2.692300146342446743e-02 1.885239999999999971e-01 6.317834589736542883e-02 3.175449027671795738e-02 6.317834589736542883e-02 2.077240000000000197e-01
1.450960000000000027e-01 2.983971106608004562e-02 3.483287210296010655e-02 2.983971106608004562e-02 1.885239999999999971e-01 7.510157116548900336e-02 3.483287210296010655e-02 7.510157116548901723e-02 2.077240000000000197e-01
1.450960000000000027e-01 3.653149784719460225e-02 4.337399084673420474e-02 3.653149784719460225e-02 1.885239999999999971e-01 8.080111431410225142e-02 4.337399084673420474e-02 8.080111431410226530e-02 2.077240000000000197e-01
1.450960000000000027e-01 4.008506074009348524e-02 4.755418449626726968e-02 4.008506074009348524e-02 1.885239999999999971e-01 9.589429767664958693e-02 4.755418449626726968e-02 9.589429767664960080e-02 2.077240000000000197e-01
1.450960000000000027e-01 4.671637175740103731e-02 5.364404828313843604e-02 4.671637175740103731e-02 1.885239999999999971e-01 1.065582540445052379e-01 5.364404828313843604e-02 1.065582540445052517e-01 2.077240000000000197e-01
1.450960000000000027e-01 5.059614919785477422e-02 5.794598304128266431e-02 5.059614919785477422e-02 1.885239999999999971e-01 1.179027149357163018e-01 5.794598304128266431e-02 1.179027149357163157e-01 2.077240000000000197e-01
1.450960000000000027e-01 5.207525255892764271e-02 5.953582080019229061e-02 5.207525255892764271e-02 1.885239999999999971e-01 1.243238014407294645e-01 5.953582080019229061e-02 1.243238014407294784e-01 2.077240000000000197e-01
1.450960000000000027e-01 5.789891861755284280e-02 6.427190616759517749e-02 5.789891861755284280e-02 1.885239999999999971e-01 1.282334105673081370e-01 6.427190616759517749e-02 1.282334105673081648e-01 2.077240000000000197e-01
1.450960000000000027e-01 6.357740557539616477e-02 6.964698126259087629e-02 6.357740557539616477e-02 1.885239999999999971e-01 1.463411649326849251e-01 6.964698126259087629e-02 1.463411649326849528e-01 2.077240000000000197e-01
1.450960000000000027e-01 6.634943629901389472e-02 7.745476898902652063e-02 6.634943629901389472e-02 1.885239999999999971e-01 1.551184358875553060e-01 7.745476898902652063e-02 1.551184358875553337e-01 2.077240000000000197e-01
1.450960000000000027e-01 7.146807416836130356e-02 7.822895149024723660e-02 7.146807416836130356e-02 1.885239999999999971e-01 1.594158520289156444e-01 7.822895149024723660e-02 1.594158520289156722e-01 2.077240000000000197e-01
1.450960000000000027e-01 7.351061599971152327e-02 8.753641085260505106e-02 7.351061599971152327e-02 1.885239999999999971e-01 1.770392098985295315e-01 8.753641085260505106e-02 1.770392098985295593e-01 2.077240000000000197e-01
1.450960000000000027e-01 8.081494510749334670e-02 9.184991422486653290e-02 8.081494510749334670e-02 1.885239999999999971e-01 1.808295129704941273e-01 9.184991422486653290e-02 1.808295129704941551e-01 2.077240000000000197e-01
1.450960000000000027e-01 8.084800000000000320e-02 9.275200000000000111e-02 8.084800000000000320e-02 1.885239999999999971e-01 1.872759999999999703e-01 9.275200000000000111e-02 1.872759999999999980e-01 2.077240000000000197e-01
c: 
2.216000000000000192e+00
2.237000000000000099e+00
2.000999999999999890e+00
