CDF: 
1.700000000000000122e-01 3.300000000000000155e-01 4.400000000000000022e-01 1.000000000000000000e+00
2.700000000000000178e-01 5.600000000000000533e-01 6.199999999999999956e-01 1.000000000000000000e+00
6.899999999999999467e-01 7.099999999999999645e-01 7.299999999999999822e-01 1.000000000000000000e+00
sigma: 
2.006190000000000473e-01 1.010058926965221038e-04 1.204186483919295579e-03 1.010058926965220767e-04 2.059709999999999874e-01 3.137426670397116309e-03 1.204186483919295579e-03 3.137426670397116309e-03 1.947160000000000002e-01
2.006190000000000473e-01 1.050945796435732126e-02 1.100687749367898829e-02 1.050945796435731779e-02 2.059709999999999874e-01 1.595596627973695086e-02 1.100687749367898829e-02 1.595596627973695086e-02 1.947160000000000002e-01
2.006190000000000473e-01 1.863939583532839631e-02 1.352042748213218987e-02 1.863939583532839284e-02 2.059709999999999874e-01 2.265018890629725418e-02 1.352042748213218987e-02 2.265018890629725418e-02 1.947160000000000002e-01
2.006190000000000473e-01 2.933167158969332208e-02 2.066781009150576998e-02 2.933167158969331514e-02 2.059709999999999874e-01 2.993375125862399178e-02 2.066781009150576998e-02 2.993375125862399178e-02 1.947160000000000002e-01
2.006190000000000473e-01 3.729210329677520169e-02 2.770354499739998561e-02 3.729210329677519475e-02 2.059709999999999874e-01 3.802417631430259765e-02 2.770354499739998561e-02 3.802417631430259765e-02 1.947160000000000002e-01
2.006190000000000473e-01 4.643164778900261969e-02 3.211938840130220546e-02 4.643164778900261275e-02 2.059709999999999874e-01 4.572316823558146559e-02 3.211938840130220546e-02 4.572316823558146559e-02 1.947160000000000002e-01
2.006190000000000473e-01 5.015534656850847289e-02 3.563103798961433921e-02 5.015534656850846595e-02 2.059709999999999874e-01 5.069017428989378710e-02 3.563103798961433921e-02 5.069017428989378710e-02 1.947160000000000002e-01
2.006190000000000473e-01 6.343592008117164560e-02 4.019507856868981266e-02 6.343592008117163172e-02 2.059709999999999874e-01 5.985372504703297125e-02 4.019507856868981266e-02 5.985372504703297125e-02 1.947160000000000002e-01
2.006190000000000473e-01 6.789092465335005988e-02 4.814177433883684576e-02 6.789092465335004600e-02 2.059709999999999874e-01 7.276667479200754629e-02 4.814177433883684576e-02 7.276667479200754629e-02 1.947160000000000002e-01
2.006190000000000473e-01 7.912598320665031881e-02 5.559176703662640356e-02 7.912598320665030494e-02 2.059709999999999874e-01 7.570163335166694984e-02 5.559176703662640356e-02 7.570163335166694984e-02 1.947160000000000002e-01
2.006190000000000473e-01 8.140190822097891077e-02 6.136050161713400147e-02 8.140190822097889689e-02 2.059709999999999874e-01 8.908280373167841437e-02 6.136050161713400147e-02 8.908280373167841437e-02 1.947160000000000002e-01
2.006190000000000473e-01 9.556997157116692287e-02 6.323649673076181532e-02 9.556997157116690900e-02 2.059709999999999874e-01 9.903564129876973876e-02 6.323649673076181532e-02 9.903564129876973876e-02 1.947160000000000002e-01
2.006190000000000473e-01 1.049352452029948396e-01 7.133067547121497987e-02 1.049352452029948118e-01 2.059709999999999874e-01 1.057034727721553186e-01 7.133067547121497987e-02 1.057034727721553186e-01 1.947160000000000002e-01
2.006190000000000473e-01 1.086862870746219817e-01 7.786461788041348919e-02 1.086862870746219539e-01 2.059709999999999874e-01 1.115988894535646370e-01 7.786461788041348919e-02 1.115988894535646370e-01 1.947160000000000002e-01
2.006190000000000473e-01 1.178197740741395438e-01 8.193351879018133388e-02 1.178197740741395161e-01 2.059709999999999874e-01 1.213598343430126736e-01 8.193351879018133388e-02 1.213598343430126736e-01 1.947160000000000002e-01
2.006190000000000473e-01 1.252509479609402177e-01 8.703106140227553911e-02 1.252509479609401899e-01 2.059709999999999874e-01 1.338062728944435231e-01 8.703106140227553911e-02 1.338062728944435231e-01 1.947160000000000002e-01
2.006190000000000473e-01 1.362722147302948272e-01 9.533724712191476991e-02 1.362722147302947995e-01 2.059709999999999874e-01 1.365079428691355623e-01 9.533724712191476991e-02 1.365079428691355623e-01 1.947160000000000002e-01
2.006190000000000473e-01 1.399559769953208355e-01 9.861367157410665107e-02 1.399559769953208077e-01 2.059709999999999874e-01 1.485028371012342419e-01 9.861367157410665107e-02 1.485028371012342419e-01 1.947160000000000002e-01
2.006190000000000473e-01 1.495288093828469611e-01 1.075388734970132848e-01 1.495288093828469334e-01 2.059709999999999874e-01 1.537043391394407044e-01 1.075388734970132848e-01 1.537043391394407044e-01 1.947160000000000002e-01
2.006190000000000473e-01 1.538570000000000215e-01 1.086980000000000168e-01 1.538569999999999938e-01 2.059709999999999874e-01 1.592939999999999912e-01 1.086980000000000168e-01 1.592939999999999912e-01 1.947160000000000002e-01
c: 
1.385999999999999899e+00
1.504000000000000004e+00
1.360999999999999988e+00
