CDF: 
2.000000000000000111e-01 5.100000000000000089e-01 8.599999999999999867e-01 1.000000000000000000e+00
4.500000000000000111e-01 7.700000000000000178e-01 8.100000000000000533e-01 1.000000000000000000e+00
2.700000000000000178e-01 4.799999999999999822e-01 5.600000000000000533e-01 1.000000000000000000e+00
sigma: 
9.143600000000000338e-02 2.781147515885807470e-03 4.952063473622357950e-03 2.781147515885807903e-03 1.363000000000000322e-01 2.253108156326023067e-04 4.952063473622357950e-03 2.253108156326023067e-04 1.970040000000000402e-01
9.143600000000000338e-02 7.147581210933568428e-03 1.005878644395693210e-02 7.147581210933569296e-03 1.363000000000000322e-01 1.062040986792284203e-02 1.005878644395693036e-02 1.062040986792284203e-02 1.970040000000000402e-01
9.143600000000000338e-02 1.511734931584015132e-02 1.104781211413166306e-02 1.511734931584015305e-02 1.363000000000000322e-01 1.739369268134110039e-02 1.104781211413166132e-02 1.739369268134110039e-02 1.970040000000000402e-01
9.143600000000000338e-02 1.816186300318676713e-02 1.869994580257936662e-02 1.816186300318677060e-02 1.363000000000000322e-01 2.137214060055196013e-02 1.869994580257936315e-02 2.137214060055196013e-02 1.970040000000000402e-01
9.143600000000000338e-02 2.450447757386612496e-02 2.170548576873610955e-02 2.450447757386612843e-02 1.363000000000000322e-01 2.806784476081554403e-02 2.170548576873610608e-02 2.806784476081554403e-02 1.970040000000000402e-01
9.143600000000000338e-02 2.765040171396813268e-02 2.940652715644214918e-02 2.765040171396813615e-02 1.363000000000000322e-01 3.663742850460156852e-02 2.940652715644214571e-02 3.663742850460156852e-02 1.970040000000000402e-01
9.143600000000000338e-02 3.196358825881800980e-02 3.308675310009160514e-02 3.196358825881801674e-02 1.363000000000000322e-01 3.992791392278378232e-02 3.308675310009159820e-02 3.992791392278378232e-02 1.970040000000000402e-01
9.143600000000000338e-02 3.651319939551616461e-02 4.071879475525995440e-02 3.651319939551616461e-02 1.363000000000000322e-01 4.684948013050197618e-02 4.071879475525994746e-02 4.684948013050197618e-02 1.970040000000000402e-01
9.143600000000000338e-02 4.251244423408093165e-02 4.842946768548622022e-02 4.251244423408093165e-02 1.363000000000000322e-01 5.301311661220489690e-02 4.842946768548621328e-02 5.301311661220489690e-02 1.970040000000000402e-01
9.143600000000000338e-02 4.610621525221135497e-02 5.137171124555617308e-02 4.610621525221136191e-02 1.363000000000000322e-01 6.117221951066625224e-02 5.137171124555616614e-02 6.117221951066625224e-02 1.970040000000000402e-01
9.143600000000000338e-02 5.273765303861205345e-02 5.838990411990559876e-02 5.273765303861206039e-02 1.363000000000000322e-01 6.249632329910046608e-02 5.838990411990559182e-02 6.249632329910046608e-02 1.970040000000000402e-01
9.143600000000000338e-02 5.815688082076709425e-02 5.993124694399431379e-02 5.815688082076710119e-02 1.363000000000000322e-01 7.224042162992438953e-02 5.993124694399430685e-02 7.224042162992438953e-02 1.970040000000000402e-01
9.143600000000000338e-02 6.478073599862269050e-02 6.782955186974316819e-02 6.478073599862270437e-02 1.363000000000000322e-01 7.421418257156399412e-02 6.782955186974315431e-02 7.421418257156399412e-02 1.970040000000000402e-01
9.143600000000000338e-02 6.975718989339463327e-02 7.470514867704032558e-02 6.975718989339464715e-02 1.363000000000000322e-01 8.136812324488984505e-02 7.470514867704031170e-02 8.136812324488984505e-02 1.970040000000000402e-01
9.143600000000000338e-02 7.512576742591810242e-02 7.662766853600209982e-02 7.512576742591811629e-02 1.363000000000000322e-01 8.803454763431078911e-02 7.662766853600209982e-02 8.803454763431078911e-02 1.970040000000000402e-01
9.143600000000000338e-02 8.134535309404626602e-02 8.398645706615405493e-02 8.134535309404626602e-02 1.363000000000000322e-01 9.756765349992857494e-02 8.398645706615404105e-02 9.756765349992857494e-02 1.970040000000000402e-01
9.143600000000000338e-02 8.249450387760619285e-02 9.158451638555331620e-02 8.249450387760620673e-02 1.363000000000000322e-01 1.027302203153353938e-01 9.158451638555330232e-02 1.027302203153353938e-01 1.970040000000000402e-01
9.143600000000000338e-02 8.791226854700653903e-02 9.462011895273234052e-02 8.791226854700655291e-02 1.363000000000000322e-01 1.097408116082685958e-01 9.462011895273232664e-02 1.097408116082685958e-01 1.970040000000000402e-01
9.143600000000000338e-02 9.498432834402112390e-02 9.908431154662571128e-02 9.498432834402113778e-02 1.363000000000000322e-01 1.142187473046490237e-01 9.908431154662569740e-02 1.142187473046490237e-01 1.970040000000000402e-01
9.143600000000000338e-02 9.725999999999999923e-02 1.030120000000000202e-01 9.726000000000001311e-02 1.363000000000000322e-01 1.168200000000000072e-01 1.030120000000000063e-01 1.168200000000000072e-01 1.970040000000000402e-01
c: 
1.304000000000000048e+00
1.540000000000000036e+00
1.673000000000000043e+00
