CDF: 
1.499999999999999944e-01 2.099999999999999922e-01 6.800000000000000488e-01 1.000000000000000000e+00
5.400000000000000355e-01 5.899999999999999689e-01 6.300000000000000044e-01 1.000000000000000000e+00
1.700000000000000122e-01 6.999999999999999556e-01 7.299999999999999822e-01 1.000000000000000000e+00
sigma: 
1.271999999999999797e-01 4.419186768087325591e-04 1.791302778001597215e-03 4.419186768087325591e-04 2.215840000000000032e-01 3.391486996248589247e-03 1.791302778001597432e-03 3.391486996248589247e-03 1.454560000000000020e-01
1.271999999999999797e-01 1.439647405682769818e-02 1.047853293013642842e-02 1.439647405682769818e-02 2.215840000000000032e-01 1.057037077049082126e-02 1.047853293013643015e-02 1.057037077049082126e-02 1.454560000000000020e-01
1.271999999999999797e-01 2.024149650960207353e-02 1.730806653665945341e-02 2.024149650960207353e-02 2.215840000000000032e-01 2.198226382367045664e-02 1.730806653665945341e-02 2.198226382367045664e-02 1.454560000000000020e-01
1.271999999999999797e-01 2.380294616945574995e-02 2.227732138558577435e-02 2.380294616945574995e-02 2.215840000000000032e-01 2.432421413023020534e-02 2.227732138558577782e-02 2.432421413023020534e-02 1.454560000000000020e-01
1.271999999999999797e-01 3.148746066704818242e-02 2.634124568204405936e-02 3.148746066704818242e-02 2.215840000000000032e-01 3.129254942625400715e-02 2.634124568204406283e-02 3.129254942625400715e-02 1.454560000000000020e-01
1.271999999999999797e-01 4.013631400691271972e-02 3.894502110462091937e-02 4.013631400691271972e-02 2.215840000000000032e-01 3.975939576547145304e-02 3.894502110462092631e-02 3.975939576547145304e-02 1.454560000000000020e-01
1.271999999999999797e-01 4.564764724301031973e-02 4.090620314060591095e-02 4.564764724301031973e-02 2.215840000000000032e-01 4.778699534761025880e-02 4.090620314060591095e-02 4.778699534761025880e-02 1.454560000000000020e-01
1.271999999999999797e-01 5.533315640143148667e-02 4.870465479613240306e-02 5.533315640143148667e-02 2.215840000000000032e-01 6.088427429103772381e-02 4.870465479613241000e-02 6.088427429103772381e-02 1.454560000000000020e-01
1.271999999999999797e-01 6.158822046645974491e-02 5.288751190927042795e-02 6.158822046645974491e-02 2.215840000000000032e-01 6.506247904760430190e-02 5.288751190927043488e-02 6.506247904760430190e-02 1.454560000000000020e-01
1.271999999999999797e-01 7.595822983241624915e-02 6.046119183439604972e-02 7.595822983241624915e-02 2.215840000000000032e-01 7.601085367896970313e-02 6.046119183439605665e-02 7.601085367896970313e-02 1.454560000000000020e-01
1.271999999999999797e-01 7.795190745034517865e-02 6.758818071363782709e-02 7.795190745034517865e-02 2.215840000000000032e-01 8.484188154351229860e-02 6.758818071363782709e-02 8.484188154351229860e-02 1.454560000000000020e-01
1.271999999999999797e-01 8.909905464274456288e-02 7.638276891214561271e-02 8.909905464274456288e-02 2.215840000000000032e-01 9.112767601765840719e-02 7.638276891214562658e-02 9.112767601765840719e-02 1.454560000000000020e-01
1.271999999999999797e-01 9.768843095241211416e-02 8.439993767716641448e-02 9.768843095241211416e-02 2.215840000000000032e-01 9.475229535537223191e-02 8.439993767716642836e-02 9.475229535537223191e-02 1.454560000000000020e-01
1.271999999999999797e-01 9.918698684405635735e-02 8.940574245937046860e-02 9.918698684405635735e-02 2.215840000000000032e-01 1.018443732017092485e-01 8.940574245937048248e-02 1.018443732017092485e-01 1.454560000000000020e-01
1.271999999999999797e-01 1.105555968988589238e-01 9.698165452915451235e-02 1.105555968988589238e-01 2.215840000000000032e-01 1.095321883973605498e-01 9.698165452915452622e-02 1.095321883973605498e-01 1.454560000000000020e-01
1.271999999999999797e-01 1.208866824603142126e-01 1.014343017469551272e-01 1.208866824603142126e-01 2.215840000000000032e-01 1.213444596412518728e-01 1.014343017469551411e-01 1.213444596412518728e-01 1.454560000000000020e-01
1.271999999999999797e-01 1.288631337985298997e-01 1.069897311900662590e-01 1.288631337985298997e-01 2.215840000000000032e-01 1.247077960877158997e-01 1.069897311900662729e-01 1.247077960877158997e-01 1.454560000000000020e-01
1.271999999999999797e-01 1.336022344673872819e-01 1.151016389068543477e-01 1.336022344673872819e-01 2.215840000000000032e-01 1.337645784546835637e-01 1.151016389068543616e-01 1.337645784546835637e-01 1.454560000000000020e-01
1.271999999999999797e-01 1.400685208279382754e-01 1.216725914597734520e-01 1.400685208279382754e-01 2.215840000000000032e-01 1.402656517269076086e-01 1.216725914597734659e-01 1.402656517269076086e-01 1.454560000000000020e-01
1.271999999999999797e-01 1.444799999999999973e-01 1.234399999999999803e-01 1.444799999999999973e-01 2.215840000000000032e-01 1.475520000000000165e-01 1.234399999999999942e-01 1.475520000000000165e-01 1.454560000000000020e-01
c: 
2.765000000000000124e+00
1.538000000000000034e+00
1.756000000000000005e+00
