CDF: 
3.400000000000000244e-01 5.600000000000000533e-01 6.500000000000000222e-01 1.000000000000000000e+00
2.300000000000000100e-01 2.600000000000000089e-01 2.700000000000000178e-01 1.000000000000000000e+00
1.799999999999999933e-01 6.199999999999999956e-01 7.299999999999999822e-01 1.000000000000000000e+00
sigma: 
1.883000000000000229e-01 5.877936263080476946e-03 6.709959676457270990e-03 5.877936263080476946e-03 1.851999999999999758e-01 1.672333178228075550e-03 6.709959676457270122e-03 1.672333178228075984e-03 1.435960000000000014e-01
1.883000000000000229e-01 1.077810176268754680e-02 1.289607309833434162e-02 1.077810176268754853e-02 1.851999999999999758e-01 5.420985116280451106e-03 1.289607309833433989e-02 5.420985116280451974e-03 1.435960000000000014e-01
1.883000000000000229e-01 1.216535893926914448e-02 2.080971572354299234e-02 1.216535893926914448e-02 1.851999999999999758e-01 1.062729994801656606e-02 2.080971572354298887e-02 1.062729994801656780e-02 1.435960000000000014e-01
1.883000000000000229e-01 2.229674271037685937e-02 2.679443552580996687e-02 2.229674271037685937e-02 1.851999999999999758e-01 1.481912314423995680e-02 2.679443552580996341e-02 1.481912314423995854e-02 1.435960000000000014e-01
1.883000000000000229e-01 2.597394928807126788e-02 3.724587101107735415e-02 2.597394928807126788e-02 1.851999999999999758e-01 2.113200860053745384e-02 3.724587101107734721e-02 2.113200860053745730e-02 1.435960000000000014e-01
1.883000000000000229e-01 3.151826846140459715e-02 4.258893152222165135e-02 3.151826846140460409e-02 1.851999999999999758e-01 2.788093924894566311e-02 4.258893152222164441e-02 2.788093924894566658e-02 1.435960000000000014e-01
1.883000000000000229e-01 3.683066810095567828e-02 4.921023934241047781e-02 3.683066810095568522e-02 1.851999999999999758e-01 3.122173015856052197e-02 4.921023934241047088e-02 3.122173015856052891e-02 1.435960000000000014e-01
1.883000000000000229e-01 4.279093984385214100e-02 5.469175171303465588e-02 4.279093984385214794e-02 1.851999999999999758e-01 3.380027309962331528e-02 5.469175171303464200e-02 3.380027309962332221e-02 1.435960000000000014e-01
1.883000000000000229e-01 4.745434237057548355e-02 6.509920299511995356e-02 4.745434237057549048e-02 1.851999999999999758e-01 3.915609914125485480e-02 6.509920299511993969e-02 3.915609914125486174e-02 1.435960000000000014e-01
1.883000000000000229e-01 5.587716552404731196e-02 7.028042854528467054e-02 5.587716552404731890e-02 1.851999999999999758e-01 4.366466303617702605e-02 7.028042854528465666e-02 4.366466303617703298e-02 1.435960000000000014e-01
1.883000000000000229e-01 6.467535483520228667e-02 8.013829119612758678e-02 6.467535483520228667e-02 1.851999999999999758e-01 4.699657662346323067e-02 8.013829119612757290e-02 4.699657662346324455e-02 1.435960000000000014e-01
1.883000000000000229e-01 6.824043234403971703e-02 9.192964917191044638e-02 6.824043234403971703e-02 1.851999999999999758e-01 5.473836639520475444e-02 9.192964917191043250e-02 5.473836639520476138e-02 1.435960000000000014e-01
1.883000000000000229e-01 7.283563390335842658e-02 1.005392164443918157e-01 7.283563390335844046e-02 1.851999999999999758e-01 5.872262386294012371e-02 1.005392164443918018e-01 5.872262386294013065e-02 1.435960000000000014e-01
1.883000000000000229e-01 8.063912422500209287e-02 1.074491244655651212e-01 8.063912422500210675e-02 1.851999999999999758e-01 6.385274199581361665e-02 1.074491244655651073e-01 6.385274199581363053e-02 1.435960000000000014e-01
1.883000000000000229e-01 8.491998809876831478e-02 1.116292612882292673e-01 8.491998809876832865e-02 1.851999999999999758e-01 6.968637403588029411e-02 1.116292612882292534e-01 6.968637403588030799e-02 1.435960000000000014e-01
1.883000000000000229e-01 9.351797396784439220e-02 1.198614081720490721e-01 9.351797396784440608e-02 1.851999999999999758e-01 7.251807070872645644e-02 1.198614081720490582e-01 7.251807070872647032e-02 1.435960000000000014e-01
1.883000000000000229e-01 9.656083453716676757e-02 1.270043000271316724e-01 9.656083453716678144e-02 1.851999999999999758e-01 7.746073630405468646e-02 1.270043000271316447e-01 7.746073630405470034e-02 1.435960000000000014e-01
1.883000000000000229e-01 1.056258787338401339e-01 1.334846428853209144e-01 1.056258787338401478e-01 1.851999999999999758e-01 8.176708997932014000e-02 1.334846428853208866e-01 8.176708997932015388e-02 1.435960000000000014e-01
1.883000000000000229e-01 1.100974475065823466e-01 1.451909415995383534e-01 1.100974475065823605e-01 1.851999999999999758e-01 8.585611599335254973e-02 1.451909415995383257e-01 8.585611599335256361e-02 1.435960000000000014e-01
1.883000000000000229e-01 1.118000000000000244e-01 1.475400000000000322e-01 1.118000000000000382e-01 1.851999999999999758e-01 8.852000000000000146e-02 1.475400000000000045e-01 8.852000000000001534e-02 1.435960000000000014e-01
c: 
1.173999999999999932e+00
2.604999999999999982e+00
2.158999999999999808e+00
