CDF: 
1.300000000000000044e-01 3.400000000000000244e-01 6.199999999999999956e-01 1.000000000000000000e+00
1.000000000000000056e-01 3.499999999999999778e-01 5.000000000000000000e-01 1.000000000000000000e+00
4.699999999999999734e-01 5.500000000000000444e-01 5.999999999999999778e-01 1.000000000000000000e+00
sigma: 
1.480440000000000089e-01 2.725989159580146683e-03 4.763036607232634841e-03 2.725989159580146249e-03 1.618999999999999884e-01 5.963255480280398556e-03 4.763036607232634841e-03 5.963255480280400291e-03 2.211039999999999950e-01
1.480440000000000089e-01 1.036512159316336883e-02 1.563645804862341671e-02 1.036512159316336536e-02 1.618999999999999884e-01 1.086850014764411364e-02 1.563645804862341671e-02 1.086850014764411537e-02 2.211039999999999950e-01
1.480440000000000089e-01 1.947972350913238296e-02 2.012095673322336978e-02 1.947972350913237949e-02 1.618999999999999884e-01 2.052929573315780479e-02 2.012095673322336978e-02 2.052929573315780826e-02 2.211039999999999950e-01
1.480440000000000089e-01 2.553009199298324899e-02 3.375299033411695293e-02 2.553009199298324552e-02 1.618999999999999884e-01 2.824826566924448085e-02 3.375299033411695293e-02 2.824826566924448432e-02 2.211039999999999950e-01
1.480440000000000089e-01 3.338191488274528523e-02 4.154392365206781290e-02 3.338191488274527829e-02 1.618999999999999884e-01 3.512423677607549866e-02 4.154392365206781290e-02 3.512423677607549866e-02 2.211039999999999950e-01
1.480440000000000089e-01 3.956608861228738672e-02 4.881642305828675504e-02 3.956608861228737284e-02 1.618999999999999884e-01 4.966045758782214325e-02 4.881642305828675504e-02 4.966045758782215019e-02 2.211039999999999950e-01
1.480440000000000089e-01 4.663266331208053977e-02 6.062866655253389830e-02 4.663266331208052590e-02 1.618999999999999884e-01 6.036446899879640421e-02 6.062866655253389830e-02 6.036446899879641809e-02 2.211039999999999950e-01
1.480440000000000089e-01 4.995521980567769332e-02 6.426898484684664958e-02 4.995521980567767945e-02 1.618999999999999884e-01 6.471867202234948824e-02 6.426898484684664958e-02 6.471867202234950212e-02 2.211039999999999950e-01
1.480440000000000089e-01 5.997545244649769153e-02 7.925677423332246063e-02 5.997545244649768459e-02 1.618999999999999884e-01 7.809240143566335834e-02 7.925677423332246063e-02 7.809240143566337222e-02 2.211039999999999950e-01
1.480440000000000089e-01 7.014263477186136186e-02 8.858740123444766579e-02 7.014263477186134799e-02 1.618999999999999884e-01 8.729943992855790369e-02 8.858740123444766579e-02 8.729943992855791757e-02 2.211039999999999950e-01
1.480440000000000089e-01 7.266919964950674382e-02 9.331896706448389311e-02 7.266919964950672994e-02 1.618999999999999884e-01 8.805888911636426675e-02 9.331896706448389311e-02 8.805888911636428062e-02 2.211039999999999950e-01
1.480440000000000089e-01 7.966955329509799177e-02 1.004364876490740077e-01 7.966955329509797790e-02 1.618999999999999884e-01 9.899875244540652652e-02 1.004364876490740077e-01 9.899875244540654040e-02 2.211039999999999950e-01
1.480440000000000089e-01 9.180754703194977939e-02 1.148064691710272006e-01 9.180754703194975164e-02 1.618999999999999884e-01 1.063439467116206183e-01 1.148064691710272006e-01 1.063439467116206461e-01 2.211039999999999950e-01
1.480440000000000089e-01 9.285077604314682931e-02 1.240804965755660100e-01 9.285077604314681543e-02 1.618999999999999884e-01 1.187092905804459086e-01 1.240804965755660100e-01 1.187092905804459225e-01 2.211039999999999950e-01
1.480440000000000089e-01 1.001562083448669788e-01 1.267298997047119069e-01 1.001562083448669649e-01 1.618999999999999884e-01 1.292534690648509677e-01 1.267298997047119069e-01 1.292534690648509954e-01 2.211039999999999950e-01
1.480440000000000089e-01 1.075012941173129760e-01 1.390036112451571437e-01 1.075012941173129483e-01 1.618999999999999884e-01 1.332912478862319228e-01 1.390036112451571437e-01 1.332912478862319228e-01 2.211039999999999950e-01
1.480440000000000089e-01 1.207483508096045405e-01 1.431261294388345151e-01 1.207483508096045266e-01 1.618999999999999884e-01 1.454020160401312545e-01 1.431261294388345151e-01 1.454020160401312822e-01 2.211039999999999950e-01
1.480440000000000089e-01 1.251761862177833140e-01 1.541971513943426186e-01 1.251761862177833140e-01 1.618999999999999884e-01 1.526509746149970204e-01 1.541971513943426186e-01 1.526509746149970481e-01 2.211039999999999950e-01
1.480440000000000089e-01 1.326750299668791599e-01 1.694936718587377322e-01 1.326750299668791322e-01 1.618999999999999884e-01 1.622249031275423969e-01 1.694936718587377322e-01 1.622249031275424247e-01 2.211039999999999950e-01
1.480440000000000089e-01 1.354600000000000248e-01 1.695760000000000045e-01 1.354599999999999971e-01 1.618999999999999884e-01 1.664400000000000046e-01 1.695760000000000045e-01 1.664400000000000324e-01 2.211039999999999950e-01
c: 
2.646999999999999797e+00
1.423999999999999932e+00
1.520000000000000018e+00
