CDF: 
3.499999999999999778e-01 4.199999999999999845e-01 4.799999999999999822e-01 1.000000000000000000e+00
1.000000000000000056e-01 1.900000000000000022e-01 3.300000000000000155e-01 1.000000000000000000e+00
5.000000000000000278e-02 2.700000000000000178e-01 5.300000000000000266e-01 1.000000000000000000e+00
sigma: 
2.210360000000000102e-01 6.633993544024530857e-04 2.156640931811986111e-03 6.633993544024530857e-04 1.424640000000000073e-01 8.475108402106934415e-04 2.156640931811986545e-03 8.475108402106934415e-04 1.384759999999999880e-01
2.210360000000000102e-01 1.325349817798283578e-02 1.295379722611666139e-02 1.325349817798283578e-02 1.424640000000000073e-01 8.148776446121490380e-03 1.295379722611666486e-02 8.148776446121490380e-03 1.384759999999999880e-01
2.210360000000000102e-01 1.898248572760587172e-02 2.084447115448033114e-02 1.898248572760587172e-02 1.424640000000000073e-01 1.502244751169979839e-02 2.084447115448033461e-02 1.502244751169979839e-02 1.384759999999999880e-01
2.210360000000000102e-01 2.936459742842920106e-02 2.972004054860665628e-02 2.936459742842920106e-02 1.424640000000000073e-01 2.042063064872162020e-02 2.972004054860665975e-02 2.042063064872162020e-02 1.384759999999999880e-01
2.210360000000000102e-01 3.123654200578756049e-02 4.042029342359300392e-02 3.123654200578756049e-02 1.424640000000000073e-01 2.605915878839402955e-02 4.042029342359301086e-02 2.605915878839402955e-02 1.384759999999999880e-01
2.210360000000000102e-01 4.068988051252248744e-02 4.712587938917680436e-02 4.068988051252248744e-02 1.424640000000000073e-01 3.402391232163171769e-02 4.712587938917681130e-02 3.402391232163171769e-02 1.384759999999999880e-01
2.210360000000000102e-01 4.943329730845036352e-02 5.406750587085611126e-02 4.943329730845036352e-02 1.424640000000000073e-01 3.923761384013838005e-02 5.406750587085612514e-02 3.923761384013838005e-02 1.384759999999999880e-01
2.210360000000000102e-01 5.903437123609404924e-02 5.953901251226325492e-02 5.903437123609404924e-02 1.424640000000000073e-01 4.591248697723222111e-02 5.953901251226326186e-02 4.591248697723222111e-02 1.384759999999999880e-01
2.210360000000000102e-01 6.361988100110854694e-02 6.946027473947857800e-02 6.361988100110854694e-02 1.424640000000000073e-01 4.647451193906565470e-02 6.946027473947859188e-02 4.647451193906565470e-02 1.384759999999999880e-01
2.210360000000000102e-01 7.307024587456567577e-02 8.235307356681792479e-02 7.307024587456567577e-02 1.424640000000000073e-01 5.219823601855850398e-02 8.235307356681793867e-02 5.219823601855850398e-02 1.384759999999999880e-01
2.210360000000000102e-01 7.730198585048410342e-02 8.573930296259707484e-02 7.730198585048410342e-02 1.424640000000000073e-01 5.953746316750388456e-02 8.573930296259708872e-02 5.953746316750388456e-02 1.384759999999999880e-01
2.210360000000000102e-01 8.375654377980959464e-02 9.334966651008753946e-02 8.375654377980959464e-02 1.424640000000000073e-01 6.593708157532515712e-02 9.334966651008755334e-02 6.593708157532515712e-02 1.384759999999999880e-01
2.210360000000000102e-01 9.577155249690702532e-02 1.085238253612905712e-01 9.577155249690702532e-02 1.424640000000000073e-01 7.055992831656573983e-02 1.085238253612905851e-01 7.055992831656573983e-02 1.384759999999999880e-01
2.210360000000000102e-01 1.022599995569334480e-01 1.111219743865349552e-01 1.022599995569334480e-01 1.424640000000000073e-01 7.730859090183425653e-02 1.111219743865349691e-01 7.730859090183425653e-02 1.384759999999999880e-01
2.210360000000000102e-01 1.092981691269229033e-01 1.243477098857517366e-01 1.092981691269229033e-01 1.424640000000000073e-01 8.425989724886931431e-02 1.243477098857517504e-01 8.425989724886931431e-02 1.384759999999999880e-01
2.210360000000000102e-01 1.129815710550359925e-01 1.319098943265192836e-01 1.129815710550359925e-01 1.424640000000000073e-01 8.863781089280668712e-02 1.319098943265192836e-01 8.863781089280668712e-02 1.384759999999999880e-01
2.210360000000000102e-01 1.221901750358913713e-01 1.407613752089785786e-01 1.221901750358913713e-01 1.424640000000000073e-01 9.461852244326630912e-02 1.407613752089786063e-01 9.461852244326630912e-02 1.384759999999999880e-01
2.210360000000000102e-01 1.339218220036164364e-01 1.437958668375518834e-01 1.339218220036164364e-01 1.424640000000000073e-01 9.891934493787148119e-02 1.437958668375518834e-01 9.891934493787148119e-02 1.384759999999999880e-01
2.210360000000000102e-01 1.428212667547539005e-01 1.601642107044069230e-01 1.428212667547539005e-01 1.424640000000000073e-01 1.051774217744718271e-01 1.601642107044069507e-01 1.051774217744718271e-01 1.384759999999999880e-01
2.210360000000000102e-01 1.428480000000000028e-01 1.603559999999999708e-01 1.428480000000000028e-01 1.424640000000000073e-01 1.098079999999999889e-01 1.603559999999999985e-01 1.098079999999999889e-01 1.384759999999999880e-01
c: 
1.318000000000000060e+00
1.487999999999999989e+00
1.743000000000000105e+00
