CDF: 
2.700000000000000178e-01 3.400000000000000244e-01 8.100000000000000533e-01 1.000000000000000000e+00
2.999999999999999889e-01 4.400000000000000022e-01 5.600000000000000533e-01 1.000000000000000000e+00
3.900000000000000133e-01 5.699999999999999512e-01 6.899999999999999467e-01 1.000000000000000000e+00
sigma: 
1.187560000000000004e-01 2.070750736744645867e-03 1.754485111065774922e-03 2.070750736744645867e-03 2.121000000000000107e-01 5.065493754026194687e-03 1.754485111065775139e-03 5.065493754026194687e-03 1.901039999999999952e-01
1.187560000000000004e-01 1.119387467181288780e-02 6.304090377453413184e-03 1.119387467181288780e-02 2.121000000000000107e-01 9.928778803277811538e-03 6.304090377453414051e-03 9.928778803277811538e-03 1.901039999999999952e-01
1.187560000000000004e-01 1.569761869532010010e-02 1.298978452612049340e-02 1.569761869532010010e-02 2.121000000000000107e-01 2.504922059133920728e-02 1.298978452612049514e-02 2.504922059133920728e-02 1.901039999999999952e-01
1.187560000000000004e-01 1.866858191288275903e-02 2.471529626691197981e-02 1.866858191288275903e-02 2.121000000000000107e-01 3.351676361830771556e-02 2.471529626691198328e-02 3.351676361830771556e-02 1.901039999999999952e-01
1.187560000000000004e-01 2.959738806370548758e-02 2.993713880110297071e-02 2.959738806370548758e-02 2.121000000000000107e-01 4.457712198198218040e-02 2.993713880110297418e-02 4.457712198198218040e-02 1.901039999999999952e-01
1.187560000000000004e-01 3.568245185097212308e-02 3.147330679649719409e-02 3.568245185097212308e-02 2.121000000000000107e-01 4.604152142738176384e-02 3.147330679649719409e-02 4.604152142738176384e-02 1.901039999999999952e-01
1.187560000000000004e-01 3.684750269970477748e-02 3.886640136125746325e-02 3.684750269970477748e-02 2.121000000000000107e-01 6.316935692413308545e-02 3.886640136125746325e-02 6.316935692413308545e-02 1.901039999999999952e-01
1.187560000000000004e-01 4.685368502289700282e-02 4.936720707319509904e-02 4.685368502289700282e-02 2.121000000000000107e-01 6.798433852308168046e-02 4.936720707319510598e-02 6.798433852308168046e-02 1.901039999999999952e-01
1.187560000000000004e-01 5.099278033965044116e-02 5.065048465928796012e-02 5.099278033965044116e-02 2.121000000000000107e-01 7.277745527485313115e-02 5.065048465928796706e-02 7.277745527485313115e-02 1.901039999999999952e-01
1.187560000000000004e-01 5.965323922781697735e-02 6.058194976347432148e-02 5.965323922781697735e-02 2.121000000000000107e-01 8.773304413944084390e-02 6.058194976347432842e-02 8.773304413944084390e-02 1.901039999999999952e-01
1.187560000000000004e-01 6.460049267880417501e-02 6.583509838298963468e-02 6.460049267880417501e-02 2.121000000000000107e-01 9.609891836909170704e-02 6.583509838298964856e-02 9.609891836909170704e-02 1.901039999999999952e-01
1.187560000000000004e-01 7.004969859875717630e-02 7.027684022055627477e-02 7.004969859875717630e-02 2.121000000000000107e-01 1.046518437688242903e-01 7.027684022055628865e-02 1.046518437688242903e-01 1.901039999999999952e-01
1.187560000000000004e-01 7.642364136571434818e-02 8.105894530771078077e-02 7.642364136571434818e-02 2.121000000000000107e-01 1.139805211748406155e-01 8.105894530771079465e-02 1.139805211748406155e-01 1.901039999999999952e-01
1.187560000000000004e-01 8.063392235174841882e-02 8.422967391520601310e-02 8.063392235174841882e-02 2.121000000000000107e-01 1.239866630461133323e-01 8.422967391520602698e-02 1.239866630461133323e-01 1.901039999999999952e-01
1.187560000000000004e-01 8.444911354721341967e-02 9.375262199482671532e-02 8.444911354721341967e-02 2.121000000000000107e-01 1.340090787930756366e-01 9.375262199482672920e-02 1.340090787930756366e-01 1.901039999999999952e-01
1.187560000000000004e-01 9.044549337984403303e-02 9.982326894621179614e-02 9.044549337984403303e-02 2.121000000000000107e-01 1.444939114404025782e-01 9.982326894621181002e-02 1.444939114404025782e-01 1.901039999999999952e-01
1.187560000000000004e-01 1.006111515153885194e-01 1.022753291024884464e-01 1.006111515153885194e-01 2.121000000000000107e-01 1.537123766142684256e-01 1.022753291024884464e-01 1.537123766142684256e-01 1.901039999999999952e-01
1.187560000000000004e-01 1.041240546893897473e-01 1.073431443840415916e-01 1.041240546893897473e-01 2.121000000000000107e-01 1.607550759236609783e-01 1.073431443840416055e-01 1.607550759236609783e-01 1.901039999999999952e-01
1.187560000000000004e-01 1.125529257297315927e-01 1.154295944071631885e-01 1.125529257297315927e-01 2.121000000000000107e-01 1.699249740737125702e-01 1.154295944071632024e-01 1.699249740737125702e-01 1.901039999999999952e-01
1.187560000000000004e-01 1.135800000000000143e-01 1.191679999999999962e-01 1.135800000000000143e-01 2.121000000000000107e-01 1.727400000000000324e-01 1.191680000000000100e-01 1.727400000000000324e-01 1.901039999999999952e-01
c: 
1.917999999999999927e+00
2.537999999999999812e+00
2.559000000000000163e+00
