CDF: 
1.799999999999999933e-01 2.999999999999999889e-01 6.099999999999999867e-01 1.000000000000000000e+00
1.000000000000000056e-01 5.300000000000000266e-01 7.199999999999999734e-01 1.000000000000000000e+00
1.700000000000000122e-01 2.800000000000000266e-01 5.500000000000000444e-01 1.000000000000000000e+00
sigma: 
1.549560000000000104e-01 4.703266780721265632e-03 4.109925533746365198e-03 4.703266780721265632e-03 1.322360000000000202e-01 1.414715432629050623e-03 4.109925533746365198e-03 1.414715432629050623e-03 1.612000000000000099e-01
1.549560000000000104e-01 1.051242233559626649e-02 8.513603150610161291e-03 1.051242233559626649e-02 1.322360000000000202e-01 7.883780388786816931e-03 8.513603150610161291e-03 7.883780388786816931e-03 1.612000000000000099e-01
1.549560000000000104e-01 1.778027580503402372e-02 2.020518372768443163e-02 1.778027580503402372e-02 1.322360000000000202e-01 1.875882766421519895e-02 2.020518372768443163e-02 1.875882766421520242e-02 1.612000000000000099e-01
1.549560000000000104e-01 2.493103211892338036e-02 2.470052378586847647e-02 2.493103211892338036e-02 1.322360000000000202e-01 2.308231748202380085e-02 2.470052378586847647e-02 2.308231748202380432e-02 1.612000000000000099e-01
1.549560000000000104e-01 2.935926322529285384e-02 3.243457489965646118e-02 2.935926322529285384e-02 1.322360000000000202e-01 2.521190163253917219e-02 3.243457489965646118e-02 2.521190163253917566e-02 1.612000000000000099e-01
1.549560000000000104e-01 3.657716804963557361e-02 4.320564487101533763e-02 3.657716804963557361e-02 1.322360000000000202e-01 3.268075428467778071e-02 4.320564487101533763e-02 3.268075428467778071e-02 1.612000000000000099e-01
1.549560000000000104e-01 3.962877653095083635e-02 4.850869527135105025e-02 3.962877653095083635e-02 1.322360000000000202e-01 4.225228994128400750e-02 4.850869527135105025e-02 4.225228994128400750e-02 1.612000000000000099e-01
1.549560000000000104e-01 4.784197938712302089e-02 6.048953435208706542e-02 4.784197938712302089e-02 1.322360000000000202e-01 4.603627137319045437e-02 6.048953435208706542e-02 4.603627137319045437e-02 1.612000000000000099e-01
1.549560000000000104e-01 5.775897761498635652e-02 6.816484002595549208e-02 5.775897761498635652e-02 1.322360000000000202e-01 5.248266390586366764e-02 6.816484002595549208e-02 5.248266390586367458e-02 1.612000000000000099e-01
1.549560000000000104e-01 5.945560618244291606e-02 7.299482393248689360e-02 5.945560618244291606e-02 1.322360000000000202e-01 6.155885510438842412e-02 7.299482393248689360e-02 6.155885510438843106e-02 1.612000000000000099e-01
1.549560000000000104e-01 6.969837975366129090e-02 8.326570802960348017e-02 6.969837975366129090e-02 1.322360000000000202e-01 6.459419518647216418e-02 8.326570802960348017e-02 6.459419518647216418e-02 1.612000000000000099e-01
1.549560000000000104e-01 7.584317299649039057e-02 8.630615191599212699e-02 7.584317299649039057e-02 1.322360000000000202e-01 7.470507818904434383e-02 8.630615191599212699e-02 7.470507818904435771e-02 1.612000000000000099e-01
1.549560000000000104e-01 8.062328665378169779e-02 9.373096049737407454e-02 8.062328665378169779e-02 1.322360000000000202e-01 7.841175767561987808e-02 9.373096049737407454e-02 7.841175767561987808e-02 1.612000000000000099e-01
1.549560000000000104e-01 8.603342223859344884e-02 1.030852307267839663e-01 8.603342223859344884e-02 1.322360000000000202e-01 8.266089470993817634e-02 1.030852307267839663e-01 8.266089470993819022e-02 1.612000000000000099e-01
1.549560000000000104e-01 9.417825533077940625e-02 1.090024452123998094e-01 9.417825533077940625e-02 1.322360000000000202e-01 8.866840160184896735e-02 1.090024452123998094e-01 8.866840160184896735e-02 1.612000000000000099e-01
1.549560000000000104e-01 1.020692369602206606e-01 1.226068011975283006e-01 1.020692369602206606e-01 1.322360000000000202e-01 9.716145110702170684e-02 1.226068011975283006e-01 9.716145110702172072e-02 1.612000000000000099e-01
1.549560000000000104e-01 1.086416249428112241e-01 1.262768137280241842e-01 1.086416249428112241e-01 1.322360000000000202e-01 1.014433658088086387e-01 1.262768137280241842e-01 1.014433658088086526e-01 1.612000000000000099e-01
1.549560000000000104e-01 1.093626276286672749e-01 1.329260151229162690e-01 1.093626276286672749e-01 1.322360000000000202e-01 1.126903947581640586e-01 1.329260151229162690e-01 1.126903947581640725e-01 1.612000000000000099e-01
1.549560000000000104e-01 1.210063357242193161e-01 1.439227983518671372e-01 1.210063357242193161e-01 1.322360000000000202e-01 1.186998563220639374e-01 1.439227983518671372e-01 1.186998563220639513e-01 1.612000000000000099e-01
1.549560000000000104e-01 1.222040000000000071e-01 1.475600000000000245e-01 1.222040000000000071e-01 1.322360000000000202e-01 1.192399999999999988e-01 1.475600000000000245e-01 1.192400000000000126e-01 1.612000000000000099e-01
c: 
2.474000000000000199e+00
2.475999999999999979e+00
2.948999999999999844e+00
