CDF: 
4.699999999999999734e-01 5.999999999999999778e-01 7.099999999999999645e-01 1.000000000000000000e+00
1.499999999999999944e-01 2.999999999999999889e-01 8.000000000000000444e-01 1.000000000000000000e+00
5.000000000000000000e-01 6.300000000000000044e-01 6.400000000000000133e-01 1.000000000000000000e+00
sigma: 
1.883039999999999714e-01 2.485105815015916774e-03 2.079365207244324686e-03 2.485105815015916774e-03 1.132750000000000146e-01 6.777002934411726666e-04 2.079365207244324686e-03 6.777002934411727750e-04 2.208240000000000203e-01
1.883039999999999714e-01 1.200199586175634131e-02 1.390629922849243548e-02 1.200199586175634131e-02 1.132750000000000146e-01 7.805180634049471017e-03 1.390629922849243548e-02 7.805180634049472752e-03 2.208240000000000203e-01
1.883039999999999714e-01 1.618867672910363764e-02 2.675851928466848120e-02 1.618867672910363764e-02 1.132750000000000146e-01 1.492119600972976155e-02 2.675851928466848120e-02 1.492119600972976502e-02 2.208240000000000203e-01
1.883039999999999714e-01 2.442219375094305603e-02 3.156055873752127566e-02 2.442219375094305603e-02 1.132750000000000146e-01 2.104595584852402002e-02 3.156055873752127566e-02 2.104595584852402695e-02 2.208240000000000203e-01
1.883039999999999714e-01 2.903480412329375454e-02 4.912352790055576901e-02 2.903480412329375454e-02 1.132750000000000146e-01 2.884866911356170904e-02 4.912352790055576901e-02 2.884866911356171598e-02 2.208240000000000203e-01
1.883039999999999714e-01 3.369446701210263712e-02 5.820464302252750105e-02 3.369446701210263712e-02 1.132750000000000146e-01 3.370354297954199219e-02 5.820464302252750105e-02 3.370354297954199913e-02 2.208240000000000203e-01
1.883039999999999714e-01 3.849091593298922809e-02 6.565611416188159299e-02 3.849091593298922809e-02 1.132750000000000146e-01 3.951314565840415710e-02 6.565611416188159299e-02 3.951314565840416404e-02 2.208240000000000203e-01
1.883039999999999714e-01 4.707582171752676403e-02 7.542541206311315083e-02 4.707582171752676403e-02 1.132750000000000146e-01 4.819495225842450326e-02 7.542541206311315083e-02 4.819495225842451713e-02 2.208240000000000203e-01
1.883039999999999714e-01 5.088403281139197015e-02 8.488767119088583279e-02 5.088403281139197015e-02 1.132750000000000146e-01 5.184063129507239520e-02 8.488767119088583279e-02 5.184063129507240908e-02 2.208240000000000203e-01
1.883039999999999714e-01 5.724518560451585802e-02 9.731216858082512855e-02 5.724518560451585802e-02 1.132750000000000146e-01 5.820681539469182986e-02 9.731216858082512855e-02 5.820681539469184373e-02 2.208240000000000203e-01
1.883039999999999714e-01 6.573798194525633243e-02 1.051204510871212722e-01 6.573798194525633243e-02 1.132750000000000146e-01 6.160816277583491124e-02 1.051204510871212722e-01 6.160816277583493206e-02 2.208240000000000203e-01
1.883039999999999714e-01 7.103221324668536341e-02 1.152582507135801321e-01 7.103221324668536341e-02 1.132750000000000146e-01 7.246286033869031584e-02 1.152582507135801321e-01 7.246286033869032972e-02 2.208240000000000203e-01
1.883039999999999714e-01 7.937227993091137968e-02 1.217733415404495673e-01 7.937227993091137968e-02 1.132750000000000146e-01 7.414227124407382630e-02 1.217733415404495673e-01 7.414227124407384018e-02 2.208240000000000203e-01
1.883039999999999714e-01 8.630877532362653259e-02 1.321686875030629038e-01 8.630877532362653259e-02 1.132750000000000146e-01 8.347013874021957935e-02 1.321686875030629038e-01 8.347013874021960711e-02 2.208240000000000203e-01
1.883039999999999714e-01 9.263847343965533887e-02 1.456347696796149449e-01 9.263847343965533887e-02 1.132750000000000146e-01 8.796374080407548535e-02 1.456347696796149449e-01 8.796374080407549922e-02 2.208240000000000203e-01
1.883039999999999714e-01 9.722609115159892845e-02 1.514363020026520679e-01 9.722609115159892845e-02 1.132750000000000146e-01 9.186553367909433554e-02 1.514363020026520679e-01 9.186553367909434942e-02 2.208240000000000203e-01
1.883039999999999714e-01 1.009194309454576749e-01 1.668773205912828517e-01 1.009194309454576749e-01 1.132750000000000146e-01 1.008244655861080114e-01 1.668773205912828517e-01 1.008244655861080252e-01 2.208240000000000203e-01
1.883039999999999714e-01 1.086436116907967958e-01 1.684559263356072145e-01 1.086436116907967958e-01 1.132750000000000146e-01 1.038974937176612157e-01 1.684559263356072145e-01 1.038974937176612434e-01 2.208240000000000203e-01
1.883039999999999714e-01 1.130843529161536798e-01 1.815590049337770517e-01 1.130843529161536798e-01 1.132750000000000146e-01 1.126396685258818642e-01 1.815590049337770517e-01 1.126396685258818919e-01 2.208240000000000203e-01
1.883039999999999714e-01 1.181599999999999873e-01 1.874640000000000195e-01 1.181599999999999873e-01 1.132750000000000146e-01 1.155599999999999961e-01 1.874640000000000195e-01 1.155600000000000238e-01 2.208240000000000203e-01
c: 
2.047000000000000153e+00
2.259999999999999787e+00
2.435000000000000053e+00
