CDF: 
2.999999999999999889e-01 4.400000000000000022e-01 4.600000000000000200e-01 1.000000000000000000e+00
8.999999999999999667e-02 3.699999999999999956e-01 4.299999999999999933e-01 1.000000000000000000e+00
2.000000000000000111e-01 3.400000000000000244e-01 4.699999999999999734e-01 1.000000000000000000e+00
sigma: 
2.170239999999999947e-01 7.718048605431617956e-03 5.971134670654723933e-03 7.718048605431617089e-03 1.683000000000000052e-01 6.359121134125116093e-03 5.971134670654723933e-03 6.359121134125116093e-03 1.842999999999999639e-01
2.170239999999999947e-01 1.879690166914076491e-02 1.038425514840666739e-02 1.879690166914076144e-02 1.683000000000000052e-01 1.041479017924741221e-02 1.038425514840666739e-02 1.041479017924741221e-02 1.842999999999999639e-01
2.170239999999999947e-01 2.410477927203779139e-02 2.418793712707977342e-02 2.410477927203778792e-02 1.683000000000000052e-01 2.264823549507595860e-02 2.418793712707977342e-02 2.264823549507595860e-02 1.842999999999999639e-01
2.170239999999999947e-01 3.064270959556412294e-02 3.521671875398476453e-02 3.064270959556411947e-02 1.683000000000000052e-01 3.136664832507406880e-02 3.521671875398476453e-02 3.136664832507406880e-02 1.842999999999999639e-01
2.170239999999999947e-01 4.234359887799993283e-02 5.035290746976134324e-02 4.234359887799992589e-02 1.683000000000000052e-01 3.907942122669969681e-02 5.035290746976134324e-02 3.907942122669969681e-02 1.842999999999999639e-01
2.170239999999999947e-01 5.769574671309748298e-02 5.667132053957685267e-02 5.769574671309747604e-02 1.683000000000000052e-01 4.618134718857486165e-02 5.667132053957685267e-02 4.618134718857486165e-02 1.842999999999999639e-01
2.170239999999999947e-01 6.742723475674790301e-02 7.028559628572372819e-02 6.742723475674788913e-02 1.683000000000000052e-01 5.837147058999669208e-02 7.028559628572372819e-02 5.837147058999669208e-02 1.842999999999999639e-01
2.170239999999999947e-01 7.429335971382336479e-02 8.044514822587996161e-02 7.429335971382335091e-02 1.683000000000000052e-01 6.895476876165319846e-02 8.044514822587996161e-02 6.895476876165319846e-02 1.842999999999999639e-01
2.170239999999999947e-01 8.036841197945071569e-02 8.325628724988125284e-02 8.036841197945070181e-02 1.683000000000000052e-01 7.822852127337499850e-02 8.325628724988125284e-02 7.822852127337499850e-02 1.842999999999999639e-01
2.170239999999999947e-01 9.244874863774019125e-02 9.480116357474618893e-02 9.244874863774017737e-02 1.683000000000000052e-01 8.601360235540218835e-02 9.480116357474618893e-02 8.601360235540218835e-02 1.842999999999999639e-01
2.170239999999999947e-01 1.044265582578863399e-01 1.078894275011551968e-01 1.044265582578863261e-01 1.683000000000000052e-01 8.878504579468154967e-02 1.078894275011551968e-01 8.878504579468154967e-02 1.842999999999999639e-01
2.170239999999999947e-01 1.118903386216543172e-01 1.228098035476459099e-01 1.118903386216543033e-01 1.683000000000000052e-01 1.015463414074911225e-01 1.228098035476459099e-01 1.015463414074911225e-01 1.842999999999999639e-01
2.170239999999999947e-01 1.170491085993997649e-01 1.333072130980180459e-01 1.170491085993997510e-01 1.683000000000000052e-01 1.098816480763803449e-01 1.333072130980180459e-01 1.098816480763803449e-01 1.842999999999999639e-01
2.170239999999999947e-01 1.269861816678863609e-01 1.385659522340751404e-01 1.269861816678863331e-01 1.683000000000000052e-01 1.211175839076505806e-01 1.385659522340751404e-01 1.211175839076505806e-01 1.842999999999999639e-01
2.170239999999999947e-01 1.371798609326861651e-01 1.535561903500748671e-01 1.371798609326861373e-01 1.683000000000000052e-01 1.233449463270188673e-01 1.535561903500748671e-01 1.233449463270188673e-01 1.842999999999999639e-01
2.170239999999999947e-01 1.482278725349263637e-01 1.630931833480517845e-01 1.482278725349263637e-01 1.683000000000000052e-01 1.375140034049779358e-01 1.630931833480517845e-01 1.375140034049779358e-01 1.842999999999999639e-01
2.170239999999999947e-01 1.566335465530992177e-01 1.699762771619095225e-01 1.566335465530991899e-01 1.683000000000000052e-01 1.425972729249880000e-01 1.699762771619095225e-01 1.425972729249880000e-01 1.842999999999999639e-01
2.170239999999999947e-01 1.678149611096219351e-01 1.805508493651533097e-01 1.678149611096219074e-01 1.683000000000000052e-01 1.514431092442012627e-01 1.805508493651533097e-01 1.514431092442012627e-01 1.842999999999999639e-01
2.170239999999999947e-01 1.808253344242416183e-01 1.915116438125798737e-01 1.808253344242415905e-01 1.683000000000000052e-01 1.662670702922202925e-01 1.915116438125798737e-01 1.662670702922202925e-01 1.842999999999999639e-01
2.170239999999999947e-01 1.832000000000000017e-01 1.954400000000000026e-01 1.831999999999999740e-01 1.683000000000000052e-01 1.670999999999999985e-01 1.954400000000000026e-01 1.670999999999999985e-01 1.842999999999999639e-01
c: 
1.185999999999999943e+00
1.881000000000000005e+00
2.616000000000000103e+00
