CDF: 
2.000000000000000111e-01 3.099999999999999978e-01 3.800000000000000044e-01 1.000000000000000000e+00
1.000000000000000056e-01 1.600000000000000033e-01 1.799999999999999933e-01 1.000000000000000000e+00
2.300000000000000100e-01 2.999999999999999889e-01 5.400000000000000355e-01 1.000000000000000000e+00
sigma: 
2.022959999999999758e-01 3.763130283829213552e-03 6.685275693124815427e-03 3.763130283829213118e-03 1.301760000000000139e-01 3.593503020192539543e-03 6.685275693124815427e-03 3.593503020192539543e-03 1.917790000000000328e-01
2.022959999999999758e-01 7.283906564361928432e-03 1.455274541272786465e-02 7.283906564361926697e-03 1.301760000000000139e-01 7.273613959457170784e-03 1.455274541272786465e-02 7.273613959457170784e-03 1.917790000000000328e-01
2.022959999999999758e-01 1.251495569181386089e-02 1.735549036197418099e-02 1.251495569181385915e-02 1.301760000000000139e-01 1.142949646643094154e-02 1.735549036197418099e-02 1.142949646643094154e-02 1.917790000000000328e-01
2.022959999999999758e-01 1.748696584979623006e-02 3.147374016245740175e-02 1.748696584979622659e-02 1.301760000000000139e-01 1.705386011126400550e-02 3.147374016245740175e-02 1.705386011126400550e-02 1.917790000000000328e-01
2.022959999999999758e-01 2.776253529046089630e-02 4.233971705529918778e-02 2.776253529046089283e-02 1.301760000000000139e-01 2.166245294608376559e-02 4.233971705529918778e-02 2.166245294608376559e-02 1.917790000000000328e-01
2.022959999999999758e-01 2.886625357813842052e-02 4.588047020314360569e-02 2.886625357813841705e-02 1.301760000000000139e-01 2.814322978654676746e-02 4.588047020314360569e-02 2.814322978654676746e-02 1.917790000000000328e-01
2.022959999999999758e-01 3.896976819258308328e-02 5.747752271127667956e-02 3.896976819258308328e-02 1.301760000000000139e-01 2.984688873039709200e-02 5.747752271127667956e-02 2.984688873039709200e-02 1.917790000000000328e-01
2.022959999999999758e-01 4.370476553085303473e-02 6.826088079378347939e-02 4.370476553085302779e-02 1.301760000000000139e-01 3.499248183957411745e-02 6.826088079378347939e-02 3.499248183957411745e-02 1.917790000000000328e-01
2.022959999999999758e-01 4.615507611467753457e-02 6.947628869451938360e-02 4.615507611467752763e-02 1.301760000000000139e-01 3.937469539579075556e-02 6.947628869451938360e-02 3.937469539579075556e-02 1.917790000000000328e-01
2.022959999999999758e-01 5.222800469112216792e-02 7.823110957786731656e-02 5.222800469112216099e-02 1.301760000000000139e-01 4.586856534512360334e-02 7.823110957786731656e-02 4.586856534512360334e-02 1.917790000000000328e-01
2.022959999999999758e-01 6.022661663001120658e-02 9.199517454993080823e-02 6.022661663001119964e-02 1.301760000000000139e-01 5.021170160655313852e-02 9.199517454993080823e-02 5.021170160655313852e-02 1.917790000000000328e-01
2.022959999999999758e-01 6.499686381758829068e-02 9.610108191479999062e-02 6.499686381758829068e-02 1.301760000000000139e-01 5.508003913381775279e-02 9.610108191479999062e-02 5.508003913381775279e-02 1.917790000000000328e-01
2.022959999999999758e-01 7.360683223532948904e-02 1.052837280179342860e-01 7.360683223532947517e-02 1.301760000000000139e-01 5.990980259906438649e-02 1.052837280179342860e-01 5.990980259906438649e-02 1.917790000000000328e-01
2.022959999999999758e-01 7.860476400651494888e-02 1.135515847596684086e-01 7.860476400651493500e-02 1.301760000000000139e-01 6.218431855900916766e-02 1.135515847596684086e-01 6.218431855900916766e-02 1.917790000000000328e-01
2.022959999999999758e-01 8.254958374761472983e-02 1.273671532077509938e-01 8.254958374761471596e-02 1.301760000000000139e-01 6.771057925219871321e-02 1.273671532077509938e-01 6.771057925219871321e-02 1.917790000000000328e-01
2.022959999999999758e-01 8.662694507806667499e-02 1.341464872625747762e-01 8.662694507806666111e-02 1.301760000000000139e-01 7.186989687327587084e-02 1.341464872625747762e-01 7.186989687327587084e-02 1.917790000000000328e-01
2.022959999999999758e-01 9.475571970695803592e-02 1.441251632866149823e-01 9.475571970695802204e-02 1.301760000000000139e-01 7.928679198409931128e-02 1.441251632866149823e-01 7.928679198409931128e-02 1.917790000000000328e-01
2.022959999999999758e-01 1.021470528312865694e-01 1.479698868745142337e-01 1.021470528312865556e-01 1.301760000000000139e-01 8.438828066430696662e-02 1.479698868745142337e-01 8.438828066430696662e-02 1.917790000000000328e-01
2.022959999999999758e-01 1.092531904049233449e-01 1.619998022560209527e-01 1.092531904049233310e-01 1.301760000000000139e-01 8.702974870634495874e-02 1.619998022560209527e-01 8.702974870634495874e-02 1.917790000000000328e-01
2.022959999999999758e-01 1.095360000000000222e-01 1.638720000000000176e-01 1.095360000000000084e-01 1.301760000000000139e-01 9.055199999999999361e-02 1.638720000000000176e-01 9.055199999999999361e-02 1.917790000000000328e-01
c: 
2.943999999999999950e+00
1.330999999999999961e+00
2.174999999999999822e+00
