CDF: 
4.099999999999999756e-01 5.300000000000000266e-01 7.399999999999999911e-01 1.000000000000000000e+00
4.400000000000000022e-01 4.799999999999999822e-01 9.399999999999999467e-01 1.000000000000000000e+00
2.399999999999999911e-01 3.099999999999999978e-01 5.400000000000000355e-01 1.000000000000000000e+00
sigma: 
1.629760000000000097e-01 1.119344414832251024e-04 4.114362720735477257e-03 1.119344414832251024e-04 7.169600000000000972e-02 2.262965533369662267e-03 4.114362720735478124e-03 2.262965533369662267e-03 1.792439999999999589e-01
1.629760000000000097e-01 7.847888040691265374e-03 7.607798069391527064e-03 7.847888040691265374e-03 7.169600000000000972e-02 7.531622674576925539e-03 7.607798069391528799e-03 7.531622674576925539e-03 1.792439999999999589e-01
1.629760000000000097e-01 1.198797842009225421e-02 1.882281450288280159e-02 1.198797842009225421e-02 7.169600000000000972e-02 9.514717213804544174e-03 1.882281450288280505e-02 9.514717213804544174e-03 1.792439999999999589e-01
1.629760000000000097e-01 1.470470811313821964e-02 2.756279146167410835e-02 1.470470811313821964e-02 7.169600000000000972e-02 1.744446142842972711e-02 2.756279146167411528e-02 1.744446142842972711e-02 1.792439999999999589e-01
1.629760000000000097e-01 1.845598931267714710e-02 3.259797333562667460e-02 1.845598931267714710e-02 7.169600000000000972e-02 2.358689181502004323e-02 3.259797333562668153e-02 2.358689181502004323e-02 1.792439999999999589e-01
1.629760000000000097e-01 2.304970946099359555e-02 4.487563229345907512e-02 2.304970946099359555e-02 7.169600000000000972e-02 2.566440611904166613e-02 4.487563229345908206e-02 2.566440611904166613e-02 1.792439999999999589e-01
1.629760000000000097e-01 3.139589700142313838e-02 5.239464509906605061e-02 3.139589700142313838e-02 7.169600000000000972e-02 3.275641073461234981e-02 5.239464509906606449e-02 3.275641073461234981e-02 1.792439999999999589e-01
1.629760000000000097e-01 3.621938136692490900e-02 5.991193540615107060e-02 3.621938136692490900e-02 7.169600000000000972e-02 3.436289644799011417e-02 5.991193540615108448e-02 3.436289644799011417e-02 1.792439999999999589e-01
1.629760000000000097e-01 3.842551270225958576e-02 6.364653558920962961e-02 3.842551270225958576e-02 7.169600000000000972e-02 3.889179239958245882e-02 6.364653558920964349e-02 3.889179239958245882e-02 1.792439999999999589e-01
1.629760000000000097e-01 4.315603774463161457e-02 6.823966486205623738e-02 4.315603774463161457e-02 7.169600000000000972e-02 4.596546520614734621e-02 6.823966486205625126e-02 4.596546520614734621e-02 1.792439999999999589e-01
1.629760000000000097e-01 4.715243865299638404e-02 7.905469450066757164e-02 4.715243865299638404e-02 7.169600000000000972e-02 4.994131977121162719e-02 7.905469450066758552e-02 4.994131977121162719e-02 1.792439999999999589e-01
1.629760000000000097e-01 5.026275473689863216e-02 8.766976186070672694e-02 5.026275473689863216e-02 7.169600000000000972e-02 5.342409220803157749e-02 8.766976186070675470e-02 5.342409220803157749e-02 1.792439999999999589e-01
1.629760000000000097e-01 5.735886386064185244e-02 9.149682550225697597e-02 5.735886386064185244e-02 7.169600000000000972e-02 5.701196298382427835e-02 9.149682550225700373e-02 5.701196298382427835e-02 1.792439999999999589e-01
1.629760000000000097e-01 6.053982138720497702e-02 9.794298505256311682e-02 6.053982138720497702e-02 7.169600000000000972e-02 6.603421807920570319e-02 9.794298505256313070e-02 6.603421807920570319e-02 1.792439999999999589e-01
1.629760000000000097e-01 6.427323688631381149e-02 1.053977524965030443e-01 6.427323688631381149e-02 7.169600000000000972e-02 6.845973595089174801e-02 1.053977524965030582e-01 6.845973595089174801e-02 1.792439999999999589e-01
1.629760000000000097e-01 7.005303910317613181e-02 1.137181970964606104e-01 7.005303910317613181e-02 7.169600000000000972e-02 7.260424416329620823e-02 1.137181970964606381e-01 7.260424416329620823e-02 1.792439999999999589e-01
1.629760000000000097e-01 7.634192471694931093e-02 1.245716208266716279e-01 7.634192471694931093e-02 7.169600000000000972e-02 7.633346752062454554e-02 1.245716208266716557e-01 7.633346752062454554e-02 1.792439999999999589e-01
1.629760000000000097e-01 7.987084864243247651e-02 1.331614667204208402e-01 7.987084864243247651e-02 7.169600000000000972e-02 8.073514393615424667e-02 1.331614667204208402e-01 8.073514393615424667e-02 1.792439999999999589e-01
1.629760000000000097e-01 8.417057355443204048e-02 1.371307535027039282e-01 8.417057355443204048e-02 7.169600000000000972e-02 8.845166790190477080e-02 1.371307535027039559e-01 8.845166790190477080e-02 1.792439999999999589e-01
1.629760000000000097e-01 8.646400000000001307e-02 1.429119999999999835e-01 8.646400000000001307e-02 7.169600000000000972e-02 9.016800000000001203e-02 1.429120000000000112e-01 9.016800000000001203e-02 1.792439999999999589e-01
c: 
1.207000000000000073e+00
1.772999999999999909e+00
1.957999999999999963e+00
