CDF: 
3.599999999999999867e-01 4.899999999999999911e-01 7.199999999999999734e-01 1.000000000000000000e+00
1.799999999999999933e-01 2.800000000000000266e-01 4.799999999999999822e-01 1.000000000000000000e+00
2.999999999999999889e-01 5.000000000000000000e-01 7.900000000000000355e-01 1.000000000000000000e+00
sigma: 
1.635960000000000192e-01 5.517579654598560139e-03 3.407423781682762491e-03 5.517579654598559272e-03 1.716000000000000025e-01 5.624416437917103759e-03 3.407423781682762925e-03 5.624416437917103759e-03 1.304440000000000044e-01
1.635960000000000192e-01 9.784133564268148245e-03 1.069263321821347333e-02 9.784133564268146510e-03 1.716000000000000025e-01 1.229499461335135414e-02 1.069263321821347507e-02 1.229499461335135414e-02 1.304440000000000044e-01
1.635960000000000192e-01 1.722757363032636005e-02 1.918552689378053705e-02 1.722757363032635658e-02 1.716000000000000025e-01 1.539838029353996635e-02 1.918552689378054052e-02 1.539838029353996635e-02 1.304440000000000044e-01
1.635960000000000192e-01 2.228238094373826556e-02 2.285427728307071887e-02 2.228238094373826209e-02 1.716000000000000025e-01 2.373060561610487382e-02 2.285427728307072581e-02 2.373060561610487382e-02 1.304440000000000044e-01
1.635960000000000192e-01 2.998574101467252687e-02 2.866004216394704360e-02 2.998574101467251993e-02 1.716000000000000025e-01 2.881066381524496553e-02 2.866004216394704707e-02 2.881066381524496553e-02 1.304440000000000044e-01
1.635960000000000192e-01 4.108976622953306596e-02 4.157788131412790134e-02 4.108976622953305902e-02 1.716000000000000025e-01 3.559715136341495140e-02 4.157788131412790827e-02 3.559715136341495140e-02 1.304440000000000044e-01
1.635960000000000192e-01 4.571718235759885535e-02 4.323600669370784161e-02 4.571718235759884841e-02 1.716000000000000025e-01 4.297197144368198468e-02 4.323600669370784855e-02 4.297197144368198468e-02 1.304440000000000044e-01
1.635960000000000192e-01 5.237780930491387626e-02 5.594527793358493317e-02 5.237780930491386933e-02 1.716000000000000025e-01 4.413047142518141536e-02 5.594527793358494705e-02 4.413047142518141536e-02 1.304440000000000044e-01
1.635960000000000192e-01 6.278363730689882904e-02 6.174967330539533894e-02 6.278363730689882904e-02 1.716000000000000025e-01 5.143601283054533707e-02 6.174967330539535282e-02 5.143601283054533707e-02 1.304440000000000044e-01
1.635960000000000192e-01 6.712072711513786261e-02 6.801426616588129859e-02 6.712072711513784873e-02 1.716000000000000025e-01 5.884910352595420363e-02 6.801426616588131246e-02 5.884910352595420363e-02 1.304440000000000044e-01
1.635960000000000192e-01 7.710112576003282092e-02 7.575845508916720372e-02 7.710112576003280704e-02 1.716000000000000025e-01 6.301877481972648076e-02 7.575845508916721760e-02 6.301877481972648076e-02 1.304440000000000044e-01
1.635960000000000192e-01 8.634603603959241369e-02 8.261443599092986589e-02 8.634603603959238594e-02 1.716000000000000025e-01 6.977451582741385494e-02 8.261443599092987977e-02 6.977451582741385494e-02 1.304440000000000044e-01
1.635960000000000192e-01 8.673042479609076316e-02 9.068964090830319846e-02 8.673042479609074928e-02 1.716000000000000025e-01 7.559223069017469154e-02 9.068964090830321234e-02 7.559223069017469154e-02 1.304440000000000044e-01
1.635960000000000192e-01 9.991819638247009805e-02 9.481569758376941215e-02 9.991819638247007029e-02 1.716000000000000025e-01 8.217637685391268598e-02 9.481569758376942603e-02 8.217637685391268598e-02 1.304440000000000044e-01
1.635960000000000192e-01 1.070519104974187452e-01 1.050087389466274890e-01 1.070519104974187174e-01 1.716000000000000025e-01 9.127450249438225083e-02 1.050087389466275029e-01 9.127450249438225083e-02 1.304440000000000044e-01
1.635960000000000192e-01 1.094211688832063128e-01 1.059240398749473067e-01 1.094211688832062990e-01 1.716000000000000025e-01 9.591903847500203584e-02 1.059240398749473205e-01 9.591903847500203584e-02 1.304440000000000044e-01
1.635960000000000192e-01 1.182513837023422137e-01 1.137556291164443095e-01 1.182513837023421860e-01 1.716000000000000025e-01 9.999353618789148801e-02 1.137556291164443373e-01 9.999353618789148801e-02 1.304440000000000044e-01
1.635960000000000192e-01 1.231189788905781846e-01 1.227057867807123254e-01 1.231189788905781568e-01 1.716000000000000025e-01 1.091279632188974086e-01 1.227057867807123531e-01 1.091279632188974086e-01 1.304440000000000044e-01
1.635960000000000192e-01 1.313377072376727406e-01 1.281502506723695423e-01 1.313377072376727128e-01 1.716000000000000025e-01 1.147988954048992372e-01 1.281502506723695700e-01 1.147988954048992372e-01 1.304440000000000044e-01
1.635960000000000192e-01 1.368400000000000172e-01 1.335319999999999840e-01 1.368399999999999894e-01 1.716000000000000025e-01 1.174800000000000011e-01 1.335320000000000118e-01 1.174800000000000011e-01 1.304440000000000044e-01
c: 
2.362999999999999989e+00
1.782000000000000028e+00
1.092999999999999972e+00
