CDF: 
5.000000000000000278e-02 4.199999999999999845e-01 5.000000000000000000e-01 1.000000000000000000e+00
1.700000000000000122e-01 3.400000000000000244e-01 5.200000000000000178e-01 1.000000000000000000e+00
2.200000000000000011e-01 6.500000000000000222e-01 7.199999999999999734e-01 1.000000000000000000e+00
sigma: 
1.603640000000000065e-01 4.135727473084429770e-03 5.391758054191345823e-03 4.135727473084429770e-03 1.722039999999999960e-01 1.992041427106590497e-03 5.391758054191346690e-03 1.992041427106590930e-03 1.531640000000000224e-01
1.603640000000000065e-01 9.960134707540356860e-03 1.103416689325661428e-02 9.960134707540356860e-03 1.722039999999999960e-01 1.136483443341084268e-02 1.103416689325661601e-02 1.136483443341084441e-02 1.531640000000000224e-01
1.603640000000000065e-01 1.863728297181941468e-02 1.674102496479062258e-02 1.863728297181941468e-02 1.722039999999999960e-01 1.385124446566603218e-02 1.674102496479062258e-02 1.385124446566603391e-02 1.531640000000000224e-01
1.603640000000000065e-01 3.324515858607659385e-02 1.843337512106357073e-02 3.324515858607659385e-02 1.722039999999999960e-01 2.376962986729605140e-02 1.843337512106357420e-02 2.376962986729605487e-02 1.531640000000000224e-01
1.603640000000000065e-01 3.429481387027880773e-02 2.705636805391393659e-02 3.429481387027880773e-02 1.722039999999999960e-01 2.684819178659116068e-02 2.705636805391394006e-02 2.684819178659116068e-02 1.531640000000000224e-01
1.603640000000000065e-01 4.535742042766033322e-02 3.105208635982805929e-02 4.535742042766033322e-02 1.722039999999999960e-01 3.322353382566855390e-02 3.105208635982806276e-02 3.322353382566856084e-02 1.531640000000000224e-01
1.603640000000000065e-01 5.023235207360590010e-02 4.160553665544684115e-02 5.023235207360590010e-02 1.722039999999999960e-01 4.059408428571069372e-02 4.160553665544684809e-02 4.059408428571070065e-02 1.531640000000000224e-01
1.603640000000000065e-01 6.078308111282733350e-02 4.238693447500772871e-02 6.078308111282733350e-02 1.722039999999999960e-01 4.728791716759521424e-02 4.238693447500773565e-02 4.728791716759522118e-02 1.531640000000000224e-01
1.603640000000000065e-01 7.014075037706973825e-02 5.179162220125125421e-02 7.014075037706973825e-02 1.722039999999999960e-01 5.694333357364442932e-02 5.179162220125126115e-02 5.694333357364443626e-02 1.531640000000000224e-01
1.603640000000000065e-01 7.818698724746020456e-02 5.664859914931494322e-02 7.818698724746020456e-02 1.722039999999999960e-01 6.101581353097969979e-02 5.664859914931495016e-02 6.101581353097970672e-02 1.531640000000000224e-01
1.603640000000000065e-01 8.575526296074334476e-02 5.986363227245510704e-02 8.575526296074334476e-02 1.722039999999999960e-01 6.877515061234233673e-02 5.986363227245511398e-02 6.877515061234235061e-02 1.531640000000000224e-01
1.603640000000000065e-01 9.561090952126562181e-02 7.074605518250934311e-02 9.561090952126562181e-02 1.722039999999999960e-01 7.297431839733727055e-02 7.074605518250934311e-02 7.297431839733728443e-02 1.531640000000000224e-01
1.603640000000000065e-01 1.042646152719154395e-01 7.241593943325380645e-02 1.042646152719154395e-01 1.722039999999999960e-01 8.316382975082732554e-02 7.241593943325382032e-02 8.316382975082732554e-02 1.531640000000000224e-01
1.603640000000000065e-01 1.145360691362994482e-01 8.344191221179445006e-02 1.145360691362994482e-01 1.722039999999999960e-01 8.369179314802810410e-02 8.344191221179445006e-02 8.369179314802811798e-02 1.531640000000000224e-01
1.603640000000000065e-01 1.214063597365348385e-01 8.671642456497799523e-02 1.214063597365348385e-01 1.722039999999999960e-01 9.482102571867628837e-02 8.671642456497799523e-02 9.482102571867630225e-02 1.531640000000000224e-01
1.603640000000000065e-01 1.330254099205520346e-01 9.514648185362910293e-02 1.330254099205520346e-01 1.722039999999999960e-01 9.965799659022686607e-02 9.514648185362910293e-02 9.965799659022687995e-02 1.531640000000000224e-01
1.603640000000000065e-01 1.421204788407578745e-01 1.004115485043478584e-01 1.421204788407578745e-01 1.722039999999999960e-01 1.074189156492105918e-01 1.004115485043478723e-01 1.074189156492106056e-01 1.531640000000000224e-01
1.603640000000000065e-01 1.438795245171074766e-01 1.065088098154120672e-01 1.438795245171074766e-01 1.722039999999999960e-01 1.152262482531406229e-01 1.065088098154120810e-01 1.152262482531406368e-01 1.531640000000000224e-01
1.603640000000000065e-01 1.514604604917682562e-01 1.128819014705105400e-01 1.514604604917682562e-01 1.722039999999999960e-01 1.185587681873220556e-01 1.128819014705105539e-01 1.185587681873220695e-01 1.531640000000000224e-01
1.603640000000000065e-01 1.588840000000000252e-01 1.136360000000000148e-01 1.588840000000000252e-01 1.722039999999999960e-01 1.223160000000000081e-01 1.136360000000000287e-01 1.223160000000000219e-01 1.531640000000000224e-01
c: 
2.007000000000000117e+00
2.850999999999999979e+00
2.480999999999999872e+00
