CDF: 
1.600000000000000033e-01 2.800000000000000266e-01 2.899999999999999800e-01 1.000000000000000000e+00
1.900000000000000022e-01 5.200000000000000178e-01 6.500000000000000222e-01 1.000000000000000000e+00
1.499999999999999944e-01 1.700000000000000122e-01 6.899999999999999467e-01 1.000000000000000000e+00
sigma: 
1.717559999999999643e-01 4.308961856261786017e-04 1.243258903822000222e-03 4.308961856261786559e-04 1.649760000000000115e-01 3.755145120733814103e-03 1.243258903822000438e-03 3.755145120733814103e-03 1.215159999999999990e-01
1.717559999999999643e-01 9.652451215604675866e-03 7.770800730510350578e-03 9.652451215604675866e-03 1.649760000000000115e-01 1.004025730908757359e-02 7.770800730510351445e-03 1.004025730908757359e-02 1.215159999999999990e-01
1.717559999999999643e-01 1.440320616382653567e-02 1.447632035493954909e-02 1.440320616382653740e-02 1.649760000000000115e-01 1.662415932149547554e-02 1.447632035493955083e-02 1.662415932149547554e-02 1.215159999999999990e-01
1.717559999999999643e-01 2.202671650071481857e-02 1.917813049202637607e-02 2.202671650071482204e-02 1.649760000000000115e-01 2.455806145734179199e-02 1.917813049202637954e-02 2.455806145734179199e-02 1.215159999999999990e-01
1.717559999999999643e-01 2.703186377242307661e-02 2.139933072124190414e-02 2.703186377242308008e-02 1.649760000000000115e-01 3.309437264694840147e-02 2.139933072124190760e-02 3.309437264694840147e-02 1.215159999999999990e-01
1.717559999999999643e-01 3.306883933299428757e-02 2.549034567532761780e-02 3.306883933299429451e-02 1.649760000000000115e-01 4.054120856231267084e-02 2.549034567532762127e-02 4.054120856231267084e-02 1.215159999999999990e-01
1.717559999999999643e-01 3.537829540921498539e-02 3.395038256084516315e-02 3.537829540921498539e-02 1.649760000000000115e-01 4.675845753104721642e-02 3.395038256084517009e-02 4.675845753104721642e-02 1.215159999999999990e-01
1.717559999999999643e-01 4.257327521117576508e-02 3.670105888397778154e-02 4.257327521117577201e-02 1.649760000000000115e-01 5.033936494733164818e-02 3.670105888397778154e-02 5.033936494733164818e-02 1.215159999999999990e-01
1.717559999999999643e-01 4.540148017913072515e-02 4.058508421760816109e-02 4.540148017913073208e-02 1.649760000000000115e-01 5.777910283817706827e-02 4.058508421760816803e-02 5.777910283817706827e-02 1.215159999999999990e-01
1.717559999999999643e-01 5.319820498228321204e-02 4.979821334481979861e-02 5.319820498228321898e-02 1.649760000000000115e-01 6.305951669943428428e-02 4.979821334481980555e-02 6.305951669943428428e-02 1.215159999999999990e-01
1.717559999999999643e-01 5.791698743719968928e-02 5.278986819430629696e-02 5.791698743719969622e-02 1.649760000000000115e-01 6.841218350701003259e-02 5.278986819430630389e-02 6.841218350701003259e-02 1.215159999999999990e-01
1.717559999999999643e-01 6.347855029420329531e-02 5.612709982821841026e-02 6.347855029420329531e-02 1.649760000000000115e-01 7.656078202748203831e-02 5.612709982821841720e-02 7.656078202748203831e-02 1.215159999999999990e-01
1.717559999999999643e-01 7.189437452890094782e-02 6.117822394960063109e-02 7.189437452890096170e-02 1.649760000000000115e-01 8.191072943995071631e-02 6.117822394960064497e-02 8.191072943995071631e-02 1.215159999999999990e-01
1.717559999999999643e-01 7.856705547113176924e-02 7.012291095709871636e-02 7.856705547113176924e-02 1.649760000000000115e-01 9.103941270264395702e-02 7.012291095709873023e-02 9.103941270264395702e-02 1.215159999999999990e-01
1.717559999999999643e-01 7.926577063785762711e-02 7.173105406729828049e-02 7.926577063785764099e-02 1.649760000000000115e-01 9.531796393842861814e-02 7.173105406729829436e-02 9.531796393842861814e-02 1.215159999999999990e-01
1.717559999999999643e-01 8.620151464310162048e-02 7.968097945981844621e-02 8.620151464310163436e-02 1.649760000000000115e-01 1.081278803887313483e-01 7.968097945981846009e-02 1.081278803887313483e-01 1.215159999999999990e-01
1.717559999999999643e-01 9.106393188006742245e-02 8.226966315148777353e-02 9.106393188006743633e-02 1.649760000000000115e-01 1.149386278060381544e-01 8.226966315148778741e-02 1.149386278060381544e-01 1.215159999999999990e-01
1.717559999999999643e-01 9.954520607684588795e-02 8.904795969583879922e-02 9.954520607684590183e-02 1.649760000000000115e-01 1.220755657491465751e-01 8.904795969583881310e-02 1.220755657491465751e-01 1.215159999999999990e-01
1.717559999999999643e-01 1.033366940036726384e-01 9.097156136900005907e-02 1.033366940036726522e-01 1.649760000000000115e-01 1.266920476995256617e-01 9.097156136900007295e-02 1.266920476995256617e-01 1.215159999999999990e-01
1.717559999999999643e-01 1.070160000000000000e-01 9.556399999999999617e-02 1.070160000000000139e-01 1.649760000000000115e-01 1.289039999999999908e-01 9.556400000000001005e-02 1.289039999999999908e-01 1.215159999999999990e-01
c: 
2.041999999999999815e+00
2.626999999999999780e+00
2.589999999999999858e+00
