CDF: 
1.499999999999999944e-01 2.200000000000000011e-01 8.800000000000000044e-01 1.000000000000000000e+00
6.500000000000000222e-01 7.299999999999999822e-01 8.000000000000000444e-01 1.000000000000000000e+00
1.700000000000000122e-01 4.799999999999999822e-01 7.099999999999999645e-01 1.000000000000000000e+00
sigma: 
7.447500000000001341e-02 1.761212158858135911e-03 2.559775202100052216e-03 1.761212158858135911e-03 1.546589999999999909e-01 3.419573035191653381e-03 2.559775202100051782e-03 3.419573035191653381e-03 1.617000000000000104e-01
7.447500000000001341e-02 7.052763145940139401e-03 6.786041218583598739e-03 7.052763145940139401e-03 1.546589999999999909e-01 1.329556313095680599e-02 6.786041218583597871e-03 1.329556313095680599e-02 1.617000000000000104e-01
7.447500000000001341e-02 1.015328516312762400e-02 1.130277436809971371e-02 1.015328516312762400e-02 1.546589999999999909e-01 2.115923322837131443e-02 1.130277436809971198e-02 2.115923322837131443e-02 1.617000000000000104e-01
7.447500000000001341e-02 1.632170906620044118e-02 1.371128756894206442e-02 1.632170906620044118e-02 1.546589999999999909e-01 2.366654412482361095e-02 1.371128756894206269e-02 2.366654412482361095e-02 1.617000000000000104e-01
7.447500000000001341e-02 1.763997599140116820e-02 1.828233702225297297e-02 1.763997599140116820e-02 1.546589999999999909e-01 3.438113145835919315e-02 1.828233702225296950e-02 3.438113145835919315e-02 1.617000000000000104e-01
7.447500000000001341e-02 2.301873093818097848e-02 2.305214604024012626e-02 2.301873093818097848e-02 1.546589999999999909e-01 4.207983254306307125e-02 2.305214604024012279e-02 4.207983254306307125e-02 1.617000000000000104e-01
7.447500000000001341e-02 2.571176661450524925e-02 2.317724520524191978e-02 2.571176661450524925e-02 1.546589999999999909e-01 4.715220667538126686e-02 2.317724520524191631e-02 4.715220667538126686e-02 1.617000000000000104e-01
7.447500000000001341e-02 2.975732492245593622e-02 3.021043375654406532e-02 2.975732492245593622e-02 1.546589999999999909e-01 5.555527751355666954e-02 3.021043375654406185e-02 5.555527751355666954e-02 1.617000000000000104e-01
7.447500000000001341e-02 3.412159812221364497e-02 3.130033021396811527e-02 3.412159812221364497e-02 1.546589999999999909e-01 5.729052190339872785e-02 3.130033021396810833e-02 5.729052190339872785e-02 1.617000000000000104e-01
7.447500000000001341e-02 4.028347761988881198e-02 3.657001251155443666e-02 4.028347761988881198e-02 1.546589999999999909e-01 6.815209418686547782e-02 3.657001251155442972e-02 6.815209418686547782e-02 1.617000000000000104e-01
7.447500000000001341e-02 4.204665857225935860e-02 4.182347788960026624e-02 4.204665857225935860e-02 1.546589999999999909e-01 7.557097516326036213e-02 4.182347788960025931e-02 7.557097516326036213e-02 1.617000000000000104e-01
7.447500000000001341e-02 4.809782077078612189e-02 4.307306755775725665e-02 4.809782077078612189e-02 1.546589999999999909e-01 8.037616407236890248e-02 4.307306755775724971e-02 8.037616407236890248e-02 1.617000000000000104e-01
7.447500000000001341e-02 5.047038007351716676e-02 4.887929792383527428e-02 5.047038007351716676e-02 1.546589999999999909e-01 9.228481807331211095e-02 4.887929792383526734e-02 9.228481807331211095e-02 1.617000000000000104e-01
7.447500000000001341e-02 5.581742604556216847e-02 5.069863028664305798e-02 5.581742604556216847e-02 1.546589999999999909e-01 9.417805043520302566e-02 5.069863028664305105e-02 9.417805043520302566e-02 1.617000000000000104e-01
7.447500000000001341e-02 5.939546078775710669e-02 5.439298688187771402e-02 5.939546078775710669e-02 1.546589999999999909e-01 1.011125004717429582e-01 5.439298688187770014e-02 1.011125004717429582e-01 1.617000000000000104e-01
7.447500000000001341e-02 6.400762370666077117e-02 5.906985388417775734e-02 6.400762370666077117e-02 1.546589999999999909e-01 1.073246021964371216e-01 5.906985388417775040e-02 1.073246021964371216e-01 1.617000000000000104e-01
7.447500000000001341e-02 6.720495927237782330e-02 6.201345844420372289e-02 6.720495927237782330e-02 1.546589999999999909e-01 1.182627907011389173e-01 6.201345844420371595e-02 1.182627907011389173e-01 1.617000000000000104e-01
7.447500000000001341e-02 7.167263711295908390e-02 6.894845004954403000e-02 7.167263711295908390e-02 1.546589999999999909e-01 1.246224574880894775e-01 6.894845004954401613e-02 1.246224574880894775e-01 1.617000000000000104e-01
7.447500000000001341e-02 7.814679653027674366e-02 7.243647222701511679e-02 7.814679653027674366e-02 1.546589999999999909e-01 1.324436490307774050e-01 7.243647222701510291e-02 1.324436490307774050e-01 1.617000000000000104e-01
7.447500000000001341e-02 7.827500000000001124e-02 7.325000000000000955e-02 7.827500000000001124e-02 1.546589999999999909e-01 1.354899999999999993e-01 7.324999999999999567e-02 1.354899999999999993e-01 1.617000000000000104e-01
c: 
1.975000000000000089e+00
1.425999999999999934e+00
2.000999999999999890e+00
