CDF: 
4.699999999999999734e-01 6.099999999999999867e-01 8.800000000000000044e-01 1.000000000000000000e+00
3.300000000000000155e-01 5.899999999999999689e-01 9.000000000000000222e-01 1.000000000000000000e+00
5.699999999999999512e-01 7.099999999999999645e-01 8.399999999999999689e-01 1.000000000000000000e+00
sigma: 
9.947500000000002174e-02 4.417833039512604476e-03 2.273129749644485411e-03 4.417833039512603609e-03 8.253900000000000126e-02 4.854937524111192847e-04 2.273129749644484977e-03 4.854937524111192847e-04 1.277310000000000112e-01
9.947500000000002174e-02 6.885210339894984669e-03 7.881950077340849417e-03 6.885210339894983801e-03 8.253900000000000126e-02 6.768681012958955440e-03 7.881950077340847682e-03 6.768681012958955440e-03 1.277310000000000112e-01
9.947500000000002174e-02 1.057484740794292083e-02 1.309256091654524730e-02 1.057484740794291909e-02 8.253900000000000126e-02 9.515812104024572171e-03 1.309256091654524556e-02 9.515812104024572171e-03 1.277310000000000112e-01
9.947500000000002174e-02 1.527071627033075273e-02 2.072274229094470815e-02 1.527071627033074926e-02 8.253900000000000126e-02 1.787879597589756703e-02 2.072274229094470469e-02 1.787879597589756703e-02 1.277310000000000112e-01
9.947500000000002174e-02 2.115816567152027997e-02 2.641078877937495101e-02 2.115816567152027650e-02 8.253900000000000126e-02 2.010412814052248837e-02 2.641078877937494754e-02 2.010412814052248837e-02 1.277310000000000112e-01
9.947500000000002174e-02 2.295789406619990966e-02 3.101064467681197492e-02 2.295789406619990619e-02 8.253900000000000126e-02 2.519398094938552629e-02 3.101064467681197145e-02 2.519398094938552629e-02 1.277310000000000112e-01
9.947500000000002174e-02 2.701644611020141001e-02 3.314090166770097823e-02 2.701644611020140654e-02 8.253900000000000126e-02 2.962028057508838547e-02 3.314090166770097129e-02 2.962028057508838547e-02 1.277310000000000112e-01
9.947500000000002174e-02 3.258627057484581035e-02 4.024474613804214507e-02 3.258627057484580342e-02 8.253900000000000126e-02 3.586471532197278017e-02 4.024474613804213813e-02 3.586471532197278017e-02 1.277310000000000112e-01
9.947500000000002174e-02 3.626998935977585048e-02 4.477324937080727485e-02 3.626998935977584354e-02 8.253900000000000126e-02 3.861805144170728926e-02 4.477324937080726791e-02 3.861805144170728926e-02 1.277310000000000112e-01
9.947500000000002174e-02 4.135148319699519237e-02 5.000258547432960554e-02 4.135148319699519237e-02 8.253900000000000126e-02 4.395792234792623293e-02 5.000258547432959860e-02 4.395792234792623293e-02 1.277310000000000112e-01
9.947500000000002174e-02 4.783536843707437980e-02 5.568701333701885081e-02 4.783536843707436592e-02 8.253900000000000126e-02 4.664521980082770442e-02 5.568701333701884387e-02 4.664521980082770442e-02 1.277310000000000112e-01
9.947500000000002174e-02 4.979156331460982826e-02 6.396988830005817528e-02 4.979156331460982132e-02 8.253900000000000126e-02 5.333901952867230178e-02 6.396988830005816140e-02 5.333901952867230178e-02 1.277310000000000112e-01
9.947500000000002174e-02 5.791901849166874311e-02 6.430607086132617001e-02 5.791901849166872923e-02 8.253900000000000126e-02 5.596986300226537703e-02 6.430607086132617001e-02 5.596986300226537703e-02 1.277310000000000112e-01
9.947500000000002174e-02 6.171919440818725983e-02 7.190211226203399586e-02 6.171919440818725289e-02 8.253900000000000126e-02 6.116410307418115172e-02 7.190211226203398198e-02 6.116410307418115172e-02 1.277310000000000112e-01
9.947500000000002174e-02 6.534127428337144217e-02 7.510932101088761692e-02 6.534127428337142829e-02 8.253900000000000126e-02 6.543324410261727730e-02 7.510932101088761692e-02 6.543324410261727730e-02 1.277310000000000112e-01
9.947500000000002174e-02 7.044287440792314225e-02 8.211654089978358273e-02 7.044287440792312838e-02 8.253900000000000126e-02 7.004444956723517024e-02 8.211654089978356885e-02 7.004444956723517024e-02 1.277310000000000112e-01
9.947500000000002174e-02 7.213614331733841922e-02 8.894833081988379186e-02 7.213614331733840535e-02 8.253900000000000126e-02 7.689266009139314462e-02 8.894833081988377799e-02 7.689266009139314462e-02 1.277310000000000112e-01
9.947500000000002174e-02 7.931507496488574005e-02 9.526018986667106336e-02 7.931507496488572617e-02 8.253900000000000126e-02 8.088229956227460660e-02 9.526018986667104949e-02 8.088229956227460660e-02 1.277310000000000112e-01
9.947500000000002174e-02 8.427795845972486932e-02 1.002271853807327195e-01 8.427795845972485544e-02 8.253900000000000126e-02 8.391790072402104117e-02 1.002271853807327057e-01 8.391790072402104117e-02 1.277310000000000112e-01
9.947500000000002174e-02 8.501500000000000723e-02 1.013050000000000200e-01 8.501499999999999335e-02 8.253900000000000126e-02 8.685299999999999965e-02 1.013050000000000062e-01 8.685299999999999965e-02 1.277310000000000112e-01
c: 
1.925999999999999934e+00
2.866999999999999993e+00
1.356000000000000094e+00
