CDF: 
2.000000000000000111e-01 3.699999999999999956e-01 7.800000000000000266e-01 1.000000000000000000e+00
1.700000000000000122e-01 5.000000000000000000e-01 9.200000000000000400e-01 1.000000000000000000e+00
4.000000000000000222e-01 4.799999999999999822e-01 7.299999999999999822e-01 1.000000000000000000e+00
sigma: 
1.290000000000000036e-01 1.669959139662936538e-03 2.565798456381823602e-03 1.669959139662936538e-03 6.397899999999999421e-02 1.019046250902606648e-03 2.565798456381823169e-03 1.019046250902606648e-03 1.686910000000000076e-01
1.290000000000000036e-01 5.590935975390263352e-03 1.374767019755382749e-02 5.590935975390263352e-03 6.397899999999999421e-02 4.858839122478160640e-03 1.374767019755382576e-02 4.858839122478160640e-03 1.686910000000000076e-01
1.290000000000000036e-01 7.155514917231544161e-03 1.884800251271099431e-02 7.155514917231544161e-03 6.397899999999999421e-02 1.140094098454755289e-02 1.884800251271099084e-02 1.140094098454755289e-02 1.686910000000000076e-01
1.290000000000000036e-01 1.340638530155281727e-02 2.672177000376180570e-02 1.340638530155281727e-02 6.397899999999999421e-02 1.434754633435304967e-02 2.672177000376179876e-02 1.434754633435304967e-02 1.686910000000000076e-01
1.290000000000000036e-01 1.550052179758028628e-02 2.927683792100029339e-02 1.550052179758028628e-02 6.397899999999999421e-02 1.802617860270493491e-02 2.927683792100028645e-02 1.802617860270493491e-02 1.686910000000000076e-01
1.290000000000000036e-01 1.797710843380768628e-02 3.647896218996927314e-02 1.797710843380768628e-02 6.397899999999999421e-02 2.355101749275170103e-02 3.647896218996926621e-02 2.355101749275170103e-02 1.686910000000000076e-01
1.290000000000000036e-01 2.256193396382704178e-02 4.772949963503364534e-02 2.256193396382704178e-02 6.397899999999999421e-02 2.659777521596041333e-02 4.772949963503363147e-02 2.659777521596041333e-02 1.686910000000000076e-01
1.290000000000000036e-01 2.724537654217317265e-02 5.059080309302184386e-02 2.724537654217317265e-02 6.397899999999999421e-02 3.124555954222072232e-02 5.059080309302182998e-02 3.124555954222072232e-02 1.686910000000000076e-01
1.290000000000000036e-01 3.041337527532179258e-02 5.603222107509431976e-02 3.041337527532179258e-02 6.397899999999999421e-02 3.182496608469131960e-02 5.603222107509431282e-02 3.182496608469131960e-02 1.686910000000000076e-01
1.290000000000000036e-01 3.237617882213807141e-02 6.490606423752968979e-02 3.237617882213807141e-02 6.397899999999999421e-02 3.573631612494840293e-02 6.490606423752967591e-02 3.573631612494840293e-02 1.686910000000000076e-01
1.290000000000000036e-01 3.750192867016741149e-02 7.042442046175989567e-02 3.750192867016741149e-02 6.397899999999999421e-02 4.216863118333775973e-02 7.042442046175988180e-02 4.216863118333775973e-02 1.686910000000000076e-01
1.290000000000000036e-01 3.949251299701238976e-02 8.270325938510958430e-02 3.949251299701238976e-02 6.397899999999999421e-02 4.413839403247294541e-02 8.270325938510957042e-02 4.413839403247294541e-02 1.686910000000000076e-01
1.290000000000000036e-01 4.522191823804332100e-02 9.077615632935784329e-02 4.522191823804332100e-02 6.397899999999999421e-02 4.753254048660086883e-02 9.077615632935782941e-02 4.753254048660086883e-02 1.686910000000000076e-01
1.290000000000000036e-01 4.821932572975313330e-02 9.705750356189302153e-02 4.821932572975313330e-02 6.397899999999999421e-02 5.504745334532476497e-02 9.705750356189299377e-02 5.504745334532476497e-02 1.686910000000000076e-01
1.290000000000000036e-01 4.989587953814520610e-02 1.006374713322796127e-01 4.989587953814520610e-02 6.397899999999999421e-02 5.695528544384145797e-02 1.006374713322795988e-01 5.695528544384145797e-02 1.686910000000000076e-01
1.290000000000000036e-01 5.285593934923524945e-02 1.098732934346039330e-01 5.285593934923524945e-02 6.397899999999999421e-02 6.066992286666298556e-02 1.098732934346039053e-01 6.066992286666298556e-02 1.686910000000000076e-01
1.290000000000000036e-01 5.754097860065488651e-02 1.183616579510369804e-01 5.754097860065488651e-02 6.397899999999999421e-02 6.335907529163369023e-02 1.183616579510369526e-01 6.335907529163369023e-02 1.686910000000000076e-01
1.290000000000000036e-01 5.979773049483801117e-02 1.244888918114964577e-01 5.979773049483801117e-02 6.397899999999999421e-02 7.065235872421549157e-02 1.244888918114964299e-01 7.065235872421549157e-02 1.686910000000000076e-01
1.290000000000000036e-01 6.462998948359868767e-02 1.310920811286759857e-01 6.462998948359868767e-02 6.397899999999999421e-02 7.110759764939524052e-02 1.310920811286759580e-01 7.110759764939524052e-02 1.686910000000000076e-01
1.290000000000000036e-01 6.675999999999999990e-02 1.328200000000000214e-01 6.675999999999999990e-02 6.397899999999999421e-02 7.473299999999999388e-02 1.328199999999999936e-01 7.473299999999999388e-02 1.686910000000000076e-01
c: 
1.453999999999999959e+00
1.786000000000000032e+00
1.241999999999999993e+00
