CDF: 
3.400000000000000244e-01 5.300000000000000266e-01 5.699999999999999512e-01 1.000000000000000000e+00
1.000000000000000056e-01 5.200000000000000178e-01 7.199999999999999734e-01 1.000000000000000000e+00
2.399999999999999911e-01 2.500000000000000000e-01 5.100000000000000089e-01 1.000000000000000000e+00
sigma: 
2.229790000000000383e-01 1.962822174183717714e-03 2.084221075935873508e-04 1.962822174183717714e-03 1.562760000000000260e-01 4.078171756201166148e-03 2.084221075935873508e-04 4.078171756201165281e-03 1.897389999999999910e-01
2.229790000000000383e-01 1.366427062096407276e-02 1.534755362732829857e-02 1.366427062096407276e-02 1.562760000000000260e-01 1.087464981245605915e-02 1.534755362732829857e-02 1.087464981245605741e-02 1.897389999999999910e-01
2.229790000000000383e-01 1.815920851116888460e-02 2.578701741877387210e-02 1.815920851116888460e-02 1.562760000000000260e-01 1.925607507118745620e-02 2.578701741877387210e-02 1.925607507118745274e-02 1.897389999999999910e-01
2.229790000000000383e-01 2.610530508847392489e-02 3.310022737537194476e-02 2.610530508847392489e-02 1.562760000000000260e-01 2.139988081414398446e-02 3.310022737537194476e-02 2.139988081414398099e-02 1.897389999999999910e-01
2.229790000000000383e-01 3.654533090700792797e-02 4.412829456899166475e-02 3.654533090700792797e-02 1.562760000000000260e-01 3.121841140996583011e-02 4.412829456899166475e-02 3.121841140996582317e-02 1.897389999999999910e-01
2.229790000000000383e-01 4.224545662151563824e-02 5.152972097906006327e-02 4.224545662151563824e-02 1.562760000000000260e-01 4.112884816709915653e-02 5.152972097906006327e-02 4.112884816709914959e-02 1.897389999999999910e-01
2.229790000000000383e-01 5.370975158760091933e-02 6.112238964793783452e-02 5.370975158760091933e-02 1.562760000000000260e-01 4.298039155745251444e-02 6.112238964793783452e-02 4.298039155745250750e-02 1.897389999999999910e-01
2.229790000000000383e-01 6.281428951169880370e-02 7.050946154366212471e-02 6.281428951169880370e-02 1.562760000000000260e-01 5.516769723375075651e-02 7.050946154366212471e-02 5.516769723375074264e-02 1.897389999999999910e-01
2.229790000000000383e-01 6.534869273694150771e-02 8.696315734622822591e-02 6.534869273694150771e-02 1.562760000000000260e-01 5.796438474675913444e-02 8.696315734622822591e-02 5.796438474675912750e-02 1.897389999999999910e-01
2.229790000000000383e-01 7.531787195163323900e-02 8.922985071697939197e-02 7.531787195163323900e-02 1.562760000000000260e-01 6.546948071639573097e-02 8.922985071697939197e-02 6.546948071639571709e-02 1.897389999999999910e-01
2.229790000000000383e-01 8.446925428717984297e-02 1.024257506739212342e-01 8.446925428717984297e-02 1.562760000000000260e-01 7.519474695419815780e-02 1.024257506739212342e-01 7.519474695419814392e-02 1.897389999999999910e-01
2.229790000000000383e-01 9.070499090200630221e-02 1.154198884192475516e-01 9.070499090200630221e-02 1.562760000000000260e-01 8.257798737969540559e-02 1.154198884192475516e-01 8.257798737969539171e-02 1.897389999999999910e-01
2.229790000000000383e-01 1.049968324381678753e-01 1.231866328541402905e-01 1.049968324381678753e-01 1.562760000000000260e-01 8.855919013312091304e-02 1.231866328541402905e-01 8.855919013312089916e-02 1.897389999999999910e-01
2.229790000000000383e-01 1.096727012153101560e-01 1.335744108977174049e-01 1.096727012153101560e-01 1.562760000000000260e-01 9.490030850218261760e-02 1.335744108977174049e-01 9.490030850218260372e-02 1.897389999999999910e-01
2.229790000000000383e-01 1.214088052276927759e-01 1.380037895951404525e-01 1.214088052276927759e-01 1.562760000000000260e-01 1.027386442599403787e-01 1.380037895951404525e-01 1.027386442599403510e-01 1.897389999999999910e-01
2.229790000000000383e-01 1.238588817547798537e-01 1.483178500168378655e-01 1.238588817547798537e-01 1.562760000000000260e-01 1.077533381178174127e-01 1.483178500168378655e-01 1.077533381178173988e-01 1.897389999999999910e-01
2.229790000000000383e-01 1.334252967385322897e-01 1.615585799982388882e-01 1.334252967385322897e-01 1.562760000000000260e-01 1.121783834753614928e-01 1.615585799982388882e-01 1.121783834753614650e-01 1.897389999999999910e-01
2.229790000000000383e-01 1.426198621527323407e-01 1.689043703282125664e-01 1.426198621527323407e-01 1.562760000000000260e-01 1.243947014758001179e-01 1.689043703282125664e-01 1.243947014758000902e-01 1.897389999999999910e-01
2.229790000000000383e-01 1.468770891618011443e-01 1.780612171149053291e-01 1.468770891618011443e-01 1.562760000000000260e-01 1.305497665593393641e-01 1.780612171149053291e-01 1.305497665593393364e-01 1.897389999999999910e-01
2.229790000000000383e-01 1.545980000000000132e-01 1.867910000000000403e-01 1.545980000000000132e-01 1.562760000000000260e-01 1.315420000000000478e-01 1.867910000000000403e-01 1.315420000000000200e-01 1.897389999999999910e-01
c: 
2.031000000000000139e+00
2.866000000000000103e+00
2.224000000000000199e+00
