CDF: 
5.100000000000000089e-01 6.999999999999999556e-01 7.900000000000000355e-01 1.000000000000000000e+00
1.499999999999999944e-01 5.600000000000000533e-01 6.600000000000000311e-01 1.000000000000000000e+00
2.600000000000000089e-01 3.499999999999999778e-01 8.399999999999999689e-01 1.000000000000000000e+00
sigma: 
1.544640000000000457e-01 4.942065354898574764e-03 5.312833653383340800e-03 4.942065354898574764e-03 1.841789999999999816e-01 1.120191470296187392e-03 5.312833653383339932e-03 1.120191470296187392e-03 1.051439999999999875e-01
1.544640000000000457e-01 8.289040664829418203e-03 5.722821593604907747e-03 8.289040664829418203e-03 1.841789999999999816e-01 8.964656760870064536e-03 5.722821593604906880e-03 8.964656760870064536e-03 1.051439999999999875e-01
1.544640000000000457e-01 2.118335355536243164e-02 1.454712120598113632e-02 2.118335355536243164e-02 1.841789999999999816e-01 1.362901839030669984e-02 1.454712120598113459e-02 1.362901839030669984e-02 1.051439999999999875e-01
1.544640000000000457e-01 2.721084332681632592e-02 1.785578647859990820e-02 2.721084332681632592e-02 1.841789999999999816e-01 1.961743439409307718e-02 1.785578647859990473e-02 1.961743439409307718e-02 1.051439999999999875e-01
1.544640000000000457e-01 3.566483816280244246e-02 2.620315064220200829e-02 3.566483816280244246e-02 1.841789999999999816e-01 2.418840704799504401e-02 2.620315064220200482e-02 2.418840704799504401e-02 1.051439999999999875e-01
1.544640000000000457e-01 4.352624490824199416e-02 2.864572975200847110e-02 4.352624490824199416e-02 1.841789999999999816e-01 3.024615687535373368e-02 2.864572975200846763e-02 3.024615687535373368e-02 1.051439999999999875e-01
1.544640000000000457e-01 5.055825253641235001e-02 3.789212228627633627e-02 5.055825253641235001e-02 1.841789999999999816e-01 3.335280362886905436e-02 3.789212228627632933e-02 3.335280362886905436e-02 1.051439999999999875e-01
1.544640000000000457e-01 5.228463760920863679e-02 4.097425289558234707e-02 5.228463760920863679e-02 1.841789999999999816e-01 3.953611382893128939e-02 4.097425289558234707e-02 3.953611382893128939e-02 1.051439999999999875e-01
1.544640000000000457e-01 6.376584376135080445e-02 5.061149666306003631e-02 6.376584376135080445e-02 1.841789999999999816e-01 4.368255868552091414e-02 5.061149666306002937e-02 4.368255868552091414e-02 1.051439999999999875e-01
1.544640000000000457e-01 7.132704063770679836e-02 5.672243989127197933e-02 7.132704063770679836e-02 1.841789999999999816e-01 4.840381347506719084e-02 5.672243989127197239e-02 4.840381347506719084e-02 1.051439999999999875e-01
1.544640000000000457e-01 7.753593549913614935e-02 5.826804732611733095e-02 7.753593549913614935e-02 1.841789999999999816e-01 5.629025941188330745e-02 5.826804732611732401e-02 5.629025941188330745e-02 1.051439999999999875e-01
1.544640000000000457e-01 8.758120902960114806e-02 6.693056477960498962e-02 8.758120902960114806e-02 1.841789999999999816e-01 5.899327665392579273e-02 6.693056477960497574e-02 5.899327665392579273e-02 1.051439999999999875e-01
1.544640000000000457e-01 9.019320131999007673e-02 7.300095194985924130e-02 9.019320131999007673e-02 1.841789999999999816e-01 6.484150986748125900e-02 7.300095194985924130e-02 6.484150986748125900e-02 1.051439999999999875e-01
1.544640000000000457e-01 9.902570564390754393e-02 7.652540590916717678e-02 9.902570564390754393e-02 1.841789999999999816e-01 7.198417727852350623e-02 7.652540590916716290e-02 7.198417727852350623e-02 1.051439999999999875e-01
1.544640000000000457e-01 1.091798936378871043e-01 8.073719193622004575e-02 1.091798936378871043e-01 1.841789999999999816e-01 7.806073761510841369e-02 8.073719193622003187e-02 7.806073761510841369e-02 1.051439999999999875e-01
1.544640000000000457e-01 1.161919358209880376e-01 8.887379788048614671e-02 1.161919358209880376e-01 1.841789999999999816e-01 7.980707861956969074e-02 8.887379788048613283e-02 7.980707861956969074e-02 1.051439999999999875e-01
1.544640000000000457e-01 1.191044627089560548e-01 9.542682133495132557e-02 1.191044627089560548e-01 1.841789999999999816e-01 8.519405644282865286e-02 9.542682133495131169e-02 8.519405644282865286e-02 1.051439999999999875e-01
1.544640000000000457e-01 1.255055877918830332e-01 9.914541882226754477e-02 1.255055877918830332e-01 1.841789999999999816e-01 9.330075645469904089e-02 9.914541882226753089e-02 9.330075645469904089e-02 1.051439999999999875e-01
1.544640000000000457e-01 1.353511164131769307e-01 1.024182497299467309e-01 1.353511164131769307e-01 1.841789999999999816e-01 9.589958758855798848e-02 1.024182497299467171e-01 9.589958758855798848e-02 1.051439999999999875e-01
1.544640000000000457e-01 1.392840000000000189e-01 1.079040000000000138e-01 1.392840000000000189e-01 1.841789999999999816e-01 1.003239999999999965e-01 1.079039999999999999e-01 1.003239999999999965e-01 1.051439999999999875e-01
c: 
2.769000000000000128e+00
1.108999999999999986e+00
2.217999999999999972e+00
