CDF: 
5.799999999999999600e-01 6.500000000000000222e-01 6.800000000000000488e-01 1.000000000000000000e+00
2.999999999999999889e-01 3.300000000000000155e-01 4.799999999999999822e-01 1.000000000000000000e+00
2.200000000000000011e-01 6.400000000000000133e-01 8.000000000000000444e-01 1.000000000000000000e+00
sigma: 
2.078839999999999855e-01 8.060438983324587619e-04 5.926344934281513321e-03 8.060438983324586535e-04 2.018039999999999556e-01 4.706934843959677608e-03 5.926344934281513321e-03 4.706934843959677608e-03 1.212960000000000010e-01
2.078839999999999855e-01 8.582483806411763880e-03 1.289022412458042111e-02 8.582483806411762145e-03 2.018039999999999556e-01 6.375187811090378930e-03 1.289022412458042111e-02 6.375187811090378930e-03 1.212960000000000010e-01
2.078839999999999855e-01 1.792650517574608665e-02 1.984112247043688659e-02 1.792650517574608318e-02 2.018039999999999556e-01 1.232710076479529709e-02 1.984112247043688659e-02 1.232710076479529709e-02 1.212960000000000010e-01
2.078839999999999855e-01 2.452732906253543912e-02 2.494159025584944886e-02 2.452732906253543566e-02 2.018039999999999556e-01 2.169841328075515496e-02 2.494159025584944886e-02 2.169841328075515496e-02 1.212960000000000010e-01
2.078839999999999855e-01 3.243568555402118886e-02 3.125020462718805514e-02 3.243568555402118886e-02 2.018039999999999556e-01 2.361843889384845907e-02 3.125020462718805514e-02 2.361843889384845907e-02 1.212960000000000010e-01
2.078839999999999855e-01 4.263644297892317525e-02 4.155135680131521320e-02 4.263644297892316831e-02 2.018039999999999556e-01 3.281157460722073510e-02 4.155135680131521320e-02 3.281157460722073510e-02 1.212960000000000010e-01
2.078839999999999855e-01 4.919308579144689858e-02 4.699720126913940060e-02 4.919308579144688470e-02 2.018039999999999556e-01 3.662457775328342019e-02 4.699720126913940060e-02 3.662457775328342019e-02 1.212960000000000010e-01
2.078839999999999855e-01 5.803561504407798999e-02 5.696830852696780495e-02 5.803561504407797611e-02 2.018039999999999556e-01 4.381359198013670686e-02 5.696830852696780495e-02 4.381359198013670686e-02 1.212960000000000010e-01
2.078839999999999855e-01 6.549934186649226942e-02 6.082686796330134121e-02 6.549934186649225554e-02 2.018039999999999556e-01 4.911739650458624151e-02 6.082686796330134121e-02 4.911739650458624151e-02 1.212960000000000010e-01
2.078839999999999855e-01 7.429197069249500462e-02 6.863895687770345255e-02 7.429197069249499075e-02 2.018039999999999556e-01 5.482636133739372114e-02 6.863895687770345255e-02 5.482636133739372114e-02 1.212960000000000010e-01
2.078839999999999855e-01 7.569549409911985327e-02 7.836757855224912861e-02 7.569549409911983939e-02 2.018039999999999556e-01 5.826761043460382261e-02 7.836757855224912861e-02 5.826761043460382261e-02 1.212960000000000010e-01
2.078839999999999855e-01 8.362979742293517871e-02 8.095042931452714474e-02 8.362979742293515095e-02 2.018039999999999556e-01 6.095109575121610695e-02 8.095042931452714474e-02 6.095109575121610695e-02 1.212960000000000010e-01
2.078839999999999855e-01 9.600199554085726839e-02 8.882105372095015772e-02 9.600199554085724063e-02 2.018039999999999556e-01 6.705769467463605638e-02 8.882105372095015772e-02 6.705769467463605638e-02 1.212960000000000010e-01
2.078839999999999855e-01 1.020073989162805506e-01 9.872237728937631462e-02 1.020073989162805228e-01 2.018039999999999556e-01 7.489884306891696208e-02 9.872237728937631462e-02 7.489884306891696208e-02 1.212960000000000010e-01
2.078839999999999855e-01 1.097333330842671234e-01 1.037578355701733179e-01 1.097333330842670956e-01 2.018039999999999556e-01 7.912215173280015557e-02 1.037578355701733179e-01 7.912215173280015557e-02 1.212960000000000010e-01
2.078839999999999855e-01 1.205824182932721395e-01 1.119063776590911580e-01 1.205824182932721117e-01 2.018039999999999556e-01 8.791141395895123167e-02 1.119063776590911580e-01 8.791141395895123167e-02 1.212960000000000010e-01
2.078839999999999855e-01 1.208217993555761732e-01 1.188661992654484467e-01 1.208217993555761455e-01 2.018039999999999556e-01 9.158892461756903969e-02 1.188661992654484467e-01 9.158892461756903969e-02 1.212960000000000010e-01
2.078839999999999855e-01 1.289533498993318261e-01 1.253687790312016936e-01 1.289533498993317984e-01 2.018039999999999556e-01 9.750865795883241482e-02 1.253687790312016936e-01 9.750865795883241482e-02 1.212960000000000010e-01
2.078839999999999855e-01 1.368915477847518769e-01 1.292761573783827167e-01 1.368915477847518491e-01 2.018039999999999556e-01 1.040043948159358050e-01 1.292761573783827167e-01 1.040043948159358050e-01 1.212960000000000010e-01
2.078839999999999855e-01 1.432440000000000102e-01 1.355919999999999903e-01 1.432439999999999825e-01 2.018039999999999556e-01 1.052720000000000045e-01 1.355919999999999903e-01 1.052720000000000045e-01 1.212960000000000010e-01
c: 
2.801000000000000156e+00
2.552999999999999936e+00
2.072000000000000064e+00
