CDF: 
4.099999999999999756e-01 8.399999999999999689e-01 9.300000000000000488e-01 1.000000000000000000e+00
4.799999999999999822e-01 5.899999999999999689e-01 8.499999999999999778e-01 1.000000000000000000e+00
7.299999999999999822e-01 7.500000000000000000e-01 9.100000000000000311e-01 1.000000000000000000e+00
sigma: 
6.279999999999999472e-02 2.096308518087525424e-03 1.962234372916626327e-04 2.096308518087525424e-03 1.173790000000000111e-01 3.927081046883709389e-03 1.962234372916626327e-04 3.927081046883708522e-03 8.499999999999999223e-02
6.279999999999999472e-02 6.685210744837618256e-03 5.809542676967569680e-03 6.685210744837618256e-03 1.173790000000000111e-01 7.912161934220450152e-03 5.809542676967569680e-03 7.912161934220450152e-03 8.499999999999999223e-02
6.279999999999999472e-02 9.298943659734514033e-03 9.569085307437795451e-03 9.298943659734514033e-03 1.173790000000000111e-01 9.495328773789626919e-03 9.569085307437795451e-03 9.495328773789625185e-03 8.499999999999999223e-02
6.279999999999999472e-02 1.292737906366446358e-02 1.130863821366994044e-02 1.292737906366446358e-02 1.173790000000000111e-01 1.656006919270291283e-02 1.130863821366994044e-02 1.656006919270290936e-02 8.499999999999999223e-02
6.279999999999999472e-02 1.643640576921586577e-02 1.519350600514887684e-02 1.643640576921586577e-02 1.173790000000000111e-01 2.020778097214350269e-02 1.519350600514887684e-02 2.020778097214349922e-02 8.499999999999999223e-02
6.279999999999999472e-02 1.990791210968622174e-02 1.769448883836635678e-02 1.990791210968622174e-02 1.173790000000000111e-01 2.646576786450793514e-02 1.769448883836635678e-02 2.646576786450793167e-02 8.499999999999999223e-02
6.279999999999999472e-02 2.412699067947378373e-02 2.293263558640134744e-02 2.412699067947378373e-02 1.173790000000000111e-01 2.925567110592430103e-02 2.293263558640134744e-02 2.925567110592429756e-02 8.499999999999999223e-02
6.279999999999999472e-02 2.668587090435612860e-02 2.512614899736380011e-02 2.668587090435612860e-02 1.173790000000000111e-01 3.209212805045392330e-02 2.512614899736380011e-02 3.209212805045391637e-02 8.499999999999999223e-02
6.279999999999999472e-02 3.253201843207600280e-02 2.947609453336382662e-02 3.253201843207600280e-02 1.173790000000000111e-01 3.833838895285888310e-02 2.947609453336382662e-02 3.833838895285887616e-02 8.499999999999999223e-02
6.279999999999999472e-02 3.495005219887308695e-02 3.440082656925421561e-02 3.495005219887308695e-02 1.173790000000000111e-01 4.241809904661830721e-02 3.440082656925421561e-02 4.241809904661830027e-02 8.499999999999999223e-02
6.279999999999999472e-02 3.945294292599400843e-02 3.634577413921101507e-02 3.945294292599400843e-02 1.173790000000000111e-01 4.653573280050513072e-02 3.634577413921101507e-02 4.653573280050512379e-02 8.499999999999999223e-02
6.279999999999999472e-02 4.064093241424278358e-02 3.995348484123995708e-02 4.064093241424278358e-02 1.173790000000000111e-01 4.883398806891064287e-02 3.995348484123995708e-02 4.883398806891063593e-02 8.499999999999999223e-02
6.279999999999999472e-02 4.671352386141256613e-02 4.236187119984639177e-02 4.671352386141256613e-02 1.173790000000000111e-01 5.615087709831556584e-02 4.236187119984639177e-02 5.615087709831555196e-02 8.499999999999999223e-02
6.279999999999999472e-02 4.970948008989630601e-02 4.594449042823949697e-02 4.970948008989630601e-02 1.173790000000000111e-01 5.925456828895539485e-02 4.594449042823949697e-02 5.925456828895538791e-02 8.499999999999999223e-02
6.279999999999999472e-02 5.414272459191997455e-02 4.924915766359001107e-02 5.414272459191997455e-02 1.173790000000000111e-01 6.632098840682187912e-02 4.924915766359001107e-02 6.632098840682186525e-02 8.499999999999999223e-02
6.279999999999999472e-02 5.792121881796082061e-02 5.440975787901784072e-02 5.792121881796082061e-02 1.173790000000000111e-01 6.851112910858454808e-02 5.440975787901784072e-02 6.851112910858453420e-02 8.499999999999999223e-02
6.279999999999999472e-02 5.991621133954383449e-02 5.817900121019820708e-02 5.991621133954383449e-02 1.173790000000000111e-01 7.459070655690021312e-02 5.817900121019820708e-02 7.459070655690019924e-02 8.499999999999999223e-02
6.279999999999999472e-02 6.322235456246627638e-02 6.187687211559363826e-02 6.322235456246627638e-02 1.173790000000000111e-01 7.916050637980709404e-02 6.187687211559363826e-02 7.916050637980708016e-02 8.499999999999999223e-02
6.279999999999999472e-02 6.852646299038700484e-02 6.423981326664265912e-02 6.852646299038700484e-02 1.173790000000000111e-01 7.987045463459625794e-02 6.423981326664265912e-02 7.987045463459624406e-02 8.499999999999999223e-02
6.279999999999999472e-02 7.004000000000000503e-02 6.560000000000000553e-02 7.004000000000000503e-02 1.173790000000000111e-01 8.414000000000000645e-02 6.560000000000000553e-02 8.413999999999999257e-02 8.499999999999999223e-02
c: 
1.336000000000000076e+00
1.943999999999999950e+00
2.842999999999999972e+00
