CDF: 
4.799999999999999822e-01 5.300000000000000266e-01 5.400000000000000355e-01 1.000000000000000000e+00
2.000000000000000111e-01 3.499999999999999778e-01 5.100000000000000089e-01 1.000000000000000000e+00
1.199999999999999956e-01 1.499999999999999944e-01 3.099999999999999978e-01 1.000000000000000000e+00
sigma: 
2.389240000000000252e-01 9.736749115521555267e-03 8.287812610781132355e-04 9.736749115521557002e-03 1.805440000000000378e-01 5.076599433304206099e-03 8.287812610781132355e-04 5.076599433304206099e-03 1.391999999999999627e-01
2.389240000000000252e-01 1.185564349822260284e-02 1.091897383146074769e-02 1.185564349822260458e-02 1.805440000000000378e-01 1.016159723926175068e-02 1.091897383146074769e-02 1.016159723926175068e-02 1.391999999999999627e-01
2.389240000000000252e-01 2.114052904318623055e-02 1.775462667650500731e-02 2.114052904318623055e-02 1.805440000000000378e-01 1.493515692538181436e-02 1.775462667650500731e-02 1.493515692538181436e-02 1.391999999999999627e-01
2.389240000000000252e-01 3.212397129131348839e-02 2.153322700776389570e-02 3.212397129131349532e-02 1.805440000000000378e-01 2.395771057688955707e-02 2.153322700776389570e-02 2.395771057688955707e-02 1.391999999999999627e-01
2.389240000000000252e-01 5.062848507788548363e-02 2.508872632924152857e-02 5.062848507788549057e-02 1.805440000000000378e-01 2.882866093563560619e-02 2.508872632924152857e-02 2.882866093563560619e-02 1.391999999999999627e-01
2.389240000000000252e-01 5.282065218492563996e-02 3.066986256325839738e-02 5.282065218492564690e-02 1.805440000000000378e-01 3.635787623721813133e-02 3.066986256325839738e-02 3.635787623721813133e-02 1.391999999999999627e-01
2.389240000000000252e-01 6.581176581611508647e-02 3.760028405813014424e-02 6.581176581611510035e-02 1.805440000000000378e-01 4.544152644422708859e-02 3.760028405813014424e-02 4.544152644422708859e-02 1.391999999999999627e-01
2.389240000000000252e-01 8.066771862705052198e-02 4.269517719373355086e-02 8.066771862705053586e-02 1.805440000000000378e-01 5.013654882799555013e-02 4.269517719373355086e-02 5.013654882799555013e-02 1.391999999999999627e-01
2.389240000000000252e-01 8.550563361452269417e-02 4.879838480784001037e-02 8.550563361452270805e-02 1.805440000000000378e-01 5.596811902008606843e-02 4.879838480784001037e-02 5.596811902008606843e-02 1.391999999999999627e-01
2.389240000000000252e-01 9.732943621157039149e-02 5.602819609771313852e-02 9.732943621157040537e-02 1.805440000000000378e-01 6.154156762621404431e-02 5.602819609771313852e-02 6.154156762621404431e-02 1.391999999999999627e-01
2.389240000000000252e-01 1.023184788825326069e-01 6.444195620183602868e-02 1.023184788825326208e-01 1.805440000000000378e-01 7.286416984235909167e-02 6.444195620183602868e-02 7.286416984235909167e-02 1.391999999999999627e-01
2.389240000000000252e-01 1.141256967091581892e-01 6.978798738401630064e-02 1.141256967091582031e-01 1.805440000000000378e-01 7.793964922451127042e-02 6.978798738401630064e-02 7.793964922451127042e-02 1.391999999999999627e-01
2.389240000000000252e-01 1.240846005590767742e-01 7.574390268599175136e-02 1.240846005590767881e-01 1.805440000000000378e-01 8.148485458626028577e-02 7.574390268599175136e-02 8.148485458626028577e-02 1.391999999999999627e-01
2.389240000000000252e-01 1.419215701863204837e-01 7.803315355865717007e-02 1.419215701863205115e-01 1.805440000000000378e-01 8.989206322362319757e-02 7.803315355865717007e-02 8.989206322362319757e-02 1.391999999999999627e-01
2.389240000000000252e-01 1.487480425726069033e-01 8.662672493963662068e-02 1.487480425726069311e-01 1.805440000000000378e-01 9.400452353130353544e-02 8.662672493963662068e-02 9.400452353130353544e-02 1.391999999999999627e-01
2.389240000000000252e-01 1.591401542864092356e-01 9.409404305917540290e-02 1.591401542864092633e-01 1.805440000000000378e-01 1.033279147708194567e-01 9.409404305917540290e-02 1.033279147708194567e-01 1.391999999999999627e-01
2.389240000000000252e-01 1.723929775802801878e-01 1.014768728751165722e-01 1.723929775802802156e-01 1.805440000000000378e-01 1.134425816865908265e-01 1.014768728751165722e-01 1.134425816865908265e-01 1.391999999999999627e-01
2.389240000000000252e-01 1.755209163068619793e-01 1.051321199386711508e-01 1.755209163068620071e-01 1.805440000000000378e-01 1.141496278252982083e-01 1.051321199386711508e-01 1.141496278252982083e-01 1.391999999999999627e-01
2.389240000000000252e-01 1.846593515439627631e-01 1.127897880005967607e-01 1.846593515439627908e-01 1.805440000000000378e-01 1.249921792524628927e-01 1.127897880005967607e-01 1.249921792524628927e-01 1.391999999999999627e-01
2.389240000000000252e-01 1.935840000000000061e-01 1.137600000000000000e-01 1.935840000000000338e-01 1.805440000000000378e-01 1.269599999999999618e-01 1.137600000000000000e-01 1.269599999999999618e-01 1.391999999999999627e-01
c: 
2.863999999999999879e+00
1.489000000000000101e+00
1.247999999999999998e+00
