CDF: 
5.400000000000000355e-01 5.600000000000000533e-01 6.899999999999999467e-01 1.000000000000000000e+00
2.500000000000000000e-01 6.199999999999999956e-01 8.599999999999999867e-01 1.000000000000000000e+00
7.900000000000000355e-01 8.299999999999999600e-01 8.699999999999999956e-01 1.000000000000000000e+00
sigma: 
1.976440000000000141e-01 4.769198499703372965e-03 4.006733212004679606e-03 4.769198499703373832e-03 9.709999999999999187e-02 1.476706996489339984e-03 4.006733212004678739e-03 1.476706996489339768e-03 1.142839999999999967e-01
1.976440000000000141e-01 7.929617405838503344e-03 8.134097752493078121e-03 7.929617405838503344e-03 9.709999999999999187e-02 8.900735618866794513e-03 8.134097752493078121e-03 8.900735618866794513e-03 1.142839999999999967e-01
1.976440000000000141e-01 1.565076548636188877e-02 1.512681651488889840e-02 1.565076548636189224e-02 9.709999999999999187e-02 1.115773184708255747e-02 1.512681651488889667e-02 1.115773184708255573e-02 1.142839999999999967e-01
1.976440000000000141e-01 2.258560542263846754e-02 1.850784379874140587e-02 2.258560542263847101e-02 9.709999999999999187e-02 1.804379934080938344e-02 1.850784379874140240e-02 1.804379934080937997e-02 1.142839999999999967e-01
1.976440000000000141e-01 2.836099353640208001e-02 2.175596420031294942e-02 2.836099353640208348e-02 9.709999999999999187e-02 2.280968143104044124e-02 2.175596420031294942e-02 2.280968143104043777e-02 1.142839999999999967e-01
1.976440000000000141e-01 3.492171712181195431e-02 2.584936191544917605e-02 3.492171712181196125e-02 9.709999999999999187e-02 2.758994273130120287e-02 2.584936191544917258e-02 2.758994273130119940e-02 1.142839999999999967e-01
1.976440000000000141e-01 4.052040329094337007e-02 3.351063609124160791e-02 4.052040329094337007e-02 9.709999999999999187e-02 3.442283209270394218e-02 3.351063609124160098e-02 3.442283209270393524e-02 1.142839999999999967e-01
1.976440000000000141e-01 4.581299652334105965e-02 3.743475614010614849e-02 4.581299652334106659e-02 9.709999999999999187e-02 3.717792607143190903e-02 3.743475614010614155e-02 3.717792607143190209e-02 1.142839999999999967e-01
1.976440000000000141e-01 5.049333141011216192e-02 4.568383740552819233e-02 5.049333141011216886e-02 9.709999999999999187e-02 4.141120199242164651e-02 4.568383740552818539e-02 4.141120199242163957e-02 1.142839999999999967e-01
1.976440000000000141e-01 5.697425236111488406e-02 5.115454259592518843e-02 5.697425236111489100e-02 9.709999999999999187e-02 4.499567823452783194e-02 5.115454259592518149e-02 4.499567823452782500e-02 1.142839999999999967e-01
1.976440000000000141e-01 6.408806502998554144e-02 5.604619031140524454e-02 6.408806502998554144e-02 9.709999999999999187e-02 5.406887559928452713e-02 5.604619031140523761e-02 5.406887559928452019e-02 1.142839999999999967e-01
1.976440000000000141e-01 6.983210884228691073e-02 5.777650897093147137e-02 6.983210884228691073e-02 9.709999999999999187e-02 5.787725937897000156e-02 5.777650897093146443e-02 5.787725937896999462e-02 1.142839999999999967e-01
1.976440000000000141e-01 7.485881952554031271e-02 6.170379907455099400e-02 7.485881952554032659e-02 9.709999999999999187e-02 6.116283125121589614e-02 6.170379907455098706e-02 6.116283125121588921e-02 1.142839999999999967e-01
1.976440000000000141e-01 8.187678177890625464e-02 6.799857601733477752e-02 8.187678177890626852e-02 9.709999999999999187e-02 6.484250121440383874e-02 6.799857601733476364e-02 6.484250121440383874e-02 1.142839999999999967e-01
1.976440000000000141e-01 8.350860817301430927e-02 7.365897530892918932e-02 8.350860817301432315e-02 9.709999999999999187e-02 7.414576910589520953e-02 7.365897530892917544e-02 7.414576910589519565e-02 1.142839999999999967e-01
1.976440000000000141e-01 9.152994745261031073e-02 8.029671810808160226e-02 9.152994745261032461e-02 9.709999999999999187e-02 7.483508971472407900e-02 8.029671810808158838e-02 7.483508971472406512e-02 1.142839999999999967e-01
1.976440000000000141e-01 9.816674897133777222e-02 8.464472344574056062e-02 9.816674897133778610e-02 9.709999999999999187e-02 8.281534106289759056e-02 8.464472344574054674e-02 8.281534106289757668e-02 1.142839999999999967e-01
1.976440000000000141e-01 1.020189799832953575e-01 9.208130976742727458e-02 1.020189799832953714e-01 9.709999999999999187e-02 8.857908171988183865e-02 9.208130976742726070e-02 8.857908171988182477e-02 1.142839999999999967e-01
1.976440000000000141e-01 1.094901878258186662e-01 9.433025565413319380e-02 1.094901878258186800e-01 9.709999999999999187e-02 9.317504940603218988e-02 9.433025565413317992e-02 9.317504940603217600e-02 1.142839999999999967e-01
1.976440000000000141e-01 1.113399999999999945e-01 9.763600000000000056e-02 1.113400000000000084e-01 9.709999999999999187e-02 9.425999999999999657e-02 9.763599999999998669e-02 9.425999999999998269e-02 1.142839999999999967e-01
c: 
1.955999999999999961e+00
1.741999999999999993e+00
2.657999999999999918e+00
