CDF: 
8.999999999999999667e-02 1.799999999999999933e-01 7.299999999999999822e-01 1.000000000000000000e+00
8.000000000000000167e-02 4.400000000000000022e-01 6.500000000000000222e-01 1.000000000000000000e+00
2.399999999999999911e-01 4.199999999999999845e-01 5.200000000000000178e-01 1.000000000000000000e+00
sigma: 
1.232640000000000124e-01 2.529102656735269023e-06 5.121141295401553106e-03 2.529102656735269023e-06 1.708989999999999676e-01 8.266102100174239561e-03 5.121141295401553106e-03 8.266102100174239561e-03 2.120159999999999823e-01
1.232640000000000124e-01 1.018074011213257989e-02 8.821293792715264107e-03 1.018074011213257989e-02 1.708989999999999676e-01 1.091803636932271206e-02 8.821293792715264107e-03 1.091803636932271206e-02 2.120159999999999823e-01
1.232640000000000124e-01 1.591957021523216984e-02 1.654785238491339114e-02 1.591957021523216984e-02 1.708989999999999676e-01 1.810380287378487302e-02 1.654785238491338767e-02 1.810380287378487302e-02 2.120159999999999823e-01
1.232640000000000124e-01 2.399570343288407598e-02 2.358992847327544273e-02 2.399570343288407598e-02 1.708989999999999676e-01 3.278365645565690933e-02 2.358992847327543926e-02 3.278365645565690933e-02 2.120159999999999823e-01
1.232640000000000124e-01 3.024003808452341985e-02 2.666001257729684951e-02 3.024003808452341985e-02 1.708989999999999676e-01 4.014669154822091135e-02 2.666001257729684604e-02 4.014669154822091135e-02 2.120159999999999823e-01
1.232640000000000124e-01 3.438321841894184661e-02 2.987893765691763612e-02 3.438321841894184661e-02 1.708989999999999676e-01 4.986022369144544469e-02 2.987893765691763265e-02 4.986022369144544469e-02 2.120159999999999823e-01
1.232640000000000124e-01 4.464371209979745014e-02 4.121644299257413990e-02 4.464371209979745014e-02 1.708989999999999676e-01 5.214868604149633380e-02 4.121644299257413296e-02 5.214868604149633380e-02 2.120159999999999823e-01
1.232640000000000124e-01 4.777650908432310578e-02 4.295026975704722971e-02 4.777650908432310578e-02 1.708989999999999676e-01 6.358113075306637274e-02 4.295026975704722277e-02 6.358113075306637274e-02 2.120159999999999823e-01
1.232640000000000124e-01 5.633265699222326367e-02 4.885663839841931227e-02 5.633265699222326367e-02 1.708989999999999676e-01 7.262445588059268653e-02 4.885663839841930534e-02 7.262445588059268653e-02 2.120159999999999823e-01
1.232640000000000124e-01 5.909699735994675823e-02 5.808802672046873422e-02 5.909699735994675823e-02 1.708989999999999676e-01 8.466651533688064613e-02 5.808802672046872728e-02 8.466651533688064613e-02 2.120159999999999823e-01
1.232640000000000124e-01 6.780441239683036858e-02 6.070426193450314395e-02 6.780441239683036858e-02 1.708989999999999676e-01 9.300150734747017478e-02 6.070426193450313701e-02 9.300150734747017478e-02 2.120159999999999823e-01
1.232640000000000124e-01 7.710116481670156729e-02 7.124493745952201196e-02 7.710116481670156729e-02 1.708989999999999676e-01 9.366571689332053863e-02 7.124493745952201196e-02 9.366571689332053863e-02 2.120159999999999823e-01
1.232640000000000124e-01 7.771425580695322244e-02 7.608328167948338883e-02 7.771425580695322244e-02 1.708989999999999676e-01 1.024664760070997382e-01 7.608328167948337495e-02 1.024664760070997382e-01 2.120159999999999823e-01
1.232640000000000124e-01 8.959344586124122489e-02 8.249522825482673294e-02 8.959344586124122489e-02 1.708989999999999676e-01 1.109614303301132282e-01 8.249522825482671906e-02 1.109614303301132282e-01 2.120159999999999823e-01
1.232640000000000124e-01 9.565564850049579348e-02 8.721611166270787363e-02 9.565564850049579348e-02 1.708989999999999676e-01 1.259836104317758332e-01 8.721611166270785975e-02 1.259836104317758332e-01 2.120159999999999823e-01
1.232640000000000124e-01 1.004894338631676515e-01 9.257200093852838152e-02 1.004894338631676515e-01 1.708989999999999676e-01 1.330964939276440828e-01 9.257200093852836764e-02 1.330964939276440828e-01 2.120159999999999823e-01
1.232640000000000124e-01 1.077952345967409659e-01 9.717200994409848358e-02 1.077952345967409659e-01 1.708989999999999676e-01 1.437566459515505213e-01 9.717200994409846970e-02 1.437566459515505213e-01 2.120159999999999823e-01
1.232640000000000124e-01 1.143432686196585307e-01 1.019707782404089963e-01 1.143432686196585307e-01 1.708989999999999676e-01 1.449317763000335935e-01 1.019707782404089824e-01 1.449317763000335935e-01 2.120159999999999823e-01
1.232640000000000124e-01 1.175067257586151909e-01 1.113386978401777611e-01 1.175067257586151909e-01 1.708989999999999676e-01 1.594647637553569808e-01 1.113386978401777472e-01 1.594647637553569808e-01 2.120159999999999823e-01
1.232640000000000124e-01 1.222439999999999916e-01 1.129680000000000129e-01 1.222439999999999916e-01 1.708989999999999676e-01 1.615280000000000049e-01 1.129679999999999990e-01 1.615280000000000049e-01 2.120159999999999823e-01
c: 
2.069999999999999840e+00
1.627000000000000002e+00
2.859999999999999876e+00
