CDF: 
7.099999999999999645e-01 7.900000000000000355e-01 8.399999999999999689e-01 1.000000000000000000e+00
1.799999999999999933e-01 2.399999999999999911e-01 5.999999999999999778e-01 1.000000000000000000e+00
5.200000000000000178e-01 5.600000000000000533e-01 7.500000000000000000e-01 1.000000000000000000e+00
sigma: 
1.327840000000000131e-01 1.930465156705678514e-03 5.624393470151776118e-03 1.930465156705678731e-03 1.508639999999999981e-01 3.261595962406948351e-03 5.624393470151776118e-03 3.261595962406948351e-03 1.704439999999999844e-01
1.327840000000000131e-01 7.179761022468967441e-03 6.771015055607464833e-03 7.179761022468969175e-03 1.508639999999999981e-01 7.936951411165649520e-03 6.771015055607464833e-03 7.936951411165649520e-03 1.704439999999999844e-01
1.327840000000000131e-01 1.150871789995207631e-02 1.899731575099965555e-02 1.150871789995207804e-02 1.508639999999999981e-01 1.584634828207639318e-02 1.899731575099965555e-02 1.584634828207639318e-02 1.704439999999999844e-01
1.327840000000000131e-01 1.499645048607375040e-02 2.077979094684631947e-02 1.499645048607375387e-02 1.508639999999999981e-01 2.548690746218964381e-02 2.077979094684631947e-02 2.548690746218964381e-02 1.704439999999999844e-01
1.327840000000000131e-01 2.057123499065405259e-02 3.239170189328471200e-02 2.057123499065405606e-02 1.508639999999999981e-01 3.254398511012343564e-02 3.239170189328471200e-02 3.254398511012343564e-02 1.704439999999999844e-01
1.327840000000000131e-01 2.563356105789227346e-02 3.870426967587817929e-02 2.563356105789228040e-02 1.508639999999999981e-01 4.153769788905625066e-02 3.870426967587817929e-02 4.153769788905625066e-02 1.704439999999999844e-01
1.327840000000000131e-01 2.921117192905135079e-02 4.523914779493075355e-02 2.921117192905135773e-02 1.508639999999999981e-01 4.590030483162241270e-02 4.523914779493075355e-02 4.590030483162241270e-02 1.704439999999999844e-01
1.327840000000000131e-01 3.266209363780877423e-02 5.182204165303624932e-02 3.266209363780877423e-02 1.508639999999999981e-01 5.198387577987381020e-02 5.182204165303624932e-02 5.198387577987381020e-02 1.704439999999999844e-01
1.327840000000000131e-01 3.919265418114149108e-02 5.844683100544483673e-02 3.919265418114149802e-02 1.508639999999999981e-01 6.091336679154123884e-02 5.844683100544483673e-02 6.091336679154123884e-02 1.704439999999999844e-01
1.327840000000000131e-01 4.577037751383631475e-02 6.107966816034321456e-02 4.577037751383632169e-02 1.508639999999999981e-01 6.356958018140283773e-02 6.107966816034321456e-02 6.356958018140283773e-02 1.704439999999999844e-01
1.327840000000000131e-01 4.653283444603348307e-02 7.218788227720200623e-02 4.653283444603349001e-02 1.508639999999999981e-01 7.747671105883614795e-02 7.218788227720200623e-02 7.747671105883614795e-02 1.704439999999999844e-01
1.327840000000000131e-01 5.264891210268697608e-02 7.450489715924278611e-02 5.264891210268698302e-02 1.508639999999999981e-01 8.367056281629088599e-02 7.450489715924278611e-02 8.367056281629088599e-02 1.704439999999999844e-01
1.327840000000000131e-01 5.833280023702228784e-02 8.353253050640574440e-02 5.833280023702230171e-02 1.508639999999999981e-01 8.496217208021145106e-02 8.353253050640574440e-02 8.496217208021145106e-02 1.704439999999999844e-01
1.327840000000000131e-01 6.099966432316757114e-02 8.775045405723817804e-02 6.099966432316757808e-02 1.508639999999999981e-01 9.313766986657508185e-02 8.775045405723817804e-02 9.313766986657508185e-02 1.704439999999999844e-01
1.327840000000000131e-01 6.797111469217591295e-02 9.329197101624597810e-02 6.797111469217591295e-02 1.508639999999999981e-01 1.007024297185164785e-01 9.329197101624597810e-02 1.007024297185164785e-01 1.704439999999999844e-01
1.327840000000000131e-01 7.317556720796933312e-02 1.032609643970454766e-01 7.317556720796934699e-02 1.508639999999999981e-01 1.058016125998309798e-01 1.032609643970454766e-01 1.058016125998309798e-01 1.704439999999999844e-01
1.327840000000000131e-01 7.412974471864648696e-02 1.121535551114915263e-01 7.412974471864650083e-02 1.508639999999999981e-01 1.140656479132402257e-01 1.121535551114915263e-01 1.140656479132402257e-01 1.704439999999999844e-01
1.327840000000000131e-01 7.903116604163279435e-02 1.153785711731459274e-01 7.903116604163280823e-02 1.508639999999999981e-01 1.263612689976500447e-01 1.153785711731459274e-01 1.263612689976500447e-01 1.704439999999999844e-01
1.327840000000000131e-01 8.353961825828440380e-02 1.241201820238810316e-01 8.353961825828441767e-02 1.508639999999999981e-01 1.318688514484657459e-01 1.241201820238810316e-01 1.318688514484657459e-01 1.704439999999999844e-01
1.327840000000000131e-01 8.702400000000000413e-02 1.257360000000000144e-01 8.702400000000001801e-02 1.508639999999999981e-01 1.338959999999999873e-01 1.257360000000000144e-01 1.338959999999999873e-01 1.704439999999999844e-01
c: 
2.591000000000000192e+00
2.458000000000000185e+00
2.314000000000000057e+00
