CDF: 
1.000000000000000056e-01 5.699999999999999512e-01 7.399999999999999911e-01 1.000000000000000000e+00
1.700000000000000122e-01 2.899999999999999800e-01 3.800000000000000044e-01 1.000000000000000000e+00
5.500000000000000444e-01 5.899999999999999689e-01 6.300000000000000044e-01 1.000000000000000000e+00
sigma: 
1.279160000000000297e-01 2.676989004588111853e-03 7.610971766911956912e-03 2.676989004588111419e-03 1.767999999999999572e-01 2.481746254616322769e-03 7.610971766911956912e-03 2.481746254616322336e-03 2.227640000000000176e-01
1.279160000000000297e-01 7.889006283170315811e-03 1.283427191764847063e-02 7.889006283170314077e-03 1.767999999999999572e-01 1.180675097785691997e-02 1.283427191764847063e-02 1.180675097785691824e-02 2.227640000000000176e-01
1.279160000000000297e-01 1.392105163696914089e-02 1.997138767889463512e-02 1.392105163696913742e-02 1.767999999999999572e-01 1.758372022739335822e-02 1.997138767889463512e-02 1.758372022739335475e-02 2.227640000000000176e-01
1.279160000000000297e-01 1.679534378543446824e-02 2.972283958778594928e-02 1.679534378543446477e-02 1.767999999999999572e-01 2.200202716027342686e-02 2.972283958778594928e-02 2.200202716027342340e-02 2.227640000000000176e-01
1.279160000000000297e-01 2.133663747016084980e-02 3.590639855709155254e-02 2.133663747016084633e-02 1.767999999999999572e-01 3.300332154434663240e-02 3.590639855709155254e-02 3.300332154434662546e-02 2.227640000000000176e-01
1.279160000000000297e-01 2.586953979946277071e-02 3.888245220671587149e-02 2.586953979946276724e-02 1.767999999999999572e-01 3.498774799701882821e-02 3.888245220671587149e-02 3.498774799701882127e-02 2.227640000000000176e-01
1.279160000000000297e-01 3.296255054554499131e-02 4.841983436861052592e-02 3.296255054554499131e-02 1.767999999999999572e-01 4.555433785647504397e-02 4.841983436861052592e-02 4.555433785647503703e-02 2.227640000000000176e-01
1.279160000000000297e-01 3.424808894373102680e-02 5.592970161932911410e-02 3.424808894373101986e-02 1.767999999999999572e-01 4.824134561431278612e-02 5.592970161932911410e-02 4.824134561431277918e-02 2.227640000000000176e-01
1.279160000000000297e-01 3.853190870882405861e-02 6.826831542606828784e-02 3.853190870882405167e-02 1.767999999999999572e-01 5.388502529781076522e-02 6.826831542606828784e-02 5.388502529781075134e-02 2.227640000000000176e-01
1.279160000000000297e-01 4.644017876303540432e-02 7.100689689895123280e-02 4.644017876303539738e-02 1.767999999999999572e-01 6.520700625546957396e-02 7.100689689895123280e-02 6.520700625546956009e-02 2.227640000000000176e-01
1.279160000000000297e-01 5.111450255227860395e-02 8.448793722979704157e-02 5.111450255227859701e-02 1.767999999999999572e-01 6.907854374302598022e-02 8.448793722979704157e-02 6.907854374302596634e-02 2.227640000000000176e-01
1.279160000000000297e-01 5.326900939364895976e-02 8.625483918388569815e-02 5.326900939364894588e-02 1.767999999999999572e-01 7.924066572550854393e-02 8.625483918388569815e-02 7.924066572550853005e-02 2.227640000000000176e-01
1.279160000000000297e-01 5.785749363467390660e-02 9.393587382655267659e-02 5.785749363467389272e-02 1.767999999999999572e-01 8.547576002873677470e-02 9.393587382655267659e-02 8.547576002873676082e-02 2.227640000000000176e-01
1.279160000000000297e-01 6.358719005824385595e-02 1.050104821764487051e-01 6.358719005824385595e-02 1.767999999999999572e-01 8.877657500739476182e-02 1.050104821764487051e-01 8.877657500739474794e-02 2.227640000000000176e-01
1.279160000000000297e-01 7.060488403532978741e-02 1.086616131687555692e-01 7.060488403532977353e-02 1.767999999999999572e-01 9.560126939401301926e-02 1.086616131687555692e-01 9.560126939401300539e-02 2.227640000000000176e-01
1.279160000000000297e-01 7.255047980152302955e-02 1.173129572675942062e-01 7.255047980152301568e-02 1.767999999999999572e-01 1.012764677613351288e-01 1.173129572675942062e-01 1.012764677613351150e-01 2.227640000000000176e-01
1.279160000000000297e-01 8.073922129618057997e-02 1.273678885545622419e-01 8.073922129618056609e-02 1.767999999999999572e-01 1.116289675842081081e-01 1.273678885545622419e-01 1.116289675842080803e-01 2.227640000000000176e-01
1.279160000000000297e-01 8.220087906667074285e-02 1.358245128845869398e-01 8.220087906667072897e-02 1.767999999999999572e-01 1.163041829149210199e-01 1.358245128845869398e-01 1.163041829149209921e-01 2.227640000000000176e-01
1.279160000000000297e-01 8.724711380916343184e-02 1.394743161548578636e-01 8.724711380916341796e-02 1.767999999999999572e-01 1.243398153436357095e-01 1.394743161548578636e-01 1.243398153436356818e-01 2.227640000000000176e-01
1.279160000000000297e-01 9.104000000000000981e-02 1.465319999999999956e-01 9.103999999999999593e-02 1.767999999999999572e-01 1.260799999999999976e-01 1.465319999999999956e-01 1.260799999999999699e-01 2.227640000000000176e-01
c: 
1.745999999999999996e+00
1.993000000000000105e+00
2.105999999999999872e+00
