CDF: 
2.099999999999999922e-01 2.999999999999999889e-01 3.300000000000000155e-01 1.000000000000000000e+00
1.600000000000000033e-01 7.600000000000000089e-01 7.900000000000000355e-01 1.000000000000000000e+00
2.500000000000000000e-01 5.000000000000000000e-01 7.800000000000000266e-01 1.000000000000000000e+00
sigma: 
1.883999999999999841e-01 3.044889733905965790e-03 4.960964278015122207e-03 3.044889733905965790e-03 1.218359999999999999e-01 5.355965703367016398e-03 4.960964278015123075e-03 5.355965703367017265e-03 1.288760000000000183e-01
1.883999999999999841e-01 5.362267920962024079e-03 9.561567921335329193e-03 5.362267920962024079e-03 1.218359999999999999e-01 7.227061716157983512e-03 9.561567921335330927e-03 7.227061716157984379e-03 1.288760000000000183e-01
1.883999999999999841e-01 9.288305308431799370e-03 1.508849943562250683e-02 9.288305308431799370e-03 1.218359999999999999e-01 1.802004295821830679e-02 1.508849943562250856e-02 1.802004295821830679e-02 1.288760000000000183e-01
1.883999999999999841e-01 1.283607899462313288e-02 2.147172221614841031e-02 1.283607899462313288e-02 1.218359999999999999e-01 2.134931547773318353e-02 2.147172221614841031e-02 2.134931547773318353e-02 1.288760000000000183e-01
1.883999999999999841e-01 1.671503726935045023e-02 2.438658344323936869e-02 1.671503726935045023e-02 1.218359999999999999e-01 2.682645268160861393e-02 2.438658344323937216e-02 2.682645268160861740e-02 1.288760000000000183e-01
1.883999999999999841e-01 2.256900564825176092e-02 3.057915195293938945e-02 2.256900564825176092e-02 1.218359999999999999e-01 3.162725973187752171e-02 3.057915195293939292e-02 3.162725973187752171e-02 1.288760000000000183e-01
1.883999999999999841e-01 2.365758711211364204e-02 3.345780242033324220e-02 2.365758711211364204e-02 1.218359999999999999e-01 3.897524883572312665e-02 3.345780242033324914e-02 3.897524883572313359e-02 1.288760000000000183e-01
1.883999999999999841e-01 3.007122542207914251e-02 3.972926690528309074e-02 3.007122542207914251e-02 1.218359999999999999e-01 4.822733539505357631e-02 3.972926690528309768e-02 4.822733539505358324e-02 1.288760000000000183e-01
1.883999999999999841e-01 3.210931176283319394e-02 4.570557887134131525e-02 3.210931176283319394e-02 1.218359999999999999e-01 5.049526355927132920e-02 4.570557887134132219e-02 5.049526355927133614e-02 1.288760000000000183e-01
1.883999999999999841e-01 3.819967870830891232e-02 5.275142679978545024e-02 3.819967870830891232e-02 1.218359999999999999e-01 5.581839506231593001e-02 5.275142679978545718e-02 5.581839506231593695e-02 1.288760000000000183e-01
1.883999999999999841e-01 4.144353989878244576e-02 5.580195546999908163e-02 4.144353989878244576e-02 1.218359999999999999e-01 6.697794733123142719e-02 5.580195546999908857e-02 6.697794733123144106e-02 1.288760000000000183e-01
1.883999999999999841e-01 4.386265442319719349e-02 6.070062792325643664e-02 4.386265442319719349e-02 1.218359999999999999e-01 7.322680948822678226e-02 6.070062792325644357e-02 7.322680948822679614e-02 1.288760000000000183e-01
1.883999999999999841e-01 4.756338925270604812e-02 6.597744210486562733e-02 4.756338925270604812e-02 1.218359999999999999e-01 7.560286122977892542e-02 6.597744210486562733e-02 7.560286122977893930e-02 1.288760000000000183e-01
1.883999999999999841e-01 5.187390558663842327e-02 7.502005138814159257e-02 5.187390558663842327e-02 1.218359999999999999e-01 8.080979716516263622e-02 7.502005138814159257e-02 8.080979716516265010e-02 1.288760000000000183e-01
1.883999999999999841e-01 5.555407993275939676e-02 7.612177299437879185e-02 5.555407993275939676e-02 1.218359999999999999e-01 9.039839025547659335e-02 7.612177299437880573e-02 9.039839025547660722e-02 1.288760000000000183e-01
1.883999999999999841e-01 5.937990471943009607e-02 8.326987183780991397e-02 5.937990471943009607e-02 1.218359999999999999e-01 9.444975814851651330e-02 8.326987183780992785e-02 9.444975814851652718e-02 1.288760000000000183e-01
1.883999999999999841e-01 6.487227220052271814e-02 9.184960404313521898e-02 6.487227220052271814e-02 1.218359999999999999e-01 1.024477123100588499e-01 9.184960404313523286e-02 1.024477123100588638e-01 1.288760000000000183e-01
1.883999999999999841e-01 6.780368791069811552e-02 9.608472875024734461e-02 6.780368791069811552e-02 1.218359999999999999e-01 1.094341525246151220e-01 9.608472875024735849e-02 1.094341525246151359e-01 1.288760000000000183e-01
1.883999999999999841e-01 7.290881638011147137e-02 1.000779146681458204e-01 7.290881638011147137e-02 1.218359999999999999e-01 1.151024403229986143e-01 1.000779146681458343e-01 1.151024403229986282e-01 1.288760000000000183e-01
1.883999999999999841e-01 7.459999999999999964e-02 1.029999999999999805e-01 7.459999999999999964e-02 1.218359999999999999e-01 1.173560000000000020e-01 1.029999999999999943e-01 1.173560000000000159e-01 1.288760000000000183e-01
c: 
1.235000000000000098e+00
2.412999999999999812e+00
2.576000000000000068e+00
