CDF: 
5.699999999999999512e-01 5.999999999999999778e-01 8.100000000000000533e-01 1.000000000000000000e+00
1.300000000000000044e-01 3.400000000000000244e-01 6.600000000000000311e-01 1.000000000000000000e+00
4.699999999999999734e-01 6.400000000000000133e-01 6.999999999999999556e-01 1.000000000000000000e+00
sigma: 
1.436640000000000139e-01 5.300256074068234770e-03 4.853187621748958867e-03 5.300256074068234770e-03 1.620509999999999728e-01 6.805727275526686666e-03 4.853187621748958867e-03 6.805727275526687534e-03 1.948750000000000204e-01
1.436640000000000139e-01 1.082198682282499783e-02 1.343894012195182182e-02 1.082198682282499783e-02 1.620509999999999728e-01 1.434459608321167305e-02 1.343894012195182182e-02 1.434459608321167479e-02 1.948750000000000204e-01
1.436640000000000139e-01 1.500539871783506882e-02 2.055569702997903092e-02 1.500539871783506882e-02 1.620509999999999728e-01 2.365327046444255787e-02 2.055569702997903092e-02 2.365327046444256134e-02 1.948750000000000204e-01
1.436640000000000139e-01 2.188293867559093497e-02 2.386149235556386458e-02 2.188293867559093497e-02 1.620509999999999728e-01 2.807248233223317777e-02 2.386149235556386458e-02 2.807248233223318123e-02 1.948750000000000204e-01
1.436640000000000139e-01 3.206625775833382014e-02 3.690581632509740140e-02 3.206625775833382014e-02 1.620509999999999728e-01 4.089631006366027666e-02 3.690581632509740140e-02 4.089631006366028360e-02 1.948750000000000204e-01
1.436640000000000139e-01 3.516634200012627026e-02 4.091781686567685927e-02 3.516634200012627026e-02 1.620509999999999728e-01 4.946488266269513656e-02 4.091781686567685927e-02 4.946488266269514350e-02 1.948750000000000204e-01
1.436640000000000139e-01 4.292486369540475522e-02 4.774781572223953802e-02 4.292486369540475522e-02 1.620509999999999728e-01 5.981056359001336170e-02 4.774781572223953802e-02 5.981056359001337558e-02 1.948750000000000204e-01
1.436640000000000139e-01 4.712490249792035402e-02 6.050216257091269034e-02 4.712490249792035402e-02 1.620509999999999728e-01 6.335289954891791531e-02 6.050216257091269034e-02 6.335289954891792918e-02 1.948750000000000204e-01
1.436640000000000139e-01 5.510019590188654920e-02 6.564177878739912986e-02 5.510019590188654920e-02 1.620509999999999728e-01 7.637748988428154362e-02 6.564177878739912986e-02 7.637748988428155750e-02 1.948750000000000204e-01
1.436640000000000139e-01 6.517296093881699837e-02 7.102408192854668678e-02 6.517296093881699837e-02 1.620509999999999728e-01 7.951771021059808597e-02 7.102408192854668678e-02 7.951771021059809985e-02 1.948750000000000204e-01
1.436640000000000139e-01 6.847339306034251616e-02 7.805360028895649838e-02 6.847339306034251616e-02 1.620509999999999728e-01 8.747329301536459212e-02 7.805360028895649838e-02 8.747329301536460600e-02 1.948750000000000204e-01
1.436640000000000139e-01 7.550687989380802656e-02 8.990725436019134098e-02 7.550687989380802656e-02 1.620509999999999728e-01 9.972333707339715858e-02 8.990725436019134098e-02 9.972333707339717246e-02 1.948750000000000204e-01
1.436640000000000139e-01 8.187279374153730305e-02 9.824975099963204062e-02 8.187279374153730305e-02 1.620509999999999728e-01 1.106737703188950817e-01 9.824975099963204062e-02 1.106737703188950955e-01 1.948750000000000204e-01
1.436640000000000139e-01 8.843007128205883360e-02 1.016719636265779603e-01 8.843007128205883360e-02 1.620509999999999728e-01 1.207183943521126929e-01 1.016719636265779603e-01 1.207183943521127206e-01 1.948750000000000204e-01
1.436640000000000139e-01 9.784727450896225920e-02 1.077264970428726126e-01 9.784727450896225920e-02 1.620509999999999728e-01 1.229959095929034629e-01 1.077264970428726126e-01 1.229959095929034768e-01 1.948750000000000204e-01
1.436640000000000139e-01 9.931054953142924580e-02 1.143204235426408394e-01 9.931054953142924580e-02 1.620509999999999728e-01 1.309775691382063512e-01 1.143204235426408394e-01 1.309775691382063512e-01 1.948750000000000204e-01
1.436640000000000139e-01 1.087231579984774821e-01 1.258949142488503814e-01 1.087231579984774821e-01 1.620509999999999728e-01 1.482455621540230417e-01 1.258949142488503814e-01 1.482455621540230695e-01 1.948750000000000204e-01
1.436640000000000139e-01 1.154214806328084930e-01 1.355675749014641496e-01 1.154214806328084930e-01 1.620509999999999728e-01 1.559924627567356448e-01 1.355675749014641496e-01 1.559924627567356725e-01 1.948750000000000204e-01
1.436640000000000139e-01 1.185301213547263061e-01 1.407517186150486210e-01 1.185301213547263061e-01 1.620509999999999728e-01 1.612893089695190130e-01 1.407517186150486210e-01 1.612893089695190407e-01 1.948750000000000204e-01
1.436640000000000139e-01 1.243080000000000018e-01 1.441400000000000181e-01 1.243080000000000018e-01 1.620509999999999728e-01 1.658049999999999802e-01 1.441400000000000181e-01 1.658050000000000079e-01 1.948750000000000204e-01
c: 
1.961999999999999966e+00
1.971999999999999975e+00
2.579000000000000181e+00
