CDF: 
1.600000000000000033e-01 5.000000000000000000e-01 7.299999999999999822e-01 1.000000000000000000e+00
4.299999999999999933e-01 4.500000000000000111e-01 8.000000000000000444e-01 1.000000000000000000e+00
1.799999999999999933e-01 4.699999999999999734e-01 5.300000000000000266e-01 1.000000000000000000e+00
sigma: 
1.549710000000000254e-01 2.922636142420346507e-03 3.322510256828282472e-03 2.922636142420346507e-03 1.374510000000000454e-01 5.583209454801431326e-03 3.322510256828282039e-03 5.583209454801431326e-03 2.110110000000000319e-01
1.549710000000000254e-01 1.053285910841224651e-02 1.251629021775360791e-02 1.053285910841224651e-02 1.374510000000000454e-01 1.013122963027737050e-02 1.251629021775360444e-02 1.013122963027737050e-02 2.110110000000000319e-01
1.549710000000000254e-01 1.647170619443039108e-02 1.946542350980305994e-02 1.647170619443039108e-02 1.374510000000000454e-01 1.872754307750754826e-02 1.946542350980305647e-02 1.872754307750754826e-02 2.110110000000000319e-01
1.549710000000000254e-01 2.460177069689730919e-02 2.489388726745274741e-02 2.460177069689730919e-02 1.374510000000000454e-01 2.141919675572752715e-02 2.489388726745274394e-02 2.141919675572752715e-02 2.110110000000000319e-01
1.549710000000000254e-01 3.295818759662116210e-02 3.204940705270083873e-02 3.295818759662116210e-02 1.374510000000000454e-01 2.978726280187133854e-02 3.204940705270083179e-02 2.978726280187133854e-02 2.110110000000000319e-01
1.549710000000000254e-01 3.403201055445968792e-02 4.030623898146930978e-02 3.403201055445968792e-02 1.374510000000000454e-01 3.732304147327266536e-02 4.030623898146930284e-02 3.732304147327266536e-02 2.110110000000000319e-01
1.549710000000000254e-01 4.655875450697408158e-02 4.611050070489375319e-02 4.655875450697408158e-02 1.374510000000000454e-01 4.395015618965029264e-02 4.611050070489374625e-02 4.395015618965029264e-02 2.110110000000000319e-01
1.549710000000000254e-01 5.294170353505931598e-02 5.295455622381513294e-02 5.294170353505931598e-02 1.374510000000000454e-01 5.273924215824195294e-02 5.295455622381511906e-02 5.273924215824195294e-02 2.110110000000000319e-01
1.549710000000000254e-01 5.802676334000574088e-02 6.543113733453900793e-02 5.802676334000574088e-02 1.374510000000000454e-01 5.609486448020371135e-02 6.543113733453899405e-02 5.609486448020371135e-02 2.110110000000000319e-01
1.549710000000000254e-01 6.782860151449651709e-02 7.230808178026788824e-02 6.782860151449651709e-02 1.374510000000000454e-01 6.314052000400113829e-02 7.230808178026787436e-02 6.314052000400113829e-02 2.110110000000000319e-01
1.549710000000000254e-01 7.103887270658043596e-02 7.899797574197155170e-02 7.103887270658043596e-02 1.374510000000000454e-01 7.215988209229881600e-02 7.899797574197153782e-02 7.215988209229881600e-02 2.110110000000000319e-01
1.549710000000000254e-01 7.508610301487209093e-02 8.639517908632862730e-02 7.508610301487209093e-02 1.374510000000000454e-01 7.910103875267479601e-02 8.639517908632861343e-02 7.910103875267479601e-02 2.110110000000000319e-01
1.549710000000000254e-01 8.482168215488668228e-02 9.176007950251792444e-02 8.482168215488668228e-02 1.374510000000000454e-01 8.364032850248909190e-02 9.176007950251791057e-02 8.364032850248909190e-02 2.110110000000000319e-01
1.549710000000000254e-01 9.251982039249342926e-02 9.849966244477496857e-02 9.251982039249342926e-02 1.374510000000000454e-01 9.186634901208730331e-02 9.849966244477494082e-02 9.186634901208730331e-02 2.110110000000000319e-01
1.549710000000000254e-01 9.893327400289307627e-02 1.082019948736921144e-01 9.893327400289307627e-02 1.374510000000000454e-01 9.521833762443746019e-02 1.082019948736921006e-01 9.521833762443746019e-02 2.110110000000000319e-01
1.549710000000000254e-01 1.019802216962115288e-01 1.178728200080223221e-01 1.019802216962115288e-01 1.374510000000000454e-01 1.064467086478252111e-01 1.178728200080223082e-01 1.064467086478252111e-01 2.110110000000000319e-01
1.549710000000000254e-01 1.107367482588250407e-01 1.259339466393186724e-01 1.107367482588250407e-01 1.374510000000000454e-01 1.122658808837183886e-01 1.259339466393186724e-01 1.122658808837183886e-01 2.110110000000000319e-01
1.549710000000000254e-01 1.192012031617701029e-01 1.358628152470350570e-01 1.192012031617701029e-01 1.374510000000000454e-01 1.213210506891988366e-01 1.358628152470350292e-01 1.213210506891988366e-01 2.110110000000000319e-01
1.549710000000000254e-01 1.285009892411839716e-01 1.411337387373052810e-01 1.285009892411839716e-01 1.374510000000000454e-01 1.281330426727162186e-01 1.411337387373052532e-01 1.281330426727162186e-01 2.110110000000000319e-01
1.549710000000000254e-01 1.288890000000000313e-01 1.436590000000000367e-01 1.288890000000000313e-01 1.374510000000000454e-01 1.284810000000000119e-01 1.436590000000000089e-01 1.284810000000000119e-01 2.110110000000000319e-01
c: 
1.598000000000000087e+00
2.133999999999999897e+00
2.607000000000000206e+00
