CDF: 
1.100000000000000006e-01 3.499999999999999778e-01 5.200000000000000178e-01 1.000000000000000000e+00
3.699999999999999956e-01 3.900000000000000133e-01 6.800000000000000488e-01 1.000000000000000000e+00
3.099999999999999978e-01 3.300000000000000155e-01 4.299999999999999933e-01 1.000000000000000000e+00
sigma: 
1.615840000000000054e-01 1.384325360609887055e-03 8.096553367145733343e-03 1.384325360609887055e-03 1.736000000000000321e-01 4.505236056469542720e-03 8.096553367145735078e-03 4.505236056469542720e-03 2.098040000000000183e-01
1.615840000000000054e-01 1.049114221507360147e-02 1.179544732754409658e-02 1.049114221507360147e-02 1.736000000000000321e-01 8.624800798003194949e-03 1.179544732754410005e-02 8.624800798003194949e-03 2.098040000000000183e-01
1.615840000000000054e-01 1.601515391720339382e-02 2.001524088669778129e-02 1.601515391720339382e-02 1.736000000000000321e-01 2.336391313185967600e-02 2.001524088669778823e-02 2.336391313185967600e-02 2.098040000000000183e-01
1.615840000000000054e-01 2.883921485916574740e-02 3.268232178490902695e-02 2.883921485916574740e-02 1.736000000000000321e-01 2.895795773185416352e-02 3.268232178490904083e-02 2.895795773185416352e-02 2.098040000000000183e-01
1.615840000000000054e-01 3.087840161977066164e-02 3.556369469089430690e-02 3.087840161977066164e-02 1.736000000000000321e-01 3.332549855582685183e-02 3.556369469089431384e-02 3.332549855582685183e-02 2.098040000000000183e-01
1.615840000000000054e-01 4.189836781319274117e-02 4.764198755089328607e-02 4.189836781319274117e-02 1.736000000000000321e-01 4.429043987787730646e-02 4.764198755089329995e-02 4.429043987787730646e-02 2.098040000000000183e-01
1.615840000000000054e-01 4.998830984094546070e-02 5.269906757526503227e-02 4.998830984094546070e-02 1.736000000000000321e-01 5.635784029671579709e-02 5.269906757526505309e-02 5.635784029671579709e-02 2.098040000000000183e-01
1.615840000000000054e-01 5.481763521951187046e-02 6.915398464987942972e-02 5.481763521951187046e-02 1.736000000000000321e-01 6.382242834134527198e-02 6.915398464987945748e-02 6.382242834134527198e-02 2.098040000000000183e-01
1.615840000000000054e-01 6.755499930982479528e-02 7.070878326647309087e-02 6.755499930982479528e-02 1.736000000000000321e-01 6.703501658267656260e-02 7.070878326647310474e-02 6.703501658267656260e-02 2.098040000000000183e-01
1.615840000000000054e-01 7.398784471600500234e-02 8.060219433963922153e-02 7.398784471600500234e-02 1.736000000000000321e-01 7.809831985871712456e-02 8.060219433963924929e-02 7.809831985871712456e-02 2.098040000000000183e-01
1.615840000000000054e-01 7.725960058097348926e-02 9.413079216320810461e-02 7.725960058097348926e-02 1.736000000000000321e-01 8.638523962965560798e-02 9.413079216320813236e-02 8.638523962965560798e-02 2.098040000000000183e-01
1.615840000000000054e-01 8.709944368840889795e-02 9.705951546499448634e-02 8.709944368840889795e-02 1.736000000000000321e-01 9.350653841744172023e-02 9.705951546499452798e-02 9.350653841744172023e-02 2.098040000000000183e-01
1.615840000000000054e-01 9.279103363267782179e-02 1.081053632851938506e-01 9.279103363267782179e-02 1.736000000000000321e-01 1.004615241626938549e-01 1.081053632851938923e-01 1.004615241626938549e-01 2.098040000000000183e-01
1.615840000000000054e-01 1.045669433332229725e-01 1.192691207186330343e-01 1.045669433332229725e-01 1.736000000000000321e-01 1.152392828106802297e-01 1.192691207186330760e-01 1.152392828106802297e-01 2.098040000000000183e-01
1.615840000000000054e-01 1.090522458864929128e-01 1.238989826165129704e-01 1.090522458864929128e-01 1.736000000000000321e-01 1.226183849703269269e-01 1.238989826165130120e-01 1.226183849703269269e-01 2.098040000000000183e-01
1.615840000000000054e-01 1.172427138784966766e-01 1.369870233138935911e-01 1.172427138784966766e-01 1.736000000000000321e-01 1.294828135723614382e-01 1.369870233138936466e-01 1.294828135723614382e-01 2.098040000000000183e-01
1.615840000000000054e-01 1.258283433396200079e-01 1.402314455435568485e-01 1.258283433396200079e-01 1.736000000000000321e-01 1.345043263619030982e-01 1.402314455435568763e-01 1.345043263619030982e-01 2.098040000000000183e-01
1.615840000000000054e-01 1.291592944446171010e-01 1.511846989266113217e-01 1.291592944446171010e-01 1.736000000000000321e-01 1.455541397374877366e-01 1.511846989266113772e-01 1.455541397374877366e-01 2.098040000000000183e-01
1.615840000000000054e-01 1.399735464250878580e-01 1.629137484588862039e-01 1.399735464250878580e-01 1.736000000000000321e-01 1.527667806654081084e-01 1.629137484588862594e-01 1.527667806654081084e-01 2.098040000000000183e-01
1.615840000000000054e-01 1.441600000000000104e-01 1.652559999999999585e-01 1.441600000000000104e-01 1.736000000000000321e-01 1.578400000000000358e-01 1.652560000000000140e-01 1.578400000000000358e-01 2.098040000000000183e-01
c: 
2.063000000000000167e+00
2.694999999999999840e+00
1.741999999999999993e+00
