CDF: 
1.100000000000000006e-01 4.000000000000000222e-01 4.500000000000000111e-01 1.000000000000000000e+00
8.999999999999999667e-02 3.599999999999999867e-01 4.600000000000000200e-01 1.000000000000000000e+00
2.500000000000000000e-01 4.899999999999999911e-01 5.600000000000000533e-01 1.000000000000000000e+00
sigma: 
1.752160000000000106e-01 5.716473043491508699e-03 1.766431761312797636e-04 5.716473043491508699e-03 1.648439999999999905e-01 2.535123960585622567e-03 1.766431761312797636e-04 2.535123960585622133e-03 1.945439999999999947e-01
1.752160000000000106e-01 9.383883752466022632e-03 1.391174402659841464e-02 9.383883752466022632e-03 1.648439999999999905e-01 1.300214714728747251e-02 1.391174402659841464e-02 1.300214714728747077e-02 1.945439999999999947e-01
1.752160000000000106e-01 2.539423590016054444e-02 1.756482307708604612e-02 2.539423590016054444e-02 1.648439999999999905e-01 2.303145228506763356e-02 1.756482307708604612e-02 2.303145228506763009e-02 1.945439999999999947e-01
1.752160000000000106e-01 3.016166827976865528e-02 2.994132026773968502e-02 3.016166827976865528e-02 1.648439999999999905e-01 2.626559187311769752e-02 2.994132026773968502e-02 2.626559187311769406e-02 1.945439999999999947e-01
1.752160000000000106e-01 3.671618769826574119e-02 4.219954163710375877e-02 3.671618769826574119e-02 1.648439999999999905e-01 3.950856430514872175e-02 4.219954163710375877e-02 3.950856430514871481e-02 1.945439999999999947e-01
1.752160000000000106e-01 4.502387536451134958e-02 4.427414231272022022e-02 4.502387536451134958e-02 1.648439999999999905e-01 4.440990761295391526e-02 4.427414231272022022e-02 4.440990761295390832e-02 1.945439999999999947e-01
1.752160000000000106e-01 5.971627543730221449e-02 5.159851870724659756e-02 5.971627543730221449e-02 1.648439999999999905e-01 5.781808088992367728e-02 5.159851870724659756e-02 5.781808088992366340e-02 1.945439999999999947e-01
1.752160000000000106e-01 6.790471378791694546e-02 6.716910638368850384e-02 6.790471378791694546e-02 1.648439999999999905e-01 6.333520836911821217e-02 6.716910638368850384e-02 6.333520836911819829e-02 1.945439999999999947e-01
1.752160000000000106e-01 7.390537749178985316e-02 7.133485377233407532e-02 7.390537749178985316e-02 1.648439999999999905e-01 7.290081640466793134e-02 7.133485377233407532e-02 7.290081640466791746e-02 1.945439999999999947e-01
1.752160000000000106e-01 8.542882947658360371e-02 8.237812902548721783e-02 8.542882947658360371e-02 1.648439999999999905e-01 7.948334963966564859e-02 8.237812902548721783e-02 7.948334963966563471e-02 1.945439999999999947e-01
1.752160000000000106e-01 9.330203234072392826e-02 9.254145365910011745e-02 9.330203234072392826e-02 1.648439999999999905e-01 9.104983970342953037e-02 9.254145365910011745e-02 9.104983970342951649e-02 1.945439999999999947e-01
1.752160000000000106e-01 9.936393601240471607e-02 9.471473775386904381e-02 9.936393601240471607e-02 1.648439999999999905e-01 9.267443150729018364e-02 9.471473775386904381e-02 9.267443150729015588e-02 1.945439999999999947e-01
1.752160000000000106e-01 1.121213715996317445e-01 1.061633822230792362e-01 1.121213715996317445e-01 1.648439999999999905e-01 1.042878491239291466e-01 1.061633822230792362e-01 1.042878491239291328e-01 1.945439999999999947e-01
1.752160000000000106e-01 1.225005212200076937e-01 1.166044436548515084e-01 1.225005212200076937e-01 1.648439999999999905e-01 1.117555362049799245e-01 1.166044436548515084e-01 1.117555362049799106e-01 1.945439999999999947e-01
1.752160000000000106e-01 1.290687402815672569e-01 1.196945742176642458e-01 1.290687402815672569e-01 1.648439999999999905e-01 1.181380390753197923e-01 1.196945742176642458e-01 1.181380390753197646e-01 1.945439999999999947e-01
1.752160000000000106e-01 1.350766597214667353e-01 1.326406498588332816e-01 1.350766597214667353e-01 1.648439999999999905e-01 1.266904702985366116e-01 1.326406498588332816e-01 1.266904702985365838e-01 1.945439999999999947e-01
1.752160000000000106e-01 1.428634412818799160e-01 1.447418499607173170e-01 1.428634412818799160e-01 1.648439999999999905e-01 1.349218826114587100e-01 1.447418499607173170e-01 1.349218826114586822e-01 1.945439999999999947e-01
1.752160000000000106e-01 1.554480872763576715e-01 1.488820803109156266e-01 1.554480872763576715e-01 1.648439999999999905e-01 1.497603721230318097e-01 1.488820803109156266e-01 1.497603721230317819e-01 1.945439999999999947e-01
1.752160000000000106e-01 1.613053587679007805e-01 1.568624289063519639e-01 1.613053587679007805e-01 1.648439999999999905e-01 1.580098244449154310e-01 1.568624289063519639e-01 1.580098244449154032e-01 1.945439999999999947e-01
1.752160000000000106e-01 1.670479999999999743e-01 1.619519999999999849e-01 1.670479999999999743e-01 1.648439999999999905e-01 1.592560000000000087e-01 1.619519999999999849e-01 1.592559999999999809e-01 1.945439999999999947e-01
c: 
1.506999999999999895e+00
1.925000000000000044e+00
2.258000000000000007e+00
