CDF: 
2.999999999999999889e-01 5.899999999999999689e-01 8.800000000000000044e-01 1.000000000000000000e+00
1.700000000000000122e-01 2.399999999999999911e-01 3.800000000000000044e-01 1.000000000000000000e+00
1.499999999999999944e-01 4.000000000000000222e-01 8.000000000000000444e-01 1.000000000000000000e+00
sigma: 
9.330399999999999805e-02 4.930281484730225286e-05 4.091814383293640792e-03 4.930281484730225286e-05 1.857389999999999874e-01 6.084551971993900515e-05 4.091814383293640792e-03 6.084551971993901193e-05 1.194750000000000256e-01
9.330399999999999805e-02 4.688355895397676096e-03 7.607329947427703479e-03 4.688355895397676096e-03 1.857389999999999874e-01 7.588341256786589571e-03 7.607329947427703479e-03 7.588341256786590439e-03 1.194750000000000256e-01
9.330399999999999805e-02 9.690586199715250579e-03 1.285515584805703437e-02 9.690586199715250579e-03 1.857389999999999874e-01 1.441592362110663203e-02 1.285515584805703437e-02 1.441592362110663376e-02 1.194750000000000256e-01
9.330399999999999805e-02 1.271027328909482904e-02 1.773292771160523557e-02 1.271027328909482904e-02 1.857389999999999874e-01 1.954160191703858615e-02 1.773292771160523557e-02 1.954160191703858962e-02 1.194750000000000256e-01
9.330399999999999805e-02 1.899888885522145118e-02 1.927582137153324715e-02 1.899888885522145118e-02 1.857389999999999874e-01 2.257467429065377132e-02 1.927582137153324715e-02 2.257467429065377479e-02 1.194750000000000256e-01
9.330399999999999805e-02 2.002648945676214695e-02 2.515114094426381189e-02 2.002648945676214695e-02 1.857389999999999874e-01 2.554072718022001517e-02 2.515114094426381189e-02 2.554072718022001864e-02 1.194750000000000256e-01
9.330399999999999805e-02 2.587841585485166004e-02 2.823448277614306820e-02 2.587841585485166004e-02 1.857389999999999874e-01 3.360999634001527597e-02 2.823448277614306820e-02 3.360999634001528291e-02 1.194750000000000256e-01
9.330399999999999805e-02 2.886159076065455270e-02 3.264045430360724975e-02 2.886159076065455270e-02 1.857389999999999874e-01 4.002331621794178590e-02 3.264045430360724975e-02 4.002331621794179284e-02 1.194750000000000256e-01
9.330399999999999805e-02 3.071822759437731198e-02 4.128256737538997523e-02 3.071822759437731198e-02 1.857389999999999874e-01 4.057178830368907141e-02 4.128256737538997523e-02 4.057178830368907835e-02 1.194750000000000256e-01
9.330399999999999805e-02 3.568699968885326312e-02 4.229496387933483204e-02 3.568699968885326312e-02 1.857389999999999874e-01 4.945877579490007975e-02 4.229496387933483204e-02 4.945877579490008669e-02 1.194750000000000256e-01
9.330399999999999805e-02 3.925195171042012571e-02 4.792166876570244649e-02 3.925195171042012571e-02 1.857389999999999874e-01 5.302824623615218919e-02 4.792166876570244649e-02 5.302824623615219612e-02 1.194750000000000256e-01
9.330399999999999805e-02 4.532495728492205722e-02 5.200746564873767047e-02 4.532495728492205722e-02 1.857389999999999874e-01 6.045871165258416557e-02 5.200746564873767047e-02 6.045871165258417251e-02 1.194750000000000256e-01
9.330399999999999805e-02 4.750369995502107950e-02 5.866647727898778586e-02 4.750369995502107950e-02 1.857389999999999874e-01 6.487925565303981346e-02 5.866647727898778586e-02 6.487925565303981346e-02 1.194750000000000256e-01
9.330399999999999805e-02 5.324133082940927381e-02 6.066926052296741506e-02 5.324133082940927381e-02 1.857389999999999874e-01 6.905762204024840090e-02 6.066926052296741506e-02 6.905762204024841477e-02 1.194750000000000256e-01
9.330399999999999805e-02 5.683648984048662173e-02 6.770016113113057343e-02 5.683648984048662173e-02 1.857389999999999874e-01 7.262607490455555426e-02 6.770016113113057343e-02 7.262607490455555426e-02 1.194750000000000256e-01
9.330399999999999805e-02 5.753479362448364609e-02 7.011017200683702932e-02 5.753479362448364609e-02 1.857389999999999874e-01 7.626700472406110209e-02 7.011017200683702932e-02 7.626700472406111597e-02 1.194750000000000256e-01
9.330399999999999805e-02 6.140129493140255440e-02 7.693261446673682613e-02 6.140129493140255440e-02 1.857389999999999874e-01 8.392407439241969525e-02 7.693261446673682613e-02 8.392407439241970912e-02 1.194750000000000256e-01
9.330399999999999805e-02 6.698002289865405412e-02 7.954258489774455876e-02 6.698002289865405412e-02 1.857389999999999874e-01 8.641192889435882207e-02 7.954258489774455876e-02 8.641192889435883595e-02 1.194750000000000256e-01
9.330399999999999805e-02 6.965808054854320808e-02 8.525303345330814686e-02 6.965808054854320808e-02 1.857389999999999874e-01 9.188159777545283624e-02 8.525303345330814686e-02 9.188159777545285012e-02 1.194750000000000256e-01
9.330399999999999805e-02 7.251599999999998325e-02 8.818000000000000838e-02 7.251599999999998325e-02 1.857389999999999874e-01 9.609499999999998598e-02 8.818000000000000838e-02 9.609499999999999986e-02 1.194750000000000256e-01
c: 
1.068000000000000060e+00
2.210999999999999854e+00
1.350000000000000089e+00
