CDF: 
1.799999999999999933e-01 3.200000000000000067e-01 4.299999999999999933e-01 1.000000000000000000e+00
3.800000000000000044e-01 5.699999999999999512e-01 5.899999999999999689e-01 1.000000000000000000e+00
1.700000000000000122e-01 6.500000000000000222e-01 8.399999999999999689e-01 1.000000000000000000e+00
sigma: 
2.006110000000000393e-01 3.140773819342496543e-03 1.565092830654765156e-03 3.140773819342496977e-03 2.244750000000000079e-01 3.401869612909778125e-03 1.565092830654765156e-03 3.401869612909778125e-03 1.116749999999999965e-01
2.006110000000000393e-01 1.708664394567974143e-02 6.478667174784579624e-03 1.708664394567974490e-02 2.244750000000000079e-01 1.062631671150850166e-02 6.478667174784579624e-03 1.062631671150850166e-02 1.116749999999999965e-01
2.006110000000000393e-01 2.052029485821144431e-02 1.039098461809680532e-02 2.052029485821144777e-02 2.244750000000000079e-01 1.723836089847661721e-02 1.039098461809680532e-02 1.723836089847661721e-02 1.116749999999999965e-01
2.006110000000000393e-01 3.292350594690852950e-02 1.661679742771439428e-02 3.292350594690853643e-02 2.244750000000000079e-01 2.271293817248903543e-02 1.661679742771439428e-02 2.271293817248903543e-02 1.116749999999999965e-01
2.006110000000000393e-01 3.840040386129638106e-02 2.106989319250937923e-02 3.840040386129638800e-02 2.244750000000000079e-01 2.850702371043826316e-02 2.106989319250937923e-02 2.850702371043826316e-02 1.116749999999999965e-01
2.006110000000000393e-01 4.563349112539852315e-02 2.269593059993173928e-02 4.563349112539853009e-02 2.244750000000000079e-01 3.103219485122644949e-02 2.269593059993173928e-02 3.103219485122644949e-02 1.116749999999999965e-01
2.006110000000000393e-01 5.970395671908253904e-02 2.599070977062267751e-02 5.970395671908255292e-02 2.244750000000000079e-01 3.502556703519624920e-02 2.599070977062267751e-02 3.502556703519624920e-02 1.116749999999999965e-01
2.006110000000000393e-01 6.373124474505094395e-02 3.313348412636420853e-02 6.373124474505095782e-02 2.244750000000000079e-01 4.419099657366677703e-02 3.313348412636420853e-02 4.419099657366677703e-02 1.116749999999999965e-01
2.006110000000000393e-01 7.558761193853075211e-02 3.499480241114325679e-02 7.558761193853075211e-02 2.244750000000000079e-01 4.784542440698762167e-02 3.499480241114325679e-02 4.784542440698762167e-02 1.116749999999999965e-01
2.006110000000000393e-01 7.802562440494495433e-02 3.931087427664037987e-02 7.802562440494496820e-02 2.244750000000000079e-01 5.514877918559470821e-02 3.931087427664037987e-02 5.514877918559470821e-02 1.116749999999999965e-01
2.006110000000000393e-01 8.945408730475772063e-02 4.507514643530547566e-02 8.945408730475773451e-02 2.244750000000000079e-01 6.137120619751963019e-02 4.507514643530547566e-02 6.137120619751963019e-02 1.116749999999999965e-01
2.006110000000000393e-01 9.730471117595525243e-02 4.914469292620193830e-02 9.730471117595526631e-02 2.244750000000000079e-01 6.519555288846864971e-02 4.914469292620193830e-02 6.519555288846864971e-02 1.116749999999999965e-01
2.006110000000000393e-01 1.087770663988948672e-01 5.145420238445534006e-02 1.087770663988948949e-01 2.244750000000000079e-01 7.385333921705793114e-02 5.145420238445534006e-02 7.385333921705793114e-02 1.116749999999999965e-01
2.006110000000000393e-01 1.178762996822212278e-01 5.829683376109567189e-02 1.178762996822212417e-01 2.244750000000000079e-01 7.886029097920943531e-02 5.829683376109567189e-02 7.886029097920943531e-02 1.116749999999999965e-01
2.006110000000000393e-01 1.212994960383860510e-01 6.196806795415316788e-02 1.212994960383860787e-01 2.244750000000000079e-01 8.297598732752220485e-02 6.196806795415316788e-02 8.297598732752220485e-02 1.116749999999999965e-01
2.006110000000000393e-01 1.307648255290704276e-01 6.583561147079222686e-02 1.307648255290704276e-01 2.244750000000000079e-01 9.178572544730413674e-02 6.583561147079222686e-02 9.178572544730413674e-02 1.116749999999999965e-01
2.006110000000000393e-01 1.384092312813937631e-01 7.081852983126547818e-02 1.384092312813937908e-01 2.244750000000000079e-01 9.434080194147936860e-02 7.081852983126547818e-02 9.434080194147936860e-02 1.116749999999999965e-01
2.006110000000000393e-01 1.477127756021342497e-01 7.481469288670283824e-02 1.477127756021342775e-01 2.244750000000000079e-01 1.025626045054025687e-01 7.481469288670283824e-02 1.025626045054025687e-01 1.116749999999999965e-01
2.006110000000000393e-01 1.561556185198971491e-01 7.946805635644739463e-02 1.561556185198971769e-01 2.244750000000000079e-01 1.095744228389870512e-01 7.946805635644739463e-02 1.095744228389870512e-01 1.116749999999999965e-01
2.006110000000000393e-01 1.631050000000000000e-01 8.019500000000000239e-02 1.631050000000000277e-01 2.244750000000000079e-01 1.102250000000000035e-01 8.019500000000000239e-02 1.102250000000000035e-01 1.116749999999999965e-01
c: 
2.134999999999999787e+00
2.560000000000000053e+00
2.071000000000000174e+00
