CDF: 
1.600000000000000033e-01 3.499999999999999778e-01 4.500000000000000111e-01 1.000000000000000000e+00
4.799999999999999822e-01 4.899999999999999911e-01 8.299999999999999600e-01 1.000000000000000000e+00
2.700000000000000178e-01 3.699999999999999956e-01 6.400000000000000133e-01 1.000000000000000000e+00
sigma: 
2.020990000000000286e-01 3.360166374363527091e-03 2.086332120556249378e-04 3.360166374363527091e-03 1.261710000000000054e-01 5.233532507955254189e-03 2.086332120556249378e-04 5.233532507955253321e-03 1.818990000000000051e-01
2.020990000000000286e-01 5.965387495312537459e-03 1.311567752182202402e-02 5.965387495312537459e-03 1.261710000000000054e-01 8.555396637586561506e-03 1.311567752182202402e-02 8.555396637586559772e-03 1.818990000000000051e-01
2.020990000000000286e-01 1.646599776907291951e-02 1.732341530521539635e-02 1.646599776907291951e-02 1.261710000000000054e-01 1.315332048479200822e-02 1.732341530521539635e-02 1.315332048479200648e-02 1.818990000000000051e-01
2.020990000000000286e-01 1.740565854132260226e-02 3.136427631078378409e-02 1.740565854132260226e-02 1.261710000000000054e-01 2.157576607796466914e-02 3.136427631078378409e-02 2.157576607796466567e-02 1.818990000000000051e-01
2.020990000000000286e-01 2.702598331026787384e-02 3.715708001780816672e-02 2.702598331026787384e-02 1.261710000000000054e-01 3.089188199512517968e-02 3.715708001780816672e-02 3.089188199512517621e-02 1.818990000000000051e-01
2.020990000000000286e-01 3.370832546640210176e-02 4.109841920579931224e-02 3.370832546640210176e-02 1.261710000000000054e-01 3.113920816860276178e-02 4.109841920579931224e-02 3.113920816860275831e-02 1.818990000000000051e-01
2.020990000000000286e-01 4.015942488714694530e-02 5.442334398401990625e-02 4.015942488714694530e-02 1.261710000000000054e-01 4.303202502084704784e-02 5.442334398401990625e-02 4.303202502084704090e-02 1.818990000000000051e-01
2.020990000000000286e-01 4.161207644711632792e-02 6.065937316615967884e-02 4.161207644711632792e-02 1.261710000000000054e-01 4.870226474988171433e-02 6.065937316615967884e-02 4.870226474988171433e-02 1.818990000000000051e-01
2.020990000000000286e-01 5.114939124182301539e-02 6.816402535952256758e-02 5.114939124182301539e-02 1.261710000000000054e-01 5.426159690917999739e-02 6.816402535952256758e-02 5.426159690917999046e-02 1.818990000000000051e-01
2.020990000000000286e-01 5.690779882705028492e-02 7.440802327982268261e-02 5.690779882705028492e-02 1.261710000000000054e-01 5.577813083897988078e-02 7.440802327982268261e-02 5.577813083897987384e-02 1.818990000000000051e-01
2.020990000000000286e-01 5.971331308333043680e-02 8.595970251883391922e-02 5.971331308333043680e-02 1.261710000000000054e-01 6.540593942323671972e-02 8.595970251883391922e-02 6.540593942323670584e-02 1.818990000000000051e-01
2.020990000000000286e-01 6.645143774804250503e-02 9.519540746948387810e-02 6.645143774804250503e-02 1.261710000000000054e-01 6.962452851307106283e-02 9.519540746948387810e-02 6.962452851307106283e-02 1.818990000000000051e-01
2.020990000000000286e-01 7.483432652703732313e-02 1.020320155109533666e-01 7.483432652703732313e-02 1.261710000000000054e-01 7.626772613091539754e-02 1.020320155109533666e-01 7.626772613091538366e-02 1.818990000000000051e-01
2.020990000000000286e-01 7.759513423659049336e-02 1.073661730615808330e-01 7.759513423659049336e-02 1.261710000000000054e-01 8.496443229519982931e-02 1.073661730615808330e-01 8.496443229519981544e-02 1.818990000000000051e-01
2.020990000000000286e-01 8.438772316864573408e-02 1.205385234886747481e-01 8.438772316864573408e-02 1.261710000000000054e-01 9.147717105953864780e-02 1.205385234886747481e-01 9.147717105953863392e-02 1.818990000000000051e-01
2.020990000000000286e-01 9.192245356048782401e-02 1.297035245361435607e-01 9.192245356048782401e-02 1.261710000000000054e-01 9.469120871087177704e-02 1.297035245361435607e-01 9.469120871087176317e-02 1.818990000000000051e-01
2.020990000000000286e-01 9.622050563826951841e-02 1.327583560723668843e-01 9.622050563826951841e-02 1.261710000000000054e-01 1.008494231584569772e-01 1.327583560723668843e-01 1.008494231584569634e-01 1.818990000000000051e-01
2.020990000000000286e-01 9.804381518070055812e-02 1.393308150913991350e-01 9.804381518070055812e-02 1.261710000000000054e-01 1.099538090308269656e-01 1.393308150913991350e-01 1.099538090308269517e-01 1.818990000000000051e-01
2.020990000000000286e-01 1.080712368916572214e-01 1.474924841652472396e-01 1.080712368916572214e-01 1.261710000000000054e-01 1.118951090454327196e-01 1.474924841652472396e-01 1.118951090454327196e-01 1.818990000000000051e-01
2.020990000000000286e-01 1.094730000000000147e-01 1.554510000000000058e-01 1.094730000000000147e-01 1.261710000000000054e-01 1.176770000000000038e-01 1.554510000000000058e-01 1.176769999999999899e-01 1.818990000000000051e-01
c: 
2.801000000000000156e+00
2.613999999999999879e+00
1.516999999999999904e+00
