CDF: 
2.399999999999999911e-01 4.000000000000000222e-01 5.500000000000000444e-01 1.000000000000000000e+00
6.700000000000000400e-01 8.800000000000000044e-01 9.300000000000000488e-01 1.000000000000000000e+00
4.199999999999999845e-01 7.399999999999999911e-01 8.900000000000000133e-01 1.000000000000000000e+00
sigma: 
1.866359999999999963e-01 2.224635299947701206e-03 2.976359483494377383e-03 2.224635299947701639e-03 6.897600000000000953e-02 1.291612784027161478e-03 2.976359483494378250e-03 1.291612784027161478e-03 9.204400000000000082e-02
1.866359999999999963e-01 5.009122618725304031e-03 4.919058819757653710e-03 5.009122618725304031e-03 6.897600000000000953e-02 5.878605783502784642e-03 4.919058819757653710e-03 5.878605783502784642e-03 9.204400000000000082e-02
1.866359999999999963e-01 8.942386802054537454e-03 1.096751441865024580e-02 8.942386802054539188e-03 6.897600000000000953e-02 8.668168170515444179e-03 1.096751441865024754e-02 8.668168170515444179e-03 9.204400000000000082e-02
1.866359999999999963e-01 1.190096704123149406e-02 1.493293694064751383e-02 1.190096704123149406e-02 6.897600000000000953e-02 1.192370927205944030e-02 1.493293694064751556e-02 1.192370927205944030e-02 9.204400000000000082e-02
1.866359999999999963e-01 1.314002244100381626e-02 2.325713798016232695e-02 1.314002244100381800e-02 6.897600000000000953e-02 1.752231788644326160e-02 2.325713798016233042e-02 1.752231788644326160e-02 9.204400000000000082e-02
1.866359999999999963e-01 1.811971280197634607e-02 2.770183040261962881e-02 1.811971280197634954e-02 6.897600000000000953e-02 2.059031228496532168e-02 2.770183040261963228e-02 2.059031228496532168e-02 9.204400000000000082e-02
1.866359999999999963e-01 2.051957211295860062e-02 3.135665355898334394e-02 2.051957211295860062e-02 6.897600000000000953e-02 2.364586893439605403e-02 3.135665355898335088e-02 2.364586893439605403e-02 9.204400000000000082e-02
1.866359999999999963e-01 2.467797763173945266e-02 3.844042622383658098e-02 2.467797763173945613e-02 6.897600000000000953e-02 2.817829475229923289e-02 3.844042622383658792e-02 2.817829475229923289e-02 9.204400000000000082e-02
1.866359999999999963e-01 2.592779797310800632e-02 4.051505752290746748e-02 2.592779797310800979e-02 6.897600000000000953e-02 3.250555820162092518e-02 4.051505752290747442e-02 3.250555820162092518e-02 9.204400000000000082e-02
1.866359999999999963e-01 2.972249163931684618e-02 4.744586944617250335e-02 2.972249163931684965e-02 6.897600000000000953e-02 3.678592649170857320e-02 4.744586944617251029e-02 3.678592649170857320e-02 9.204400000000000082e-02
1.866359999999999963e-01 3.403594521370624515e-02 4.872471948629047284e-02 3.403594521370624515e-02 6.897600000000000953e-02 3.856760448296923938e-02 4.872471948629047978e-02 3.856760448296923938e-02 9.204400000000000082e-02
1.866359999999999963e-01 3.656828105506998439e-02 5.443079149896890706e-02 3.656828105506999133e-02 6.897600000000000953e-02 4.165943447904481289e-02 5.443079149896891400e-02 4.165943447904481289e-02 9.204400000000000082e-02
1.866359999999999963e-01 3.833699017503241352e-02 6.136930393794955835e-02 3.833699017503242046e-02 6.897600000000000953e-02 4.804704858641552917e-02 6.136930393794957223e-02 4.804704858641552917e-02 9.204400000000000082e-02
1.866359999999999963e-01 4.292584607504962291e-02 6.295159262408733802e-02 4.292584607504962291e-02 6.897600000000000953e-02 5.204746461990727296e-02 6.295159262408735190e-02 5.204746461990727296e-02 9.204400000000000082e-02
1.866359999999999963e-01 4.623257209718198424e-02 6.952633294285769094e-02 4.623257209718199118e-02 6.897600000000000953e-02 5.343662250371360167e-02 6.952633294285770482e-02 5.343662250371360167e-02 9.204400000000000082e-02
1.866359999999999963e-01 4.986316692749397095e-02 7.418138787906550236e-02 4.986316692749397789e-02 6.897600000000000953e-02 5.724145364533349961e-02 7.418138787906551623e-02 5.724145364533349961e-02 9.204400000000000082e-02
1.866359999999999963e-01 5.156005032118883558e-02 8.054448349132324603e-02 5.156005032118884251e-02 6.897600000000000953e-02 6.059271580794296785e-02 8.054448349132324603e-02 6.059271580794296785e-02 9.204400000000000082e-02
1.866359999999999963e-01 5.499478639171914707e-02 8.247911597427562413e-02 5.499478639171915401e-02 6.897600000000000953e-02 6.332550283130336521e-02 8.247911597427563801e-02 6.332550283130336521e-02 9.204400000000000082e-02
1.866359999999999963e-01 5.745981735262082474e-02 9.118875730966097271e-02 5.745981735262083168e-02 6.897600000000000953e-02 6.723162102977868482e-02 9.118875730966098658e-02 6.723162102977868482e-02 9.204400000000000082e-02
1.866359999999999963e-01 6.045600000000000279e-02 9.157200000000000062e-02 6.045600000000000973e-02 6.897600000000000953e-02 7.071200000000001096e-02 9.157200000000001450e-02 7.071200000000001096e-02 9.204400000000000082e-02
c: 
1.352999999999999980e+00
2.875000000000000000e+00
1.116000000000000103e+00
