CDF: 
1.199999999999999956e-01 2.200000000000000011e-01 7.800000000000000266e-01 1.000000000000000000e+00
1.600000000000000033e-01 6.800000000000000488e-01 7.700000000000000178e-01 1.000000000000000000e+00
4.899999999999999911e-01 5.899999999999999689e-01 6.899999999999999467e-01 1.000000000000000000e+00
sigma: 
1.129960000000000131e-01 1.941300990302434210e-03 3.075205637306060698e-04 1.941300990302433993e-03 1.478190000000000059e-01 6.514206724148253330e-03 3.075205637306060156e-04 6.514206724148253330e-03 1.975000000000000089e-01
1.129960000000000131e-01 9.835275227003191512e-03 1.045858368891506608e-02 9.835275227003191512e-03 1.478190000000000059e-01 1.522576359079525453e-02 1.045858368891506435e-02 1.522576359079525453e-02 1.975000000000000089e-01
1.129960000000000131e-01 1.877567826214759233e-02 1.858968888119108889e-02 1.877567826214758887e-02 1.478190000000000059e-01 1.901601482731444734e-02 1.858968888119108542e-02 1.901601482731444734e-02 1.975000000000000089e-01
1.129960000000000131e-01 2.149252383195330435e-02 2.332750514498581340e-02 2.149252383195330088e-02 1.478190000000000059e-01 2.715675467502441306e-02 2.332750514498581340e-02 2.715675467502441306e-02 1.975000000000000089e-01
1.129960000000000131e-01 2.632894683654543252e-02 2.627378794052137589e-02 2.632894683654542906e-02 1.478190000000000059e-01 3.825060220975362579e-02 2.627378794052137242e-02 3.825060220975362579e-02 1.975000000000000089e-01
1.129960000000000131e-01 3.590961081967297686e-02 3.353891576031151067e-02 3.590961081967297686e-02 1.478190000000000059e-01 4.444025136006945348e-02 3.353891576031151067e-02 4.444025136006945348e-02 1.975000000000000089e-01
1.129960000000000131e-01 4.470443458581156715e-02 4.375740747347321713e-02 4.470443458581156715e-02 1.478190000000000059e-01 4.759407292173616078e-02 4.375740747347321019e-02 4.759407292173616078e-02 1.975000000000000089e-01
1.129960000000000131e-01 5.043635350170173198e-02 4.789796511544401614e-02 5.043635350170172504e-02 1.478190000000000059e-01 6.257748159983581027e-02 4.789796511544401614e-02 6.257748159983581027e-02 1.975000000000000089e-01
1.129960000000000131e-01 5.802807943700176441e-02 5.289005368632824361e-02 5.802807943700175747e-02 1.478190000000000059e-01 6.535245757607223427e-02 5.289005368632823667e-02 6.535245757607223427e-02 1.975000000000000089e-01
1.129960000000000131e-01 6.425388701846550255e-02 5.702853921865239789e-02 6.425388701846548867e-02 1.478190000000000059e-01 7.264832426918550745e-02 5.702853921865239095e-02 7.264832426918550745e-02 1.975000000000000089e-01
1.129960000000000131e-01 7.030753624633111210e-02 6.429853634425052034e-02 7.030753624633109822e-02 1.478190000000000059e-01 8.054357147640041348e-02 6.429853634425050646e-02 8.054357147640041348e-02 1.975000000000000089e-01
1.129960000000000131e-01 7.140089064932918228e-02 7.315751827075277214e-02 7.140089064932916840e-02 1.478190000000000059e-01 9.123504818414973627e-02 7.315751827075275826e-02 9.123504818414973627e-02 1.975000000000000089e-01
1.129960000000000131e-01 7.741594101395217475e-02 7.649815893864989058e-02 7.741594101395217475e-02 1.478190000000000059e-01 1.001399893753970594e-01 7.649815893864989058e-02 1.001399893753970594e-01 1.975000000000000089e-01
1.129960000000000131e-01 8.544458812851800367e-02 8.252757259950598001e-02 8.544458812851798979e-02 1.478190000000000059e-01 1.105697318916226968e-01 8.252757259950596613e-02 1.105697318916226968e-01 1.975000000000000089e-01
1.129960000000000131e-01 9.600424697007749197e-02 9.031539991317158456e-02 9.600424697007749197e-02 1.478190000000000059e-01 1.158626965278777704e-01 9.031539991317157068e-02 1.158626965278777704e-01 1.975000000000000089e-01
1.129960000000000131e-01 9.899467706576546566e-02 9.557689821212761450e-02 9.899467706576545178e-02 1.478190000000000059e-01 1.221061096393104839e-01 9.557689821212760062e-02 1.221061096393104839e-01 1.975000000000000089e-01
1.129960000000000131e-01 1.077025023398183873e-01 1.056298457142217095e-01 1.077025023398183734e-01 1.478190000000000059e-01 1.327610067229292312e-01 1.056298457142216957e-01 1.327610067229292312e-01 1.975000000000000089e-01
1.129960000000000131e-01 1.107057691517755182e-01 1.111896320145833450e-01 1.107057691517755044e-01 1.478190000000000059e-01 1.423348744477896111e-01 1.111896320145833311e-01 1.423348744477896111e-01 1.975000000000000089e-01
1.129960000000000131e-01 1.168966961387402914e-01 1.170516898100506936e-01 1.168966961387402775e-01 1.478190000000000059e-01 1.496023034686275177e-01 1.170516898100506797e-01 1.496023034686275177e-01 1.975000000000000089e-01
1.129960000000000131e-01 1.225180000000000019e-01 1.197000000000000147e-01 1.225179999999999880e-01 1.478190000000000059e-01 1.504500000000000004e-01 1.197000000000000008e-01 1.504500000000000004e-01 1.975000000000000089e-01
c: 
1.852000000000000091e+00
1.691000000000000059e+00
1.104000000000000092e+00
