CDF: 
4.400000000000000022e-01 5.600000000000000533e-01 7.199999999999999734e-01 1.000000000000000000e+00
1.100000000000000006e-01 4.199999999999999845e-01 5.500000000000000444e-01 1.000000000000000000e+00
4.899999999999999911e-01 7.800000000000000266e-01 8.299999999999999600e-01 1.000000000000000000e+00
sigma: 
1.749760000000000204e-01 7.347010633484547110e-03 3.579870872773190712e-03 7.347010633484547110e-03 1.651040000000000008e-01 7.165171304096535189e-04 3.579870872773191579e-03 7.165171304096536273e-04 1.280960000000000154e-01
1.749760000000000204e-01 1.037900156458196159e-02 9.594359850987286067e-03 1.037900156458196159e-02 1.651040000000000008e-01 6.059897719800601788e-03 9.594359850987287802e-03 6.059897719800602656e-03 1.280960000000000154e-01
1.749760000000000204e-01 1.749260964340710808e-02 1.860583059309540988e-02 1.749260964340710808e-02 1.651040000000000008e-01 1.132056668524106247e-02 1.860583059309541334e-02 1.132056668524106420e-02 1.280960000000000154e-01
1.749760000000000204e-01 2.413401258362168900e-02 2.077572151814136708e-02 2.413401258362168900e-02 1.651040000000000008e-01 1.712992956435208450e-02 2.077572151814137402e-02 1.712992956435208797e-02 1.280960000000000154e-01
1.749760000000000204e-01 3.772369489556057220e-02 2.868383522596675700e-02 3.772369489556057220e-02 1.651040000000000008e-01 2.205093794050057635e-02 2.868383522596676394e-02 2.205093794050057981e-02 1.280960000000000154e-01
1.749760000000000204e-01 4.402844372525157451e-02 3.601844783389732824e-02 4.402844372525157451e-02 1.651040000000000008e-01 3.184952743051414070e-02 3.601844783389733518e-02 3.184952743051414764e-02 1.280960000000000154e-01
1.749760000000000204e-01 4.958222482706262785e-02 4.324546436014864437e-02 4.958222482706262785e-02 1.651040000000000008e-01 3.458283627900921031e-02 4.324546436014865131e-02 3.458283627900921725e-02 1.280960000000000154e-01
1.749760000000000204e-01 5.775429338304185339e-02 5.100219592702173038e-02 5.775429338304185339e-02 1.651040000000000008e-01 4.233607902030836478e-02 5.100219592702174426e-02 4.233607902030837172e-02 1.280960000000000154e-01
1.749760000000000204e-01 6.282792454623406520e-02 5.660029810058460342e-02 6.282792454623406520e-02 1.651040000000000008e-01 4.453510587302563634e-02 5.660029810058461730e-02 4.453510587302564327e-02 1.280960000000000154e-01
1.749760000000000204e-01 7.708737216067701459e-02 6.554615797904032870e-02 7.708737216067701459e-02 1.651040000000000008e-01 5.004635895996616818e-02 6.554615797904034258e-02 5.004635895996617512e-02 1.280960000000000154e-01
1.749760000000000204e-01 8.171056589481520693e-02 6.903952112220912429e-02 8.171056589481520693e-02 1.651040000000000008e-01 5.321721701811049643e-02 6.903952112220913817e-02 5.321721701811050337e-02 1.280960000000000154e-01
1.749760000000000204e-01 8.737779876546408753e-02 7.695608349377673629e-02 8.737779876546408753e-02 1.651040000000000008e-01 5.886439139551851579e-02 7.695608349377676405e-02 5.886439139551852273e-02 1.280960000000000154e-01
1.749760000000000204e-01 9.659233540430423037e-02 8.594460775287224297e-02 9.659233540430423037e-02 1.651040000000000008e-01 6.461460530241042166e-02 8.594460775287225685e-02 6.461460530241043554e-02 1.280960000000000154e-01
1.749760000000000204e-01 1.011950093931676814e-01 9.285044760389594976e-02 1.011950093931676814e-01 1.651040000000000008e-01 6.977512897090414057e-02 9.285044760389597751e-02 6.977512897090415445e-02 1.280960000000000154e-01
1.749760000000000204e-01 1.104096615886946547e-01 9.628946863878784512e-02 1.104096615886946547e-01 1.651040000000000008e-01 7.687445978595157381e-02 9.628946863878785900e-02 7.687445978595157381e-02 1.280960000000000154e-01
1.749760000000000204e-01 1.205225173435476027e-01 1.051422355059798419e-01 1.205225173435476027e-01 1.651040000000000008e-01 8.269849213852917269e-02 1.051422355059798697e-01 8.269849213852918657e-02 1.280960000000000154e-01
1.749760000000000204e-01 1.279254198653805852e-01 1.125077804848133023e-01 1.279254198653805852e-01 1.651040000000000008e-01 8.547957686137215572e-02 1.125077804848133300e-01 8.547957686137216959e-02 1.280960000000000154e-01
1.749760000000000204e-01 1.326898961122238152e-01 1.193036488228276792e-01 1.326898961122238152e-01 1.651040000000000008e-01 9.076691460180116855e-02 1.193036488228277070e-01 9.076691460180118243e-02 1.280960000000000154e-01
1.749760000000000204e-01 1.448216359228635952e-01 1.237891501030592423e-01 1.448216359228635952e-01 1.651040000000000008e-01 1.007903047935652663e-01 1.237891501030592700e-01 1.007903047935652802e-01 1.280960000000000154e-01
1.749760000000000204e-01 1.472480000000000178e-01 1.263360000000000039e-01 1.472480000000000178e-01 1.651040000000000008e-01 1.009280000000000038e-01 1.263360000000000316e-01 1.009280000000000177e-01 1.280960000000000154e-01
c: 
2.716000000000000192e+00
2.220000000000000195e+00
1.985999999999999988e+00
