CDF: 
3.499999999999999778e-01 7.600000000000000089e-01 8.599999999999999867e-01 1.000000000000000000e+00
3.200000000000000067e-01 4.600000000000000200e-01 6.999999999999999556e-01 1.000000000000000000e+00
2.500000000000000000e-01 4.400000000000000022e-01 5.300000000000000266e-01 1.000000000000000000e+00
sigma: 
1.085790000000000088e-01 4.094534893282248886e-03 6.680869705388570992e-04 4.094534893282248886e-03 1.740040000000000198e-01 3.842344369639653662e-03 6.680869705388570992e-04 3.842344369639652795e-03 2.137440000000000173e-01
1.085790000000000088e-01 8.901017094011027045e-03 5.966814051493636584e-03 8.901017094011027045e-03 1.740040000000000198e-01 1.478061269588773659e-02 5.966814051493636584e-03 1.478061269588773312e-02 2.137440000000000173e-01
1.085790000000000088e-01 1.564563482322681859e-02 1.028710944140900571e-02 1.564563482322681859e-02 1.740040000000000198e-01 2.248183671446846860e-02 1.028710944140900571e-02 2.248183671446846513e-02 2.137440000000000173e-01
1.085790000000000088e-01 1.979268296087410145e-02 1.524424491727438720e-02 1.979268296087410145e-02 1.740040000000000198e-01 2.564123363773627637e-02 1.524424491727438720e-02 2.564123363773626943e-02 2.137440000000000173e-01
1.085790000000000088e-01 2.511402269017184302e-02 1.908580618861168907e-02 2.511402269017184302e-02 1.740040000000000198e-01 4.162757686645770366e-02 1.908580618861168907e-02 4.162757686645769672e-02 2.137440000000000173e-01
1.085790000000000088e-01 3.182450376949490234e-02 2.490077567636351033e-02 3.182450376949490234e-02 1.740040000000000198e-01 4.538825419127103661e-02 2.490077567636351033e-02 4.538825419127102967e-02 2.137440000000000173e-01
1.085790000000000088e-01 3.304152367069294188e-02 3.123956432522441082e-02 3.304152367069294188e-02 1.740040000000000198e-01 5.190453141324381098e-02 3.123956432522441082e-02 5.190453141324380404e-02 2.137440000000000173e-01
1.085790000000000088e-01 4.293165499401774970e-02 3.350486607126611227e-02 4.293165499401774970e-02 1.740040000000000198e-01 6.042701167411156093e-02 3.350486607126611227e-02 6.042701167411155400e-02 2.137440000000000173e-01
1.085790000000000088e-01 4.733266602436921738e-02 3.778974997405279423e-02 4.733266602436921738e-02 1.740040000000000198e-01 7.033839918152097470e-02 3.778974997405279423e-02 7.033839918152096082e-02 2.137440000000000173e-01
1.085790000000000088e-01 5.151143739019622275e-02 4.455598316287515820e-02 5.151143739019622275e-02 1.740040000000000198e-01 8.283586919211413657e-02 4.455598316287515820e-02 8.283586919211412269e-02 2.137440000000000173e-01
1.085790000000000088e-01 5.589857329987583945e-02 4.886485819208947340e-02 5.589857329987583945e-02 1.740040000000000198e-01 9.020975451248437749e-02 4.886485819208947340e-02 9.020975451248436361e-02 2.137440000000000173e-01
1.085790000000000088e-01 6.391343165559064399e-02 5.428407112853628896e-02 6.391343165559064399e-02 1.740040000000000198e-01 9.353321639335843152e-02 5.428407112853628896e-02 9.353321639335840376e-02 2.137440000000000173e-01
1.085790000000000088e-01 6.642256143643474053e-02 5.907970079669890712e-02 6.642256143643474053e-02 1.740040000000000198e-01 1.045515884352315045e-01 5.907970079669890712e-02 1.045515884352314906e-01 2.137440000000000173e-01
1.085790000000000088e-01 7.532819876493450362e-02 6.442456154212522490e-02 7.532819876493450362e-02 1.740040000000000198e-01 1.112491325966977751e-01 6.442456154212522490e-02 1.112491325966977612e-01 2.137440000000000173e-01
1.085790000000000088e-01 8.064334138760946569e-02 6.610542895958228249e-02 8.064334138760946569e-02 1.740040000000000198e-01 1.208275855099473911e-01 6.610542895958228249e-02 1.208275855099473772e-01 2.137440000000000173e-01
1.085790000000000088e-01 8.259649578656180768e-02 7.054308691162625156e-02 8.259649578656180768e-02 1.740040000000000198e-01 1.300437827028605442e-01 7.054308691162625156e-02 1.300437827028605164e-01 2.137440000000000173e-01
1.085790000000000088e-01 8.955290573138834087e-02 7.842024432473941598e-02 8.955290573138834087e-02 1.740040000000000198e-01 1.404091111440062545e-01 7.842024432473941598e-02 1.404091111440062267e-01 2.137440000000000173e-01
1.085790000000000088e-01 9.531446575706195579e-02 7.884241323395239920e-02 9.531446575706195579e-02 1.740040000000000198e-01 1.447616482252202519e-01 7.884241323395239920e-02 1.447616482252202241e-01 2.137440000000000173e-01
1.085790000000000088e-01 9.759614444007581879e-02 8.470039285041205956e-02 9.759614444007581879e-02 1.740040000000000198e-01 1.542224500201910820e-01 8.470039285041205956e-02 1.542224500201910542e-01 2.137440000000000173e-01
1.085790000000000088e-01 1.028540000000000010e-01 8.772399999999999642e-02 1.028540000000000010e-01 1.740040000000000198e-01 1.599240000000000106e-01 8.772399999999999642e-02 1.599239999999999828e-01 2.137440000000000173e-01
c: 
2.811999999999999833e+00
1.399999999999999911e+00
1.852999999999999980e+00
