CDF: 
3.300000000000000155e-01 4.600000000000000200e-01 5.999999999999999778e-01 1.000000000000000000e+00
1.600000000000000033e-01 4.400000000000000022e-01 6.999999999999999556e-01 1.000000000000000000e+00
4.899999999999999911e-01 5.300000000000000266e-01 7.099999999999999645e-01 1.000000000000000000e+00
sigma: 
2.068750000000000033e-01 2.310766609941915673e-03 1.829863094677353129e-03 2.310766609941915239e-03 1.613639999999999797e-01 6.579240841977855581e-03 1.829863094677353129e-03 6.579240841977856448e-03 1.854959999999999942e-01
2.068750000000000033e-01 1.407273405149463141e-02 9.163248274548851241e-03 1.407273405149462968e-02 1.613639999999999797e-01 1.395874297629933619e-02 9.163248274548851241e-03 1.395874297629933966e-02 1.854959999999999942e-01
2.068750000000000033e-01 2.170381186539644888e-02 2.040172526425969649e-02 2.170381186539644541e-02 1.613639999999999797e-01 2.569731307746981469e-02 2.040172526425969649e-02 2.569731307746981816e-02 1.854959999999999942e-01
2.068750000000000033e-01 2.649141514407929790e-02 3.239218384563513631e-02 2.649141514407929443e-02 1.613639999999999797e-01 3.485425602363247805e-02 3.239218384563513631e-02 3.485425602363248498e-02 1.854959999999999942e-01
2.068750000000000033e-01 3.498130699106395680e-02 4.061519213831905201e-02 3.498130699106394986e-02 1.613639999999999797e-01 4.236577502193165229e-02 4.061519213831905201e-02 4.236577502193165923e-02 1.854959999999999942e-01
2.068750000000000033e-01 4.277474632901066831e-02 5.397337842816916920e-02 4.277474632901066137e-02 1.613639999999999797e-01 5.254177514203599297e-02 5.397337842816916920e-02 5.254177514203599991e-02 1.854959999999999942e-01
2.068750000000000033e-01 5.538949751675425331e-02 5.492134508008504612e-02 5.538949751675424638e-02 1.613639999999999797e-01 5.613636195785656063e-02 5.492134508008504612e-02 5.613636195785657451e-02 1.854959999999999942e-01
2.068750000000000033e-01 6.110651119766830758e-02 6.899656920818780792e-02 6.110651119766830064e-02 1.613639999999999797e-01 6.467728910408769571e-02 6.899656920818780792e-02 6.467728910408770959e-02 1.854959999999999942e-01
2.068750000000000033e-01 7.263694597224625016e-02 8.109339428949322026e-02 7.263694597224623628e-02 1.613639999999999797e-01 7.705328231603454647e-02 8.109339428949322026e-02 7.705328231603454647e-02 1.854959999999999942e-01
2.068750000000000033e-01 8.227540761285405402e-02 8.859032225000049166e-02 8.227540761285404014e-02 1.613639999999999797e-01 8.353444502198846544e-02 8.859032225000049166e-02 8.353444502198847932e-02 1.854959999999999942e-01
2.068750000000000033e-01 8.450901967685588156e-02 9.305951039212094489e-02 8.450901967685586769e-02 1.613639999999999797e-01 9.549509912447889937e-02 9.305951039212094489e-02 9.549509912447891324e-02 1.854959999999999942e-01
2.068750000000000033e-01 9.970928459236398644e-02 1.010900266965192168e-01 9.970928459236395869e-02 1.613639999999999797e-01 1.053363354541610730e-01 1.010900266965192168e-01 1.053363354541610869e-01 1.854959999999999942e-01
2.068750000000000033e-01 1.085481492704863798e-01 1.165801975273903640e-01 1.085481492704863660e-01 1.613639999999999797e-01 1.118884429342912046e-01 1.165801975273903640e-01 1.118884429342912185e-01 1.854959999999999942e-01
2.068750000000000033e-01 1.114401591698323257e-01 1.179442184116137188e-01 1.114401591698322980e-01 1.613639999999999797e-01 1.232870396913298416e-01 1.179442184116137188e-01 1.232870396913298694e-01 1.854959999999999942e-01
2.068750000000000033e-01 1.231632243955966127e-01 1.289436337407215694e-01 1.231632243955965988e-01 1.613639999999999797e-01 1.293306244530291749e-01 1.289436337407215694e-01 1.293306244530292026e-01 1.854959999999999942e-01
2.068750000000000033e-01 1.335451485168325236e-01 1.421524270404102563e-01 1.335451485168324959e-01 1.613639999999999797e-01 1.379390950265901583e-01 1.421524270404102563e-01 1.379390950265901861e-01 1.854959999999999942e-01
2.068750000000000033e-01 1.394684205155868884e-01 1.502725020539900924e-01 1.394684205155868606e-01 1.613639999999999797e-01 1.441483040648924574e-01 1.502725020539900924e-01 1.441483040648924852e-01 1.854959999999999942e-01
2.068750000000000033e-01 1.490549952908749309e-01 1.545233283005514602e-01 1.490549952908749032e-01 1.613639999999999797e-01 1.570130365178414311e-01 1.545233283005514602e-01 1.570130365178414589e-01 1.854959999999999942e-01
2.068750000000000033e-01 1.514622095392397227e-01 1.644690705058745317e-01 1.514622095392396950e-01 1.613639999999999797e-01 1.598525576184657015e-01 1.644690705058745317e-01 1.598525576184657293e-01 1.854959999999999942e-01
2.068750000000000033e-01 1.595700000000000174e-01 1.721599999999999797e-01 1.595699999999999896e-01 1.613639999999999797e-01 1.682119999999999727e-01 1.721599999999999797e-01 1.682120000000000004e-01 1.854959999999999942e-01
c: 
1.651000000000000023e+00
2.440999999999999837e+00
2.392999999999999794e+00
