CDF: 
1.199999999999999956e-01 1.799999999999999933e-01 6.099999999999999867e-01 1.000000000000000000e+00
4.000000000000000222e-01 4.699999999999999734e-01 5.699999999999999512e-01 1.000000000000000000e+00
2.200000000000000011e-01 4.299999999999999933e-01 4.799999999999999822e-01 1.000000000000000000e+00
sigma: 
1.317240000000000077e-01 3.861151718398292410e-03 4.679606389925941579e-03 3.861151718398291108e-03 2.145440000000000125e-01 3.154149523284464126e-03 4.679606389925939844e-03 3.154149523284464126e-03 1.976759999999999629e-01
1.317240000000000077e-01 1.119937353024865953e-02 1.308914943843686451e-02 1.119937353024865606e-02 2.145440000000000125e-01 1.950358206686773552e-02 1.308914943843685931e-02 1.950358206686773552e-02 1.976759999999999629e-01
1.317240000000000077e-01 2.151378166070080228e-02 1.480201586772160113e-02 2.151378166070079534e-02 2.145440000000000125e-01 2.007908213298633185e-02 1.480201586772159593e-02 2.007908213298633185e-02 1.976759999999999629e-01
1.317240000000000077e-01 2.664081102944532847e-02 2.269725811688003830e-02 2.664081102944531806e-02 2.145440000000000125e-01 3.633180519525078256e-02 2.269725811688002790e-02 3.633180519525078256e-02 1.976759999999999629e-01
1.317240000000000077e-01 3.236885031865163048e-02 3.009203328959629553e-02 3.236885031865161660e-02 2.145440000000000125e-01 4.791704416216278906e-02 3.009203328959628512e-02 4.791704416216278906e-02 1.976759999999999629e-01
1.317240000000000077e-01 4.146587635730580174e-02 3.688327092661715378e-02 4.146587635730578786e-02 2.145440000000000125e-01 5.200955199257210199e-02 3.688327092661713991e-02 5.200955199257210199e-02 1.976759999999999629e-01
1.317240000000000077e-01 5.005534024322919051e-02 4.702617678347802144e-02 5.005534024322917663e-02 2.145440000000000125e-01 6.197833656922009660e-02 4.702617678347800062e-02 6.197833656922009660e-02 1.976759999999999629e-01
1.317240000000000077e-01 5.912172503301736659e-02 5.162085218919863078e-02 5.912172503301733884e-02 2.145440000000000125e-01 7.901324725820590977e-02 5.162085218919860996e-02 7.901324725820590977e-02 1.976759999999999629e-01
1.317240000000000077e-01 7.062427317148328720e-02 6.111065307503485422e-02 7.062427317148327333e-02 2.145440000000000125e-01 8.365002867291861099e-02 6.111065307503483340e-02 8.365002867291861099e-02 1.976759999999999629e-01
1.317240000000000077e-01 7.724319692929797199e-02 6.919541517615064585e-02 7.724319692929794423e-02 2.145440000000000125e-01 9.109121781268833540e-02 6.919541517615061810e-02 9.109121781268833540e-02 1.976759999999999629e-01
1.317240000000000077e-01 8.009415635596141281e-02 6.997136540907450408e-02 8.009415635596138505e-02 2.145440000000000125e-01 1.052221405911250574e-01 6.997136540907447633e-02 1.052221405911250574e-01 1.976759999999999629e-01
1.317240000000000077e-01 9.038142305467565529e-02 8.310339910835569388e-02 9.038142305467561366e-02 2.145440000000000125e-01 1.156741664920195173e-01 8.310339910835565225e-02 1.156741664920195173e-01 1.976759999999999629e-01
1.317240000000000077e-01 1.012279628385875929e-01 8.514709745718899991e-02 1.012279628385875513e-01 2.145440000000000125e-01 1.232352496603879022e-01 8.514709745718895828e-02 1.232352496603879022e-01 1.976759999999999629e-01
1.317240000000000077e-01 1.098417501314864070e-01 9.564424144572815367e-02 1.098417501314863653e-01 2.145440000000000125e-01 1.314196272805454868e-01 9.564424144572811204e-02 1.314196272805454868e-01 1.976759999999999629e-01
1.317240000000000077e-01 1.115504355217464411e-01 9.864086539690490596e-02 1.115504355217463994e-01 2.145440000000000125e-01 1.442940881654796448e-01 9.864086539690486433e-02 1.442940881654796448e-01 1.976759999999999629e-01
1.317240000000000077e-01 1.228949923141793715e-01 1.072173375215128982e-01 1.228949923141793299e-01 2.145440000000000125e-01 1.521949681235892082e-01 1.072173375215128566e-01 1.521949681235892082e-01 1.976759999999999629e-01
1.317240000000000077e-01 1.331684739808151330e-01 1.124539005525131974e-01 1.331684739808150775e-01 2.145440000000000125e-01 1.701325061080365131e-01 1.124539005525131558e-01 1.701325061080365131e-01 1.976759999999999629e-01
1.317240000000000077e-01 1.407067038439998585e-01 1.253014837082580268e-01 1.407067038439998030e-01 2.145440000000000125e-01 1.774688169603361454e-01 1.253014837082579991e-01 1.774688169603361454e-01 1.976759999999999629e-01
1.317240000000000077e-01 1.491613587707953104e-01 1.265564277311595487e-01 1.491613587707952548e-01 2.145440000000000125e-01 1.900176062321444481e-01 1.265564277311595209e-01 1.900176062321444481e-01 1.976759999999999629e-01
1.317240000000000077e-01 1.497840000000000282e-01 1.327320000000000166e-01 1.497839999999999727e-01 2.145440000000000125e-01 1.903119999999999812e-01 1.327319999999999611e-01 1.903119999999999812e-01 1.976759999999999629e-01
c: 
1.842999999999999972e+00
1.435000000000000053e+00
2.536999999999999922e+00
