CDF: 
3.800000000000000044e-01 6.800000000000000488e-01 7.600000000000000089e-01 1.000000000000000000e+00
2.399999999999999911e-01 4.299999999999999933e-01 6.500000000000000222e-01 1.000000000000000000e+00
1.000000000000000056e-01 1.199999999999999956e-01 5.600000000000000533e-01 1.000000000000000000e+00
sigma: 
1.545759999999999912e-01 4.939455551141861897e-03 4.918756330037824150e-03 4.939455551141862764e-03 1.662239999999999829e-01 1.699729688127353576e-03 4.918756330037824150e-03 1.699729688127353576e-03 1.267999999999999960e-01
1.545759999999999912e-01 8.743379113150148013e-03 7.211091164885002555e-03 8.743379113150149748e-03 1.662239999999999829e-01 7.432475154798603642e-03 7.211091164885001688e-03 7.432475154798603642e-03 1.267999999999999960e-01
1.545759999999999912e-01 1.696005110142515329e-02 1.197255278763853688e-02 1.696005110142515676e-02 1.662239999999999829e-01 1.855289108938023429e-02 1.197255278763853514e-02 1.855289108938023429e-02 1.267999999999999960e-01
1.545759999999999912e-01 2.586338168904039544e-02 1.797675761538654327e-02 2.586338168904039891e-02 1.662239999999999829e-01 2.611812902574671066e-02 1.797675761538653980e-02 2.611812902574671066e-02 1.267999999999999960e-01
1.545759999999999912e-01 3.357940005038038966e-02 2.531575784481868499e-02 3.357940005038039660e-02 1.662239999999999829e-01 3.171855103144927135e-02 2.531575784481868152e-02 3.171855103144927135e-02 1.267999999999999960e-01
1.545759999999999912e-01 3.693607091314374258e-02 3.061886970741584807e-02 3.693607091314374952e-02 1.662239999999999829e-01 3.596869550644978680e-02 3.061886970741584460e-02 3.596869550644978680e-02 1.267999999999999960e-01
1.545759999999999912e-01 4.681742394221187487e-02 3.817360931870371343e-02 4.681742394221188180e-02 1.662239999999999829e-01 4.354305060394529636e-02 3.817360931870370649e-02 4.354305060394529636e-02 1.267999999999999960e-01
1.545759999999999912e-01 5.676567585840389812e-02 3.877183581396677348e-02 5.676567585840391200e-02 1.662239999999999829e-01 5.008110024479540262e-02 3.877183581396676654e-02 5.008110024479540262e-02 1.267999999999999960e-01
1.545759999999999912e-01 6.565095511611339363e-02 4.513146531215721236e-02 6.565095511611340751e-02 1.662239999999999829e-01 5.742267585176257655e-02 4.513146531215720542e-02 5.742267585176257655e-02 1.267999999999999960e-01
1.545759999999999912e-01 6.678446522486704284e-02 5.375636005694529179e-02 6.678446522486705672e-02 1.662239999999999829e-01 6.362837408296179165e-02 5.375636005694528485e-02 6.362837408296179165e-02 1.267999999999999960e-01
1.545759999999999912e-01 7.547134065789197488e-02 5.512133432317631310e-02 7.547134065789198876e-02 1.662239999999999829e-01 7.028802363726821545e-02 5.512133432317630616e-02 7.028802363726821545e-02 1.267999999999999960e-01
1.545759999999999912e-01 8.746811483346272897e-02 6.593109453731503533e-02 8.746811483346274285e-02 1.662239999999999829e-01 7.696862368589353631e-02 6.593109453731503533e-02 7.696862368589353631e-02 1.267999999999999960e-01
1.545759999999999912e-01 9.442371186536292760e-02 7.053779364594404966e-02 9.442371186536295535e-02 1.662239999999999829e-01 8.576398347576778824e-02 7.053779364594403578e-02 8.576398347576778824e-02 1.267999999999999960e-01
1.545759999999999912e-01 9.656537134212045403e-02 7.536781088267528739e-02 9.656537134212046791e-02 1.662239999999999829e-01 8.699911751690118933e-02 7.536781088267527351e-02 8.699911751690118933e-02 1.267999999999999960e-01
1.545759999999999912e-01 1.071483519118875960e-01 7.886136268223425949e-02 1.071483519118876099e-01 1.662239999999999829e-01 9.600893997386808487e-02 7.886136268223425949e-02 9.600893997386808487e-02 1.267999999999999960e-01
1.545759999999999912e-01 1.153651916172536568e-01 8.742548106658221130e-02 1.153651916172536707e-01 1.662239999999999829e-01 1.031275522282758539e-01 8.742548106658219742e-02 1.031275522282758539e-01 1.267999999999999960e-01
1.545759999999999912e-01 1.236355882320366861e-01 9.282551418612551564e-02 1.236355882320367139e-01 1.662239999999999829e-01 1.094112309732589716e-01 9.282551418612550176e-02 1.094112309732589716e-01 1.267999999999999960e-01
1.545759999999999912e-01 1.265714506341189538e-01 9.614485838765485237e-02 1.265714506341189816e-01 1.662239999999999829e-01 1.149321995244783068e-01 9.614485838765483849e-02 1.149321995244783068e-01 1.267999999999999960e-01
1.545759999999999912e-01 1.359987403150555996e-01 9.991824572912466618e-02 1.359987403150556273e-01 1.662239999999999829e-01 1.204639278497634802e-01 9.991824572912465230e-02 1.204639278497634802e-01 1.267999999999999960e-01
1.545759999999999912e-01 1.395679999999999976e-01 1.045600000000000002e-01 1.395680000000000254e-01 1.662239999999999829e-01 1.268799999999999928e-01 1.045599999999999863e-01 1.268799999999999928e-01 1.267999999999999960e-01
c: 
2.970000000000000195e+00
2.682999999999999829e+00
2.338999999999999968e+00
