CDF: 
3.499999999999999778e-01 4.500000000000000111e-01 6.899999999999999467e-01 1.000000000000000000e+00
3.300000000000000155e-01 3.900000000000000133e-01 6.700000000000000400e-01 1.000000000000000000e+00
1.100000000000000006e-01 1.199999999999999956e-01 5.200000000000000178e-01 1.000000000000000000e+00
sigma: 
1.709240000000000204e-01 5.471468632633504775e-03 4.839312947668527980e-03 5.471468632633504775e-03 1.710839999999999583e-01 4.776732731244574988e-03 4.839312947668527980e-03 4.776732731244574988e-03 1.322359999999999924e-01
1.709240000000000204e-01 1.332890721045609447e-02 1.095308815889778353e-02 1.332890721045609447e-02 1.710839999999999583e-01 1.172920444557857406e-02 1.095308815889778353e-02 1.172920444557857406e-02 1.322359999999999924e-01
1.709240000000000204e-01 1.888541255352940706e-02 1.537123577157153975e-02 1.888541255352940706e-02 1.710839999999999583e-01 1.873274484034835249e-02 1.537123577157153975e-02 1.873274484034835249e-02 1.322359999999999924e-01
1.709240000000000204e-01 3.326395985905975655e-02 2.346003898498020754e-02 3.326395985905975655e-02 1.710839999999999583e-01 2.550296238551087377e-02 2.346003898498020754e-02 2.550296238551087377e-02 1.322359999999999924e-01
1.709240000000000204e-01 3.607572320405467992e-02 2.807194217620680166e-02 3.607572320405467992e-02 1.710839999999999583e-01 3.116066114425494402e-02 2.807194217620680166e-02 3.116066114425494402e-02 1.322359999999999924e-01
1.709240000000000204e-01 4.435790504902573789e-02 3.632287178677342382e-02 4.435790504902573789e-02 1.710839999999999583e-01 3.726155147285445390e-02 3.632287178677342382e-02 3.726155147285445390e-02 1.322359999999999924e-01
1.709240000000000204e-01 5.837402937759222227e-02 4.235060412893938003e-02 5.837402937759222227e-02 1.710839999999999583e-01 4.127240859382394489e-02 4.235060412893938003e-02 4.127240859382394489e-02 1.322359999999999924e-01
1.709240000000000204e-01 6.303036777422142689e-02 4.928972204020397319e-02 6.303036777422142689e-02 1.710839999999999583e-01 4.734122423472165303e-02 4.928972204020397319e-02 4.734122423472165303e-02 1.322359999999999924e-01
1.709240000000000204e-01 7.816867360594774439e-02 5.578602720793159747e-02 7.816867360594774439e-02 1.710839999999999583e-01 5.559926011038041765e-02 5.578602720793159747e-02 5.559926011038041765e-02 1.322359999999999924e-01
1.709240000000000204e-01 8.489797368645368714e-02 6.010570897302870003e-02 8.489797368645368714e-02 1.710839999999999583e-01 5.974458563557998036e-02 6.010570897302870003e-02 5.974458563557998036e-02 1.322359999999999924e-01
1.709240000000000204e-01 9.113389795827199491e-02 7.132079919769111764e-02 9.113389795827199491e-02 1.710839999999999583e-01 6.919553872677274009e-02 7.132079919769111764e-02 6.919553872677274009e-02 1.322359999999999924e-01
1.709240000000000204e-01 9.648397182694869179e-02 7.253048332454010982e-02 9.648397182694869179e-02 1.710839999999999583e-01 7.211525197341515925e-02 7.253048332454010982e-02 7.211525197341515925e-02 1.322359999999999924e-01
1.709240000000000204e-01 1.087572832774308662e-01 8.307139753072752264e-02 1.087572832774308662e-01 1.710839999999999583e-01 7.936905311507638783e-02 8.307139753072752264e-02 7.936905311507638783e-02 1.322359999999999924e-01
1.709240000000000204e-01 1.166429964060441971e-01 8.611124414344671629e-02 1.166429964060441971e-01 1.710839999999999583e-01 9.076590704172821100e-02 8.611124414344671629e-02 9.076590704172821100e-02 1.322359999999999924e-01
1.709240000000000204e-01 1.253236673632076303e-01 9.457184621048632389e-02 1.253236673632076303e-01 1.710839999999999583e-01 9.719119692773479924e-02 9.457184621048632389e-02 9.719119692773479924e-02 1.322359999999999924e-01
1.709240000000000204e-01 1.339510782057064808e-01 1.030084336701870967e-01 1.339510782057064808e-01 1.710839999999999583e-01 1.012901544553640454e-01 1.030084336701870967e-01 1.012901544553640454e-01 1.322359999999999924e-01
1.709240000000000204e-01 1.476414062416928075e-01 1.069157189751360204e-01 1.476414062416928075e-01 1.710839999999999583e-01 1.083742784508188034e-01 1.069157189751360204e-01 1.083742784508188034e-01 1.322359999999999924e-01
1.709240000000000204e-01 1.503915499197532035e-01 1.127008736104119918e-01 1.503915499197532035e-01 1.710839999999999583e-01 1.172440666210261134e-01 1.127008736104119918e-01 1.172440666210261134e-01 1.322359999999999924e-01
1.709240000000000204e-01 1.638973937017450810e-01 1.234968543562082188e-01 1.638973937017450810e-01 1.710839999999999583e-01 1.225174646900474007e-01 1.234968543562082188e-01 1.225174646900474007e-01 1.322359999999999924e-01
1.709240000000000204e-01 1.661960000000000104e-01 1.237079999999999985e-01 1.661960000000000104e-01 1.710839999999999583e-01 1.241319999999999923e-01 1.237079999999999985e-01 1.241319999999999923e-01 1.322359999999999924e-01
c: 
2.362000000000000099e+00
1.939000000000000057e+00
2.745999999999999996e+00
