CDF: 
3.300000000000000155e-01 3.499999999999999778e-01 5.300000000000000266e-01 1.000000000000000000e+00
1.499999999999999944e-01 5.999999999999999778e-01 6.300000000000000044e-01 1.000000000000000000e+00
4.699999999999999734e-01 5.000000000000000000e-01 6.899999999999999467e-01 1.000000000000000000e+00
sigma: 
2.097239999999999660e-01 3.387281985624141997e-03 1.200174192403675707e-03 3.387281985624142865e-03 1.974239999999999884e-01 6.401238538234071962e-03 1.200174192403675707e-03 6.401238538234071962e-03 1.904999999999999472e-01
2.097239999999999660e-01 1.462264664839325531e-02 1.326529130051786257e-02 1.462264664839325878e-02 1.974239999999999884e-01 1.138403260659427013e-02 1.326529130051786257e-02 1.138403260659427013e-02 1.904999999999999472e-01
2.097239999999999660e-01 1.868029473606228064e-02 2.548338678051578765e-02 1.868029473606228411e-02 1.974239999999999884e-01 2.160245631895067048e-02 2.548338678051578765e-02 2.160245631895067048e-02 1.904999999999999472e-01
2.097239999999999660e-01 3.068648667904497196e-02 2.663236908883157006e-02 3.068648667904497890e-02 1.974239999999999884e-01 3.436241430584109635e-02 2.663236908883157006e-02 3.436241430584109635e-02 1.904999999999999472e-01
2.097239999999999660e-01 4.022208474049811938e-02 4.177085277141191072e-02 4.022208474049812632e-02 1.974239999999999884e-01 3.904602398443899475e-02 4.177085277141191072e-02 3.904602398443899475e-02 1.904999999999999472e-01
2.097239999999999660e-01 5.026579424787572248e-02 4.527065858535098131e-02 5.026579424787572942e-02 1.974239999999999884e-01 5.066927506591296926e-02 4.527065858535098131e-02 5.066927506591296926e-02 1.904999999999999472e-01
2.097239999999999660e-01 5.748404060134079674e-02 6.107570671839545468e-02 5.748404060134081062e-02 1.974239999999999884e-01 6.252205064422035330e-02 6.107570671839545468e-02 6.252205064422035330e-02 1.904999999999999472e-01
2.097239999999999660e-01 6.942694285060943549e-02 6.772530356540913676e-02 6.942694285060943549e-02 1.974239999999999884e-01 7.275629297293757791e-02 6.772530356540913676e-02 7.275629297293757791e-02 1.904999999999999472e-01
2.097239999999999660e-01 7.494695279909770191e-02 7.806882780285850920e-02 7.494695279909771579e-02 1.974239999999999884e-01 7.554662187516704430e-02 7.806882780285850920e-02 7.554662187516704430e-02 1.904999999999999472e-01
2.097239999999999660e-01 8.303581923577799118e-02 8.565861443898938055e-02 8.303581923577800505e-02 1.974239999999999884e-01 8.815344954341304551e-02 8.565861443898938055e-02 8.815344954341304551e-02 1.904999999999999472e-01
2.097239999999999660e-01 9.747500978761737545e-02 8.877795864156129424e-02 9.747500978761738932e-02 1.974239999999999884e-01 1.002958516537905270e-01 8.877795864156129424e-02 1.002958516537905270e-01 1.904999999999999472e-01
2.097239999999999660e-01 1.043815852079875983e-01 9.739444520831982977e-02 1.043815852079876122e-01 1.974239999999999884e-01 1.058177976940783832e-01 9.739444520831982977e-02 1.058177976940783832e-01 1.904999999999999472e-01
2.097239999999999660e-01 1.118450782558879503e-01 1.085337160850473742e-01 1.118450782558879780e-01 1.974239999999999884e-01 1.147183026969665343e-01 1.085337160850473742e-01 1.147183026969665343e-01 1.904999999999999472e-01
2.097239999999999660e-01 1.177533924595963039e-01 1.218060804493962673e-01 1.177533924595963316e-01 1.974239999999999884e-01 1.289593964527191439e-01 1.218060804493962673e-01 1.289593964527191439e-01 1.904999999999999472e-01
2.097239999999999660e-01 1.303415426443620129e-01 1.278504907084931363e-01 1.303415426443620406e-01 1.974239999999999884e-01 1.311545852135244106e-01 1.278504907084931363e-01 1.311545852135244106e-01 1.904999999999999472e-01
2.097239999999999660e-01 1.373407619197912766e-01 1.378252144144437030e-01 1.373407619197913043e-01 1.974239999999999884e-01 1.398863741219635304e-01 1.378252144144437030e-01 1.398863741219635304e-01 1.904999999999999472e-01
2.097239999999999660e-01 1.496480167350328350e-01 1.461924942453418641e-01 1.496480167350328627e-01 1.974239999999999884e-01 1.582174501570553504e-01 1.461924942453418641e-01 1.582174501570553504e-01 1.904999999999999472e-01
2.097239999999999660e-01 1.529022129337883340e-01 1.580486694930871017e-01 1.529022129337883618e-01 1.974239999999999884e-01 1.622160799222659711e-01 1.580486694930871017e-01 1.622160799222659711e-01 1.904999999999999472e-01
2.097239999999999660e-01 1.660298951539654344e-01 1.606491528435308180e-01 1.660298951539654622e-01 1.974239999999999884e-01 1.761932119943887542e-01 1.606491528435308180e-01 1.761932119943887542e-01 1.904999999999999472e-01
2.097239999999999660e-01 1.685759999999999481e-01 1.669800000000000173e-01 1.685759999999999759e-01 1.974239999999999884e-01 1.771199999999999997e-01 1.669800000000000173e-01 1.771199999999999997e-01 1.904999999999999472e-01
c: 
2.262999999999999901e+00
2.218999999999999861e+00
2.408999999999999808e+00
