CDF: 
1.799999999999999933e-01 3.599999999999999867e-01 5.799999999999999600e-01 1.000000000000000000e+00
2.099999999999999922e-01 3.300000000000000155e-01 5.100000000000000089e-01 1.000000000000000000e+00
3.200000000000000067e-01 6.600000000000000311e-01 8.399999999999999689e-01 1.000000000000000000e+00
sigma: 
1.664640000000000009e-01 2.661454450907521120e-03 4.758791690654346276e-03 2.661454450907520686e-03 1.802039999999999753e-01 6.172000744429240876e-04 4.758791690654346276e-03 6.172000744429240876e-04 1.123999999999999860e-01
1.664640000000000009e-01 1.210225257700620061e-02 1.030623797495829573e-02 1.210225257700619714e-02 1.802039999999999753e-01 8.329120372178004314e-03 1.030623797495829573e-02 8.329120372178006049e-03 1.123999999999999860e-01
1.664640000000000009e-01 2.011247774154747980e-02 1.430265981292316337e-02 2.011247774154747633e-02 1.802039999999999753e-01 1.128003209556641996e-02 1.430265981292316337e-02 1.128003209556642170e-02 1.123999999999999860e-01
1.664640000000000009e-01 2.866958451284002188e-02 1.770154036168106529e-02 2.866958451284001841e-02 1.802039999999999753e-01 2.035453660027783038e-02 1.770154036168106529e-02 2.035453660027783385e-02 1.123999999999999860e-01
1.664640000000000009e-01 3.846904909863135130e-02 2.592412199282655497e-02 3.846904909863134436e-02 1.802039999999999753e-01 2.268316139934061643e-02 2.592412199282655497e-02 2.268316139934061990e-02 1.123999999999999860e-01
1.664640000000000009e-01 4.768159958745949584e-02 2.869562452820319937e-02 4.768159958745948890e-02 1.802039999999999753e-01 2.775364317606595840e-02 2.869562452820319937e-02 2.775364317606596187e-02 1.123999999999999860e-01
1.664640000000000009e-01 5.129545513552876551e-02 3.452999455463529738e-02 5.129545513552875857e-02 1.802039999999999753e-01 3.281447393557204023e-02 3.452999455463529738e-02 3.281447393557204717e-02 1.123999999999999860e-01
1.664640000000000009e-01 6.569082228549000257e-02 4.209878887578294426e-02 6.569082228549000257e-02 1.802039999999999753e-01 4.001531005016262244e-02 4.209878887578294426e-02 4.001531005016262937e-02 1.123999999999999860e-01
1.664640000000000009e-01 7.193045677456570697e-02 4.738959186540069729e-02 7.193045677456569309e-02 1.802039999999999753e-01 4.777744182377422627e-02 4.738959186540069729e-02 4.777744182377423321e-02 1.123999999999999860e-01
1.664640000000000009e-01 7.600519572221073328e-02 5.201649720581717068e-02 7.600519572221071940e-02 1.802039999999999753e-01 5.249880039577045632e-02 5.201649720581717068e-02 5.249880039577046326e-02 1.123999999999999860e-01
1.664640000000000009e-01 8.749783237967062588e-02 5.691435392180716618e-02 8.749783237967061200e-02 1.802039999999999753e-01 5.431473995854608355e-02 5.691435392180716618e-02 5.431473995854609049e-02 1.123999999999999860e-01
1.664640000000000009e-01 9.898617745509905030e-02 6.386245014552247024e-02 9.898617745509902255e-02 1.802039999999999753e-01 6.126168231423261001e-02 6.386245014552247024e-02 6.126168231423262389e-02 1.123999999999999860e-01
1.664640000000000009e-01 1.097054466601318085e-01 6.697403551679916023e-02 1.097054466601317946e-01 1.802039999999999753e-01 6.821170134123685780e-02 6.697403551679916023e-02 6.821170134123685780e-02 1.123999999999999860e-01
1.664640000000000009e-01 1.102555989059509634e-01 7.257087134757667091e-02 1.102555989059509356e-01 1.802039999999999753e-01 7.271919757250294714e-02 7.257087134757667091e-02 7.271919757250296101e-02 1.123999999999999860e-01
1.664640000000000009e-01 1.239628952097605180e-01 8.194587181536724940e-02 1.239628952097604903e-01 1.802039999999999753e-01 7.629681105594027235e-02 8.194587181536724940e-02 7.629681105594028623e-02 1.123999999999999860e-01
1.664640000000000009e-01 1.289883975802425253e-01 8.388069209834526918e-02 1.289883975802425253e-01 1.802039999999999753e-01 8.435695349508051666e-02 8.388069209834526918e-02 8.435695349508053054e-02 1.123999999999999860e-01
1.664640000000000009e-01 1.358780502260914513e-01 8.861301446565784945e-02 1.358780502260914236e-01 1.802039999999999753e-01 8.516488435364562293e-02 8.861301446565784945e-02 8.516488435364562293e-02 1.123999999999999860e-01
1.664640000000000009e-01 1.476659968699934322e-01 9.508814993640381241e-02 1.476659968699934045e-01 1.802039999999999753e-01 9.143759364994487326e-02 9.508814993640381241e-02 9.143759364994488714e-02 1.123999999999999860e-01
1.664640000000000009e-01 1.595905329339188106e-01 9.907608999349795664e-02 1.595905329339187828e-01 1.802039999999999753e-01 9.682811112907865891e-02 9.907608999349795664e-02 9.682811112907867279e-02 1.123999999999999860e-01
1.664640000000000009e-01 1.604160000000000030e-01 1.039999999999999952e-01 1.604159999999999753e-01 1.802039999999999753e-01 1.009999999999999926e-01 1.039999999999999952e-01 1.010000000000000064e-01 1.123999999999999860e-01
c: 
1.590999999999999970e+00
1.943999999999999950e+00
1.806999999999999940e+00
