CDF: 
8.999999999999999667e-02 1.600000000000000033e-01 2.000000000000000111e-01 1.000000000000000000e+00
2.500000000000000000e-01 6.700000000000000400e-01 7.399999999999999911e-01 1.000000000000000000e+00
2.200000000000000011e-01 3.499999999999999778e-01 5.799999999999999600e-01 1.000000000000000000e+00
sigma: 
1.335390000000000188e-01 1.972254624760829550e-03 2.505556518627137692e-03 1.972254624760829550e-03 1.661710000000000131e-01 3.191131100189221331e-03 2.505556518627137692e-03 3.191131100189221331e-03 1.899959999999999982e-01
1.335390000000000188e-01 3.657892069809084556e-03 5.157507320552291719e-03 3.657892069809084556e-03 1.661710000000000131e-01 1.213754196638268043e-02 5.157507320552291719e-03 1.213754196638268043e-02 1.899959999999999982e-01
1.335390000000000188e-01 8.784570087257560778e-03 1.101024982588825335e-02 8.784570087257560778e-03 1.661710000000000131e-01 1.655963563346229267e-02 1.101024982588825335e-02 1.655963563346229267e-02 1.899959999999999982e-01
1.335390000000000188e-01 1.141104887860932594e-02 1.659483666552964004e-02 1.141104887860932594e-02 1.661710000000000131e-01 2.356958127747302290e-02 1.659483666552964004e-02 2.356958127747302290e-02 1.899959999999999982e-01
1.335390000000000188e-01 1.394079459813551795e-02 2.125800547285152525e-02 1.394079459813551795e-02 1.661710000000000131e-01 2.912450082049086036e-02 2.125800547285152525e-02 2.912450082049086036e-02 1.899959999999999982e-01
1.335390000000000188e-01 1.666303973384528764e-02 2.706789143950492568e-02 1.666303973384528764e-02 1.661710000000000131e-01 4.238275027397869071e-02 2.706789143950492568e-02 4.238275027397869071e-02 1.899959999999999982e-01
1.335390000000000188e-01 1.855947046361809682e-02 3.077340726602986395e-02 1.855947046361809682e-02 1.661710000000000131e-01 4.522223811643494989e-02 3.077340726602986395e-02 4.522223811643494989e-02 1.899959999999999982e-01
1.335390000000000188e-01 2.320234553120413198e-02 3.596970838675466603e-02 2.320234553120413198e-02 1.661710000000000131e-01 5.200286377765826057e-02 3.596970838675466603e-02 5.200286377765826057e-02 1.899959999999999982e-01
1.335390000000000188e-01 2.766160054856196815e-02 3.854573790069118489e-02 2.766160054856196815e-02 1.661710000000000131e-01 5.902567955742107908e-02 3.854573790069118489e-02 5.902567955742107908e-02 1.899959999999999982e-01
1.335390000000000188e-01 2.914237260833291501e-02 4.405779662489810178e-02 2.914237260833291501e-02 1.661710000000000131e-01 6.875994718936753736e-02 4.405779662489810178e-02 6.875994718936753736e-02 1.899959999999999982e-01
1.335390000000000188e-01 3.310221451344886462e-02 5.031272284100704595e-02 3.310221451344886462e-02 1.661710000000000131e-01 7.817045644658462966e-02 5.031272284100704595e-02 7.817045644658462966e-02 1.899959999999999982e-01
1.335390000000000188e-01 3.675645094788577982e-02 5.368840843297195686e-02 3.675645094788577982e-02 1.661710000000000131e-01 7.985617413724485636e-02 5.368840843297195686e-02 7.985617413724485636e-02 1.899959999999999982e-01
1.335390000000000188e-01 3.775073748949821228e-02 6.209983634728265950e-02 3.775073748949821228e-02 1.661710000000000131e-01 8.830208203604772432e-02 6.209983634728265950e-02 8.830208203604772432e-02 1.899959999999999982e-01
1.335390000000000188e-01 4.096139121791055049e-02 6.587713547644211132e-02 4.096139121791055049e-02 1.661710000000000131e-01 9.387849200114806170e-02 6.587713547644211132e-02 9.387849200114806170e-02 1.899959999999999982e-01
1.335390000000000188e-01 4.424010443611847698e-02 6.947919794132040305e-02 4.424010443611847698e-02 1.661710000000000131e-01 1.059396788535634515e-01 6.947919794132040305e-02 1.059396788535634515e-01 1.899959999999999982e-01
1.335390000000000188e-01 4.837495090906519801e-02 7.393545762759769213e-02 4.837495090906519801e-02 1.661710000000000131e-01 1.073677448747395735e-01 7.393545762759769213e-02 1.073677448747395735e-01 1.899959999999999982e-01
1.335390000000000188e-01 5.047628857882726500e-02 7.903116105582468076e-02 5.047628857882726500e-02 1.661710000000000131e-01 1.213803581214770999e-01 7.903116105582468076e-02 1.213803581214770999e-01 1.899959999999999982e-01
1.335390000000000188e-01 5.427490686723968755e-02 8.361997091981669683e-02 5.427490686723968755e-02 1.661710000000000131e-01 1.275760764634112920e-01 8.361997091981669683e-02 1.275760764634112920e-01 1.899959999999999982e-01
1.335390000000000188e-01 5.665646046846653516e-02 8.977943653893202813e-02 5.665646046846653516e-02 1.661710000000000131e-01 1.328971968000392523e-01 8.977943653893202813e-02 1.328971968000392523e-01 1.899959999999999982e-01
1.335390000000000188e-01 5.846300000000001496e-02 9.086200000000001220e-02 5.846300000000001496e-02 1.661710000000000131e-01 1.357540000000000135e-01 9.086200000000001220e-02 1.357540000000000135e-01 1.899959999999999982e-01
c: 
1.939000000000000057e+00
2.317000000000000171e+00
1.330000000000000071e+00
