CDF: 
3.499999999999999778e-01 5.999999999999999778e-01 7.299999999999999822e-01 1.000000000000000000e+00
4.899999999999999911e-01 5.200000000000000178e-01 6.700000000000000400e-01 1.000000000000000000e+00
4.799999999999999822e-01 5.400000000000000355e-01 7.199999999999999734e-01 1.000000000000000000e+00
sigma: 
1.726439999999999642e-01 6.643996509894601471e-03 6.901805624154965998e-03 6.643996509894602338e-03 2.009160000000000112e-01 9.320339653831315879e-03 6.901805624154965998e-03 9.320339653831315879e-03 1.811999999999999722e-01
1.726439999999999642e-01 9.005949777154227329e-03 1.739756055319371594e-02 9.005949777154229063e-03 2.009160000000000112e-01 1.313011012195937702e-02 1.739756055319371594e-02 1.313011012195937702e-02 1.811999999999999722e-01
1.726439999999999642e-01 1.964220186270810437e-02 2.210135648371078232e-02 1.964220186270810783e-02 2.009160000000000112e-01 2.181827238788096660e-02 2.210135648371078232e-02 2.181827238788096660e-02 1.811999999999999722e-01
1.726439999999999642e-01 2.739080972745544865e-02 3.202263214241105743e-02 2.739080972745545212e-02 2.009160000000000112e-01 2.904949931993881795e-02 3.202263214241105743e-02 2.904949931993881795e-02 1.811999999999999722e-01
1.726439999999999642e-01 4.281556590649312349e-02 4.390751317179417135e-02 4.281556590649313043e-02 2.009160000000000112e-01 3.861712147695796349e-02 4.390751317179417135e-02 3.861712147695796349e-02 1.811999999999999722e-01
1.726439999999999642e-01 4.662370594367439697e-02 4.781304815625714993e-02 4.662370594367440391e-02 2.009160000000000112e-01 4.713184673049733431e-02 4.781304815625714993e-02 4.713184673049733431e-02 1.811999999999999722e-01
1.726439999999999642e-01 6.166163702727997520e-02 5.479277238371783182e-02 6.166163702727998908e-02 2.009160000000000112e-01 6.002417557943722642e-02 5.479277238371783182e-02 6.002417557943722642e-02 1.811999999999999722e-01
1.726439999999999642e-01 6.934358759311809450e-02 7.239480847295207133e-02 6.934358759311810838e-02 2.009160000000000112e-01 6.614577722393082115e-02 7.239480847295207133e-02 6.614577722393082115e-02 1.811999999999999722e-01
1.726439999999999642e-01 7.381429663139721375e-02 7.343874396904029322e-02 7.381429663139722763e-02 2.009160000000000112e-01 8.161215924248735321e-02 7.343874396904029322e-02 8.161215924248735321e-02 1.811999999999999722e-01
1.726439999999999642e-01 8.958825480682572340e-02 9.080457247679836474e-02 8.958825480682573728e-02 2.009160000000000112e-01 8.988020934176775556e-02 9.080457247679836474e-02 8.988020934176775556e-02 1.811999999999999722e-01
1.726439999999999642e-01 9.031429907667949675e-02 9.824129034061049315e-02 9.031429907667951062e-02 2.009160000000000112e-01 9.594307329646167837e-02 9.824129034061049315e-02 9.594307329646167837e-02 1.811999999999999722e-01
1.726439999999999642e-01 1.021940173485062220e-01 1.026918164993008281e-01 1.021940173485062359e-01 2.009160000000000112e-01 1.097987254420037667e-01 1.026918164993008281e-01 1.097987254420037667e-01 1.811999999999999722e-01
1.726439999999999642e-01 1.139758206474232594e-01 1.104310062342659937e-01 1.139758206474232871e-01 2.009160000000000112e-01 1.224701656242818126e-01 1.104310062342659937e-01 1.224701656242818126e-01 1.811999999999999722e-01
1.726439999999999642e-01 1.182627467257560544e-01 1.248365001893481097e-01 1.182627467257560683e-01 2.009160000000000112e-01 1.266986803616043378e-01 1.248365001893481097e-01 1.266986803616043378e-01 1.811999999999999722e-01
1.726439999999999642e-01 1.303822166687357564e-01 1.288441048597469551e-01 1.303822166687357564e-01 2.009160000000000112e-01 1.401749982564659269e-01 1.288441048597469551e-01 1.401749982564659269e-01 1.811999999999999722e-01
1.726439999999999642e-01 1.412282954593432061e-01 1.370071774011372978e-01 1.412282954593432338e-01 2.009160000000000112e-01 1.464720403865890364e-01 1.370071774011372978e-01 1.464720403865890364e-01 1.811999999999999722e-01
1.726439999999999642e-01 1.501150936414797910e-01 1.539089735402503489e-01 1.501150936414798187e-01 2.009160000000000112e-01 1.550257935274728105e-01 1.539089735402503489e-01 1.550257935274728105e-01 1.811999999999999722e-01
1.726439999999999642e-01 1.614043398905748716e-01 1.550641495522455671e-01 1.614043398905748994e-01 2.009160000000000112e-01 1.637455580410079603e-01 1.550641495522455671e-01 1.637455580410079603e-01 1.811999999999999722e-01
1.726439999999999642e-01 1.647620910923477677e-01 1.717984274156956204e-01 1.647620910923477955e-01 2.009160000000000112e-01 1.779241867086129858e-01 1.717984274156956204e-01 1.779241867086129858e-01 1.811999999999999722e-01
1.726439999999999642e-01 1.707479999999999831e-01 1.726399999999999879e-01 1.707480000000000109e-01 2.009160000000000112e-01 1.790800000000000169e-01 1.726399999999999879e-01 1.790800000000000169e-01 1.811999999999999722e-01
c: 
2.388999999999999790e+00
2.636000000000000121e+00
1.885999999999999899e+00
