CDF: 
1.900000000000000022e-01 4.299999999999999933e-01 6.099999999999999867e-01 1.000000000000000000e+00
4.099999999999999756e-01 5.500000000000000444e-01 6.700000000000000400e-01 1.000000000000000000e+00
7.299999999999999822e-01 7.399999999999999911e-01 8.100000000000000533e-01 1.000000000000000000e+00
sigma: 
1.683000000000000052e-01 7.047002339149048382e-03 4.112822443854521198e-03 7.047002339149047515e-03 1.899639999999999940e-01 7.732329894550239897e-04 4.112822443854521198e-03 7.732329894550239897e-04 1.532000000000000028e-01
1.683000000000000052e-01 1.676647395663150020e-02 6.988646310514914396e-03 1.676647395663149673e-02 1.899639999999999940e-01 1.372728235526865341e-02 6.988646310514914396e-03 1.372728235526865341e-02 1.532000000000000028e-01
1.683000000000000052e-01 2.067557308865098850e-02 1.529656427793291487e-02 2.067557308865098503e-02 1.899639999999999940e-01 1.597867283916066389e-02 1.529656427793291487e-02 1.597867283916066389e-02 1.532000000000000028e-01
1.683000000000000052e-01 3.511724316704227522e-02 1.919430594081472305e-02 3.511724316704226828e-02 1.899639999999999940e-01 2.584539850216998128e-02 1.919430594081472305e-02 2.584539850216998128e-02 1.532000000000000028e-01
1.683000000000000052e-01 3.585921219334491095e-02 2.293854393357851532e-02 3.585921219334490401e-02 1.899639999999999940e-01 3.418266440823978375e-02 2.293854393357851532e-02 3.418266440823978375e-02 1.532000000000000028e-01
1.683000000000000052e-01 5.264225142388538614e-02 2.998932127408797735e-02 5.264225142388537920e-02 1.899639999999999940e-01 3.750854446500417189e-02 2.998932127408797735e-02 3.750854446500417189e-02 1.532000000000000028e-01
1.683000000000000052e-01 5.996383042209153108e-02 3.910263652225685199e-02 5.996383042209152414e-02 1.899639999999999940e-01 4.596586299580809887e-02 3.910263652225685199e-02 4.596586299580809887e-02 1.532000000000000028e-01
1.683000000000000052e-01 6.619754903233888987e-02 4.488501815894301722e-02 6.619754903233887600e-02 1.899639999999999940e-01 4.828830927394663769e-02 4.488501815894301722e-02 4.828830927394663769e-02 1.532000000000000028e-01
1.683000000000000052e-01 7.722388388781746549e-02 4.933027160207600903e-02 7.722388388781745161e-02 1.899639999999999940e-01 5.521265690002463006e-02 4.933027160207600903e-02 5.521265690002463006e-02 1.532000000000000028e-01
1.683000000000000052e-01 8.784650980642864926e-02 5.275116892735572799e-02 8.784650980642863538e-02 1.899639999999999940e-01 6.243792120976029980e-02 5.275116892735572799e-02 6.243792120976029980e-02 1.532000000000000028e-01
1.683000000000000052e-01 9.519426442302676705e-02 5.813999194514667818e-02 9.519426442302675317e-02 1.899639999999999940e-01 7.368264866222405673e-02 5.813999194514667818e-02 7.368264866222405673e-02 1.532000000000000028e-01
1.683000000000000052e-01 1.044108149895213028e-01 6.476775750190109926e-02 1.044108149895212889e-01 1.899639999999999940e-01 7.683125334077262059e-02 6.476775750190109926e-02 7.683125334077262059e-02 1.532000000000000028e-01
1.683000000000000052e-01 1.099798639399162531e-01 7.036964142220775154e-02 1.099798639399162392e-01 1.899639999999999940e-01 8.522489535033470065e-02 7.036964142220775154e-02 8.522489535033470065e-02 1.532000000000000028e-01
1.683000000000000052e-01 1.198148779744318965e-01 7.647536464470792994e-02 1.198148779744318826e-01 1.899639999999999940e-01 9.579018480769867228e-02 7.647536464470792994e-02 9.579018480769867228e-02 1.532000000000000028e-01
1.683000000000000052e-01 1.295636010600745014e-01 8.141101302361361536e-02 1.295636010600744736e-01 1.899639999999999940e-01 9.640712552178802575e-02 8.141101302361361536e-02 9.640712552178802575e-02 1.532000000000000028e-01
1.683000000000000052e-01 1.373372213725420621e-01 8.949058850078005223e-02 1.373372213725420343e-01 1.899639999999999940e-01 1.068932268920869399e-01 8.949058850078005223e-02 1.068932268920869399e-01 1.532000000000000028e-01
1.683000000000000052e-01 1.480797736034140388e-01 9.250583826295838419e-02 1.480797736034140111e-01 1.899639999999999940e-01 1.165551740130051361e-01 9.250583826295838419e-02 1.165551740130051361e-01 1.532000000000000028e-01
1.683000000000000052e-01 1.499062353024036287e-01 9.943038189545178041e-02 1.499062353024036010e-01 1.899639999999999940e-01 1.207827618155481175e-01 9.943038189545178041e-02 1.207827618155481175e-01 1.532000000000000028e-01
1.683000000000000052e-01 1.609411147429449518e-01 1.030098818493348362e-01 1.609411147429449240e-01 1.899639999999999940e-01 1.305680279970130309e-01 1.030098818493348362e-01 1.305680279970130309e-01 1.532000000000000028e-01
1.683000000000000052e-01 1.669400000000000328e-01 1.078000000000000069e-01 1.669400000000000051e-01 1.899639999999999940e-01 1.306800000000000184e-01 1.078000000000000069e-01 1.306800000000000184e-01 1.532000000000000028e-01
c: 
2.556000000000000050e+00
1.955000000000000071e+00
2.500000000000000000e+00
