CDF: 
2.600000000000000089e-01 4.299999999999999933e-01 8.599999999999999867e-01 1.000000000000000000e+00
2.399999999999999911e-01 3.800000000000000044e-01 8.900000000000000133e-01 1.000000000000000000e+00
7.199999999999999734e-01 7.500000000000000000e-01 7.600000000000000089e-01 1.000000000000000000e+00
sigma: 
9.860399999999999721e-02 2.212226013136063714e-03 1.905265072753721837e-03 2.212226013136063714e-03 8.057100000000000373e-02 2.803678716823764829e-03 1.905265072753721837e-03 2.803678716823764395e-03 1.806840000000000113e-01
9.860399999999999721e-02 5.876422115753041769e-03 8.150311432438234888e-03 5.876422115753041769e-03 8.057100000000000373e-02 8.583757863440700034e-03 8.150311432438234888e-03 8.583757863440698299e-03 1.806840000000000113e-01
9.860399999999999721e-02 1.208208207615662014e-02 1.478101421032805216e-02 1.208208207615662014e-02 8.057100000000000373e-02 1.034175321078734285e-02 1.478101421032805216e-02 1.034175321078734111e-02 1.806840000000000113e-01
9.860399999999999721e-02 1.677602068479349187e-02 2.127110361227938992e-02 1.677602068479349187e-02 8.057100000000000373e-02 1.339683554066505022e-02 2.127110361227938992e-02 1.339683554066504849e-02 1.806840000000000113e-01
9.860399999999999721e-02 1.778288720439361384e-02 2.547993909954556976e-02 1.778288720439361384e-02 8.057100000000000373e-02 2.046460057752031575e-02 2.547993909954556976e-02 2.046460057752031228e-02 1.806840000000000113e-01
9.860399999999999721e-02 2.499899289906496944e-02 2.968127573090852123e-02 2.499899289906496944e-02 8.057100000000000373e-02 2.469776864702214608e-02 2.968127573090852123e-02 2.469776864702214261e-02 1.806840000000000113e-01
9.860399999999999721e-02 2.831892363271208343e-02 3.406852319967516168e-02 2.831892363271208343e-02 8.057100000000000373e-02 2.834117270154928522e-02 3.406852319967516168e-02 2.834117270154928175e-02 1.806840000000000113e-01
9.860399999999999721e-02 3.011719840074209703e-02 3.921393702010982085e-02 3.011719840074209703e-02 8.057100000000000373e-02 3.448282255760787285e-02 3.921393702010982085e-02 3.448282255760786591e-02 1.806840000000000113e-01
9.860399999999999721e-02 3.677051427755820973e-02 4.431087507819125859e-02 3.677051427755820973e-02 8.057100000000000373e-02 3.756846753606061379e-02 4.431087507819125859e-02 3.756846753606060685e-02 1.806840000000000113e-01
9.860399999999999721e-02 3.935675442072337354e-02 5.316067815434398491e-02 3.935675442072337354e-02 8.057100000000000373e-02 4.010216393867282320e-02 5.316067815434398491e-02 4.010216393867281626e-02 1.806840000000000113e-01
9.860399999999999721e-02 4.653720104176114342e-02 5.857009040528036309e-02 4.653720104176114342e-02 8.057100000000000373e-02 4.490813153466557961e-02 5.857009040528036309e-02 4.490813153466556573e-02 1.806840000000000113e-01
9.860399999999999721e-02 5.086615374528889733e-02 6.306488191901309104e-02 5.086615374528889733e-02 8.057100000000000373e-02 5.162000117948217781e-02 6.306488191901309104e-02 5.162000117948217087e-02 1.806840000000000113e-01
9.860399999999999721e-02 5.172369487478988698e-02 6.443194098185596463e-02 5.172369487478988698e-02 8.057100000000000373e-02 5.488260726984011545e-02 6.443194098185596463e-02 5.488260726984010157e-02 1.806840000000000113e-01
9.860399999999999721e-02 5.672792169270508833e-02 7.024601639480682058e-02 5.672792169270508833e-02 8.057100000000000373e-02 5.669544304228139875e-02 7.024601639480682058e-02 5.669544304228138487e-02 1.806840000000000113e-01
9.860399999999999721e-02 6.336452274542572760e-02 7.896923029205586697e-02 6.336452274542572760e-02 8.057100000000000373e-02 6.259665255574309306e-02 7.896923029205586697e-02 6.259665255574307918e-02 1.806840000000000113e-01
9.860399999999999721e-02 6.607309277790272828e-02 8.465921012519141142e-02 6.607309277790272828e-02 8.057100000000000373e-02 6.632227742322341357e-02 8.465921012519141142e-02 6.632227742322339969e-02 1.806840000000000113e-01
9.860399999999999721e-02 7.043472065286474071e-02 8.883264316906837321e-02 7.043472065286474071e-02 8.057100000000000373e-02 7.218271968706553576e-02 8.883264316906837321e-02 7.218271968706552189e-02 1.806840000000000113e-01
9.860399999999999721e-02 7.477407137877270515e-02 9.427594673990777330e-02 7.477407137877270515e-02 8.057100000000000373e-02 7.706536352152765224e-02 9.427594673990777330e-02 7.706536352152763836e-02 1.806840000000000113e-01
9.860399999999999721e-02 8.030745965360848448e-02 1.004835382322283727e-01 8.030745965360848448e-02 8.057100000000000373e-02 8.088004865277924338e-02 1.004835382322283727e-01 8.088004865277922950e-02 1.806840000000000113e-01
9.860399999999999721e-02 8.117800000000000016e-02 1.014440000000000064e-01 8.117800000000000016e-02 8.057100000000000373e-02 8.265800000000000924e-02 1.014440000000000064e-01 8.265799999999999537e-02 1.806840000000000113e-01
c: 
1.586000000000000076e+00
1.945999999999999952e+00
1.554000000000000048e+00
