CDF: 
5.500000000000000444e-01 5.999999999999999778e-01 7.700000000000000178e-01 1.000000000000000000e+00
1.799999999999999933e-01 2.500000000000000000e-01 3.699999999999999956e-01 1.000000000000000000e+00
3.099999999999999978e-01 3.599999999999999867e-01 3.800000000000000044e-01 1.000000000000000000e+00
sigma: 
1.643360000000000098e-01 1.067465622408667438e-03 4.096735308476007870e-04 1.067465622408667438e-03 1.731360000000000121e-01 3.670219297280680063e-04 4.096735308476007870e-04 3.670219297280680605e-04 2.181560000000000166e-01
1.643360000000000098e-01 9.417096968464266915e-03 6.424169463618634342e-03 9.417096968464266915e-03 1.731360000000000121e-01 1.891182631027233871e-02 6.424169463618634342e-03 1.891182631027234218e-02 2.181560000000000166e-01
1.643360000000000098e-01 1.202508500292669494e-02 1.547963261667495080e-02 1.202508500292669494e-02 1.731360000000000121e-01 2.749533192336697796e-02 1.547963261667495080e-02 2.749533192336698142e-02 2.181560000000000166e-01
1.643360000000000098e-01 1.554925056031498942e-02 2.264802201416721630e-02 1.554925056031498942e-02 1.731360000000000121e-01 3.261684363577260076e-02 2.264802201416721630e-02 3.261684363577260770e-02 2.181560000000000166e-01
1.643360000000000098e-01 2.201172214204134836e-02 2.510067723414810895e-02 2.201172214204134836e-02 1.731360000000000121e-01 4.247357685607394684e-02 2.510067723414810895e-02 4.247357685607395378e-02 2.181560000000000166e-01
1.643360000000000098e-01 2.970972692906695065e-02 3.108210588105793024e-02 2.970972692906695065e-02 1.731360000000000121e-01 5.412381660501047742e-02 3.108210588105793024e-02 5.412381660501048436e-02 2.181560000000000166e-01
1.643360000000000098e-01 3.111670570753340484e-02 3.917837823063018837e-02 3.111670570753340484e-02 1.731360000000000121e-01 6.559155769287458582e-02 3.917837823063018837e-02 6.559155769287459969e-02 2.181560000000000166e-01
1.643360000000000098e-01 3.693966144072007018e-02 4.575982347737914818e-02 3.693966144072007018e-02 1.731360000000000121e-01 7.370127027096401440e-02 4.575982347737914818e-02 7.370127027096402827e-02 2.181560000000000166e-01
1.643360000000000098e-01 4.483027660113573371e-02 4.974083678867665531e-02 4.483027660113573371e-02 1.731360000000000121e-01 8.136104175458047649e-02 4.974083678867665531e-02 8.136104175458049037e-02 2.181560000000000166e-01
1.643360000000000098e-01 4.923815044842022592e-02 5.367464807628281181e-02 4.923815044842022592e-02 1.731360000000000121e-01 8.944452516540962739e-02 5.367464807628281181e-02 8.944452516540964127e-02 2.181560000000000166e-01
1.643360000000000098e-01 5.053391659611976977e-02 6.443991238066340554e-02 5.053391659611976977e-02 1.731360000000000121e-01 1.000090995798392363e-01 6.443991238066340554e-02 1.000090995798392501e-01 2.181560000000000166e-01
1.643360000000000098e-01 5.563450743514595370e-02 6.545715740159323281e-02 5.563450743514595370e-02 1.731360000000000121e-01 1.128491936454825290e-01 6.545715740159323281e-02 1.128491936454825428e-01 2.181560000000000166e-01
1.643360000000000098e-01 6.141577864142759580e-02 7.415121436702581947e-02 6.141577864142759580e-02 1.731360000000000121e-01 1.278463546202037449e-01 7.415121436702581947e-02 1.278463546202037726e-01 2.181560000000000166e-01
1.643360000000000098e-01 6.868658006076346079e-02 7.989478199024109550e-02 6.868658006076346079e-02 1.731360000000000121e-01 1.363833687878584500e-01 7.989478199024109550e-02 1.363833687878584777e-01 2.181560000000000166e-01
1.643360000000000098e-01 7.449393063798066816e-02 8.588299934977582095e-02 7.449393063798066816e-02 1.731360000000000121e-01 1.455639365765153959e-01 8.588299934977582095e-02 1.455639365765154236e-01 2.181560000000000166e-01
1.643360000000000098e-01 7.935687273858221813e-02 8.863828227684251992e-02 7.935687273858221813e-02 1.731360000000000121e-01 1.528562591888088518e-01 8.863828227684251992e-02 1.528562591888088795e-01 2.181560000000000166e-01
1.643360000000000098e-01 8.419265315178572906e-02 9.672985052087575142e-02 8.419265315178572906e-02 1.731360000000000121e-01 1.589301720912473237e-01 9.672985052087575142e-02 1.589301720912473237e-01 2.181560000000000166e-01
1.643360000000000098e-01 8.559684336453254883e-02 1.039930083904816172e-01 8.559684336453254883e-02 1.731360000000000121e-01 1.723275966437085305e-01 1.039930083904816172e-01 1.723275966437085582e-01 2.181560000000000166e-01
1.643360000000000098e-01 9.231730469285009955e-02 1.080277965158316367e-01 9.231730469285009955e-02 1.731360000000000121e-01 1.796144568352050497e-01 1.080277965158316367e-01 1.796144568352050497e-01 2.181560000000000166e-01
1.643360000000000098e-01 9.486400000000000388e-02 1.114960000000000118e-01 9.486400000000000388e-02 1.731360000000000121e-01 1.881039999999999657e-01 1.114960000000000118e-01 1.881039999999999934e-01 2.181560000000000166e-01
c: 
1.806000000000000050e+00
1.441999999999999948e+00
2.145999999999999908e+00
