CDF: 
4.699999999999999734e-01 5.799999999999999600e-01 7.299999999999999822e-01 1.000000000000000000e+00
5.000000000000000278e-02 5.000000000000000000e-01 6.199999999999999956e-01 1.000000000000000000e+00
2.000000000000000111e-01 6.500000000000000222e-01 6.800000000000000488e-01 1.000000000000000000e+00
sigma: 
1.783239999999999825e-01 1.734719423216578337e-03 3.377769898020580291e-03 1.734719423216578120e-03 1.827789999999999970e-01 4.568176827335691456e-03 3.377769898020579423e-03 4.568176827335691456e-03 1.873240000000000183e-01
1.783239999999999825e-01 1.564788772267348624e-02 1.189632764097417819e-02 1.564788772267348277e-02 1.827789999999999970e-01 1.580078248202351418e-02 1.189632764097417646e-02 1.580078248202351418e-02 1.873240000000000183e-01
1.783239999999999825e-01 2.000255543653279081e-02 2.403369686202588493e-02 2.000255543653278734e-02 1.827789999999999970e-01 2.042832925350804296e-02 2.403369686202588146e-02 2.042832925350804296e-02 1.873240000000000183e-01
1.783239999999999825e-01 2.948489089786593409e-02 2.981801150130678618e-02 2.948489089786593062e-02 1.827789999999999970e-01 3.276879889799444445e-02 2.981801150130677924e-02 3.276879889799444445e-02 1.873240000000000183e-01
1.783239999999999825e-01 3.653254369749563829e-02 3.918766760590952636e-02 3.653254369749563135e-02 1.827789999999999970e-01 3.960067499702574212e-02 3.918766760590951942e-02 3.960067499702574212e-02 1.873240000000000183e-01
1.783239999999999825e-01 4.878737067463145838e-02 5.230842778833706685e-02 4.878737067463144450e-02 1.827789999999999970e-01 4.509527738201959263e-02 5.230842778833705298e-02 4.509527738201959263e-02 1.873240000000000183e-01
1.783239999999999825e-01 5.359455084281648796e-02 5.491025019778728727e-02 5.359455084281648102e-02 1.827789999999999970e-01 5.540223885464810177e-02 5.491025019778728034e-02 5.540223885464810177e-02 1.873240000000000183e-01
1.783239999999999825e-01 6.300919620879211203e-02 6.280148964014893587e-02 6.300919620879209815e-02 1.827789999999999970e-01 6.153888232299906808e-02 6.280148964014892199e-02 6.153888232299906808e-02 1.873240000000000183e-01
1.783239999999999825e-01 7.151964704641777804e-02 7.239810486933224987e-02 7.151964704641776416e-02 1.827789999999999970e-01 7.035441500263825421e-02 7.239810486933223599e-02 7.035441500263825421e-02 1.873240000000000183e-01
1.783239999999999825e-01 7.571179129845551081e-02 8.250333028872604280e-02 7.571179129845549693e-02 1.827789999999999970e-01 8.123595779230177727e-02 8.250333028872602892e-02 8.123595779230177727e-02 1.873240000000000183e-01
1.783239999999999825e-01 8.955665812839240514e-02 9.065423275907825984e-02 8.955665812839239126e-02 1.827789999999999970e-01 9.452338196840563700e-02 9.065423275907824596e-02 9.452338196840563700e-02 1.873240000000000183e-01
1.783239999999999825e-01 9.826637937712702497e-02 1.036994723691265219e-01 9.826637937712701110e-02 1.827789999999999970e-01 1.010286884101136151e-01 1.036994723691265080e-01 1.010286884101136151e-01 1.873240000000000183e-01
1.783239999999999825e-01 1.087950996538636639e-01 1.111520861802715587e-01 1.087950996538636500e-01 1.827789999999999970e-01 1.052876944349442623e-01 1.111520861802715310e-01 1.052876944349442623e-01 1.873240000000000183e-01
1.783239999999999825e-01 1.163002032009178011e-01 1.196546956371126319e-01 1.163002032009177872e-01 1.827789999999999970e-01 1.160328656656483132e-01 1.196546956371126180e-01 1.160328656656483132e-01 1.873240000000000183e-01
1.783239999999999825e-01 1.234098532601083931e-01 1.250992425557415078e-01 1.234098532601083653e-01 1.827789999999999970e-01 1.282798475957832862e-01 1.250992425557414800e-01 1.282798475957832862e-01 1.873240000000000183e-01
1.783239999999999825e-01 1.265052521944271535e-01 1.399071324523276649e-01 1.265052521944271258e-01 1.827789999999999970e-01 1.360828238016776326e-01 1.399071324523276372e-01 1.360828238016776326e-01 1.873240000000000183e-01
1.783239999999999825e-01 1.340018961349157545e-01 1.456047475720037288e-01 1.340018961349157267e-01 1.827789999999999970e-01 1.441662290969339677e-01 1.456047475720037010e-01 1.441662290969339677e-01 1.873240000000000183e-01
1.783239999999999825e-01 1.506302788315456720e-01 1.596910837825068763e-01 1.506302788315456442e-01 1.827789999999999970e-01 1.515474514895029379e-01 1.596910837825068485e-01 1.515474514895029379e-01 1.873240000000000183e-01
1.783239999999999825e-01 1.588552699393326884e-01 1.653193994874334327e-01 1.588552699393326606e-01 1.827789999999999970e-01 1.658044269912100632e-01 1.653193994874334050e-01 1.658044269912100632e-01 1.873240000000000183e-01
1.783239999999999825e-01 1.590140000000000164e-01 1.689760000000000151e-01 1.590139999999999887e-01 1.827789999999999970e-01 1.661860000000000004e-01 1.689759999999999873e-01 1.661860000000000004e-01 1.873240000000000183e-01
c: 
1.701999999999999957e+00
2.912999999999999812e+00
1.663999999999999924e+00
