CDF: 
2.999999999999999889e-01 6.300000000000000044e-01 7.399999999999999911e-01 1.000000000000000000e+00
2.000000000000000111e-01 3.400000000000000244e-01 4.899999999999999911e-01 1.000000000000000000e+00
3.499999999999999778e-01 3.699999999999999956e-01 4.400000000000000022e-01 1.000000000000000000e+00
sigma: 
1.669239999999999613e-01 3.283106181621691256e-03 3.934718506513413920e-03 3.283106181621691256e-03 2.011390000000000122e-01 8.001815359737627503e-03 3.934718506513414787e-03 8.001815359737627503e-03 2.266110000000000069e-01
1.669239999999999613e-01 1.160913864037537054e-02 9.386963882851505347e-03 1.160913864037537054e-02 2.011390000000000122e-01 1.990847278686438612e-02 9.386963882851505347e-03 1.990847278686438959e-02 2.266110000000000069e-01
1.669239999999999613e-01 1.981454393925213137e-02 1.349044834360198751e-02 1.981454393925213137e-02 2.011390000000000122e-01 2.200633515194555870e-02 1.349044834360198925e-02 2.200633515194556217e-02 2.266110000000000069e-01
1.669239999999999613e-01 2.035720258460657975e-02 2.105490707814885315e-02 2.035720258460657975e-02 2.011390000000000122e-01 3.767361030669529043e-02 2.105490707814885662e-02 3.767361030669529043e-02 2.266110000000000069e-01
1.669239999999999613e-01 2.747126839807707485e-02 2.760502804332833071e-02 2.747126839807707485e-02 2.011390000000000122e-01 4.723576564804825295e-02 2.760502804332833418e-02 4.723576564804825989e-02 2.266110000000000069e-01
1.669239999999999613e-01 3.344095520848878317e-02 3.887173603261481064e-02 3.344095520848878317e-02 2.011390000000000122e-01 5.372419989745398639e-02 3.887173603261481758e-02 5.372419989745399332e-02 2.266110000000000069e-01
1.669239999999999613e-01 4.490066186127653070e-02 4.120978535207778237e-02 4.490066186127653070e-02 2.011390000000000122e-01 6.515638416518537701e-02 4.120978535207778237e-02 6.515638416518539089e-02 2.266110000000000069e-01
1.669239999999999613e-01 4.700245371086748253e-02 4.859493759059771434e-02 4.700245371086748253e-02 2.011390000000000122e-01 7.532527612661686633e-02 4.859493759059772128e-02 7.532527612661688021e-02 2.266110000000000069e-01
1.669239999999999613e-01 5.718861375958444321e-02 5.526933263732513452e-02 5.718861375958444321e-02 2.011390000000000122e-01 8.684345496049100666e-02 5.526933263732513452e-02 8.684345496049102053e-02 2.266110000000000069e-01
1.669239999999999613e-01 6.121869487040246943e-02 6.111165921621362213e-02 6.121869487040246943e-02 2.011390000000000122e-01 1.005031102606071536e-01 6.111165921621362906e-02 1.005031102606071675e-01 2.266110000000000069e-01
1.669239999999999613e-01 6.847749005635782316e-02 6.560612456746427179e-02 6.847749005635782316e-02 2.011390000000000122e-01 1.066210961948580310e-01 6.560612456746428567e-02 1.066210961948580449e-01 2.266110000000000069e-01
1.669239999999999613e-01 7.387589303374034189e-02 7.225618599090266603e-02 7.387589303374034189e-02 2.011390000000000122e-01 1.226874811305779384e-01 7.225618599090267991e-02 1.226874811305779522e-01 2.266110000000000069e-01
1.669239999999999613e-01 8.403429244157192834e-02 8.260981911149051227e-02 8.403429244157192834e-02 2.011390000000000122e-01 1.327370369338209122e-01 8.260981911149051227e-02 1.327370369338209399e-01 2.266110000000000069e-01
1.669239999999999613e-01 9.069832478590997282e-02 8.700424599832101702e-02 9.069832478590997282e-02 2.011390000000000122e-01 1.383762181235084210e-01 8.700424599832103090e-02 1.383762181235084487e-01 2.266110000000000069e-01
1.669239999999999613e-01 9.880220850814512568e-02 9.448004015631743246e-02 9.880220850814512568e-02 2.011390000000000122e-01 1.498086890592567333e-01 9.448004015631744634e-02 1.498086890592567610e-01 2.266110000000000069e-01
1.669239999999999613e-01 1.032958128956961014e-01 1.041842184430674667e-01 1.032958128956961014e-01 2.011390000000000122e-01 1.619305319698643997e-01 1.041842184430674667e-01 1.619305319698644274e-01 2.266110000000000069e-01
1.669239999999999613e-01 1.065280764011463238e-01 1.086818607216558930e-01 1.065280764011463238e-01 2.011390000000000122e-01 1.763042546106669273e-01 1.086818607216558930e-01 1.763042546106669550e-01 2.266110000000000069e-01
1.669239999999999613e-01 1.158058242233241941e-01 1.163740830435262691e-01 1.158058242233241941e-01 2.011390000000000122e-01 1.807130082277264849e-01 1.163740830435262830e-01 1.807130082277264849e-01 2.266110000000000069e-01
1.669239999999999613e-01 1.258408118637537876e-01 1.177906313459011478e-01 1.258408118637537876e-01 2.011390000000000122e-01 1.896491784974292383e-01 1.177906313459011617e-01 1.896491784974292660e-01 2.266110000000000069e-01
1.669239999999999613e-01 1.264060000000000183e-01 1.242420000000000052e-01 1.264060000000000183e-01 2.011390000000000122e-01 2.001730000000000176e-01 1.242420000000000191e-01 2.001730000000000453e-01 2.266110000000000069e-01
c: 
2.242999999999999883e+00
1.330000000000000071e+00
2.900999999999999801e+00
