CDF: 
2.800000000000000266e-01 2.899999999999999800e-01 5.300000000000000266e-01 1.000000000000000000e+00
8.000000000000000167e-02 2.000000000000000111e-01 5.500000000000000444e-01 1.000000000000000000e+00
5.999999999999999778e-02 2.700000000000000178e-01 4.199999999999999845e-01 1.000000000000000000e+00
sigma: 
1.861759999999999804e-01 3.240005669110929219e-03 4.638574753651951519e-04 3.240005669110930520e-03 1.338040000000000063e-01 2.444055505586755720e-03 4.638574753651951519e-04 2.444055505586755286e-03 1.472759999999999903e-01
1.861759999999999804e-01 1.520695533974933400e-02 1.436091102528830148e-02 1.520695533974933920e-02 1.338040000000000063e-01 7.816557744077709188e-03 1.436091102528830148e-02 7.816557744077709188e-03 1.472759999999999903e-01
1.861759999999999804e-01 2.022839460071116854e-02 1.796822111524525381e-02 2.022839460071117548e-02 1.338040000000000063e-01 1.451238992170251346e-02 1.796822111524525381e-02 1.451238992170251173e-02 1.472759999999999903e-01
1.861759999999999804e-01 2.655947047475948689e-02 3.088939929242029772e-02 2.655947047475949729e-02 1.338040000000000063e-01 2.451967876990462925e-02 3.088939929242029772e-02 2.451967876990462578e-02 1.472759999999999903e-01
1.861759999999999804e-01 3.666567229849827803e-02 3.596108540814498683e-02 3.666567229849829190e-02 1.338040000000000063e-01 2.594701112376199270e-02 3.596108540814498683e-02 2.594701112376198923e-02 1.472759999999999903e-01
1.861759999999999804e-01 4.584980159003977651e-02 3.963606872323072877e-02 4.584980159003979039e-02 1.338040000000000063e-01 3.529433948610976451e-02 3.963606872323072877e-02 3.529433948610976451e-02 1.472759999999999903e-01
1.861759999999999804e-01 5.457910052681709534e-02 4.956909624841859124e-02 5.457910052681711616e-02 1.338040000000000063e-01 3.748796734068561565e-02 4.956909624841859124e-02 3.748796734068560871e-02 1.472759999999999903e-01
1.861759999999999804e-01 5.792087090414831801e-02 6.160223535804775635e-02 5.792087090414833883e-02 1.338040000000000063e-01 4.418706507451545390e-02 6.160223535804775635e-02 4.418706507451544696e-02 1.472759999999999903e-01
1.861759999999999804e-01 6.806861804663649762e-02 6.951739710034983422e-02 6.806861804663652538e-02 1.338040000000000063e-01 5.185108963486798062e-02 6.951739710034983422e-02 5.185108963486798062e-02 1.472759999999999903e-01
1.861759999999999804e-01 7.405184684468955891e-02 7.394312069365413520e-02 7.405184684468958667e-02 1.338040000000000063e-01 5.868489049035559985e-02 7.394312069365413520e-02 5.868489049035559291e-02 1.472759999999999903e-01
1.861759999999999804e-01 8.555259005187773602e-02 8.018087368730283937e-02 8.555259005187776378e-02 1.338040000000000063e-01 6.704295090813122693e-02 8.018087368730283937e-02 6.704295090813121305e-02 1.472759999999999903e-01
1.861759999999999804e-01 8.740770145328045915e-02 8.837586055310049649e-02 8.740770145328050078e-02 1.338040000000000063e-01 7.395600627944252936e-02 8.837586055310049649e-02 7.395600627944251548e-02 1.472759999999999903e-01
1.861759999999999804e-01 9.851119962052551360e-02 9.896084686021215659e-02 9.851119962052555523e-02 1.338040000000000063e-01 7.518433002525225228e-02 9.896084686021215659e-02 7.518433002525223841e-02 1.472759999999999903e-01
1.861759999999999804e-01 1.049397676761236464e-01 1.090407957279126289e-01 1.049397676761236742e-01 1.338040000000000063e-01 8.070215289544392656e-02 1.090407957279126289e-01 8.070215289544392656e-02 1.472759999999999903e-01
1.861759999999999804e-01 1.095274647546050917e-01 1.130002680691752776e-01 1.095274647546051333e-01 1.338040000000000063e-01 8.906230840233793355e-02 1.130002680691752776e-01 8.906230840233791968e-02 1.472759999999999903e-01
1.861759999999999804e-01 1.243244648742880820e-01 1.172378852600536175e-01 1.243244648742881237e-01 1.338040000000000063e-01 9.848884092289209025e-02 1.172378852600536175e-01 9.848884092289207637e-02 1.472759999999999903e-01
1.861759999999999804e-01 1.257079791050476625e-01 1.295576298491571687e-01 1.257079791050477180e-01 1.338040000000000063e-01 1.001782299197701981e-01 1.295576298491571687e-01 1.001782299197701842e-01 1.472759999999999903e-01
1.861759999999999804e-01 1.384099823137957264e-01 1.335353024434321745e-01 1.384099823137957819e-01 1.338040000000000063e-01 1.069030913015957401e-01 1.335353024434321745e-01 1.069030913015957263e-01 1.472759999999999903e-01
1.861759999999999804e-01 1.419163973665172052e-01 1.456044582866032888e-01 1.419163973665172607e-01 1.338040000000000063e-01 1.165578415145946678e-01 1.456044582866032888e-01 1.165578415145946539e-01 1.472759999999999903e-01
1.861759999999999804e-01 1.484479999999999689e-01 1.482239999999999946e-01 1.484480000000000244e-01 1.338040000000000063e-01 1.176520000000000066e-01 1.482239999999999946e-01 1.176519999999999927e-01 1.472759999999999903e-01
c: 
2.532000000000000028e+00
1.717000000000000082e+00
2.733999999999999986e+00
