CDF: 
3.200000000000000067e-01 5.799999999999999600e-01 7.900000000000000355e-01 1.000000000000000000e+00
2.800000000000000266e-01 8.499999999999999778e-01 9.000000000000000222e-01 1.000000000000000000e+00
5.000000000000000000e-01 5.100000000000000089e-01 6.600000000000000311e-01 1.000000000000000000e+00
sigma: 
1.342839999999999867e-01 1.461635312493849564e-03 6.768667499437350764e-04 1.461635312493849564e-03 7.604400000000000048e-02 2.700142924289769281e-04 6.768667499437351848e-04 2.700142924289769281e-04 2.027960000000000040e-01
1.342839999999999867e-01 4.348861906460897535e-03 1.301627828520842203e-02 4.348861906460897535e-03 7.604400000000000048e-02 4.512310126788784612e-03 1.301627828520842377e-02 4.512310126788784612e-03 2.027960000000000040e-01
1.342839999999999867e-01 9.810572794787293313e-03 1.732675580653382855e-02 9.810572794787293313e-03 7.604400000000000048e-02 9.418102192310186249e-03 1.732675580653383202e-02 9.418102192310186249e-03 2.027960000000000040e-01
1.342839999999999867e-01 1.559215014135361191e-02 2.618540324517739520e-02 1.559215014135361191e-02 7.604400000000000048e-02 1.400884501203848199e-02 2.618540324517739867e-02 1.400884501203848199e-02 2.027960000000000040e-01
1.342839999999999867e-01 2.015348537580847685e-02 3.682798363525196378e-02 2.015348537580847685e-02 7.604400000000000048e-02 1.837570161696946286e-02 3.682798363525197072e-02 1.837570161696946286e-02 2.027960000000000040e-01
1.342839999999999867e-01 2.134251646020153201e-02 3.829089313702697950e-02 2.134251646020153201e-02 7.604400000000000048e-02 2.010553719911133824e-02 3.829089313702698644e-02 2.010553719911133824e-02 2.027960000000000040e-01
1.342839999999999867e-01 2.557524939991942872e-02 4.790339040937823673e-02 2.557524939991942872e-02 7.604400000000000048e-02 2.777199522039804427e-02 4.790339040937824366e-02 2.777199522039804427e-02 2.027960000000000040e-01
1.342839999999999867e-01 3.139577889261593174e-02 5.813998876463457449e-02 3.139577889261593174e-02 7.604400000000000048e-02 3.052179982152579754e-02 5.813998876463458837e-02 3.052179982152579754e-02 2.027960000000000040e-01
1.342839999999999867e-01 3.496704431075725594e-02 6.008972556429693218e-02 3.496704431075725594e-02 7.604400000000000048e-02 3.595892074352854961e-02 6.008972556429694606e-02 3.595892074352854961e-02 2.027960000000000040e-01
1.342839999999999867e-01 3.982082356892523850e-02 7.172724442587437299e-02 3.982082356892523850e-02 7.604400000000000048e-02 3.676463189368096157e-02 7.172724442587438687e-02 3.676463189368096157e-02 2.027960000000000040e-01
1.342839999999999867e-01 4.152773648363140835e-02 7.699831024113698574e-02 4.152773648363140835e-02 7.604400000000000048e-02 4.105431178632624328e-02 7.699831024113699962e-02 4.105431178632624328e-02 2.027960000000000040e-01
1.342839999999999867e-01 4.699543315924227527e-02 8.221523271911046482e-02 4.699543315924227527e-02 7.604400000000000048e-02 4.600868127990005718e-02 8.221523271911047870e-02 4.600868127990005718e-02 2.027960000000000040e-01
1.342839999999999867e-01 4.985349011229867761e-02 9.579938002184656964e-02 4.985349011229867761e-02 7.604400000000000048e-02 5.208147751608959569e-02 9.579938002184658352e-02 5.208147751608959569e-02 2.027960000000000040e-01
1.342839999999999867e-01 5.373507469588719582e-02 1.017813446755931051e-01 5.373507469588719582e-02 7.604400000000000048e-02 5.412329858297619534e-02 1.017813446755931189e-01 5.412329858297619534e-02 2.027960000000000040e-01
1.342839999999999867e-01 5.889683199800979652e-02 1.049851612743398083e-01 5.889683199800979652e-02 7.604400000000000048e-02 5.923486768687211829e-02 1.049851612743398221e-01 5.923486768687211829e-02 2.027960000000000040e-01
1.342839999999999867e-01 6.261828566840463295e-02 1.173141349219571639e-01 6.261828566840463295e-02 7.604400000000000048e-02 6.409391687771812118e-02 1.173141349219571777e-01 6.409391687771812118e-02 2.027960000000000040e-01
1.342839999999999867e-01 6.986107485670287054e-02 1.267771111371492621e-01 6.986107485670287054e-02 7.604400000000000048e-02 6.801136558726485204e-02 1.267771111371492898e-01 6.801136558726485204e-02 2.027960000000000040e-01
1.342839999999999867e-01 7.033316731073660510e-02 1.292438127634855938e-01 7.033316731073660510e-02 7.604400000000000048e-02 7.053367687871130165e-02 1.292438127634856215e-01 7.053367687871130165e-02 2.027960000000000040e-01
1.342839999999999867e-01 7.614075423030970680e-02 1.344630807941313566e-01 7.614075423030970680e-02 7.604400000000000048e-02 7.393005826506994504e-02 1.344630807941313844e-01 7.393005826506994504e-02 2.027960000000000040e-01
1.342839999999999867e-01 7.823599999999999999e-02 1.417080000000000006e-01 7.823599999999999999e-02 7.604400000000000048e-02 7.633200000000001095e-02 1.417080000000000284e-01 7.633200000000001095e-02 2.027960000000000040e-01
c: 
2.068999999999999950e+00
1.356999999999999984e+00
2.988999999999999879e+00
