CDF: 
3.599999999999999867e-01 4.699999999999999734e-01 7.800000000000000266e-01 1.000000000000000000e+00
1.700000000000000122e-01 3.699999999999999956e-01 5.000000000000000000e-01 1.000000000000000000e+00
1.900000000000000022e-01 5.600000000000000533e-01 6.999999999999999556e-01 1.000000000000000000e+00
sigma: 
1.400440000000000018e-01 1.841633884464596253e-03 1.337304830458209892e-04 1.841633884464596686e-03 1.783359999999999945e-01 4.104375937747493756e-03 1.337304830458209892e-04 4.104375937747493756e-03 1.523000000000000187e-01
1.400440000000000018e-01 1.164224826519376192e-02 7.332535718513454731e-03 1.164224826519376366e-02 1.783359999999999945e-01 9.881626474941744911e-03 7.332535718513454731e-03 9.881626474941744911e-03 1.523000000000000187e-01
1.400440000000000018e-01 1.917114557883973711e-02 1.715099460256395633e-02 1.917114557883974404e-02 1.783359999999999945e-01 1.637386950828908713e-02 1.715099460256395633e-02 1.637386950828908713e-02 1.523000000000000187e-01
1.400440000000000018e-01 2.495459677507847612e-02 2.484964322459203012e-02 2.495459677507847959e-02 1.783359999999999945e-01 2.134915778663751262e-02 2.484964322459203012e-02 2.134915778663751262e-02 1.523000000000000187e-01
1.400440000000000018e-01 2.751425639766727493e-02 2.835207335110035906e-02 2.751425639766727840e-02 1.783359999999999945e-01 2.832238526239571827e-02 2.835207335110035906e-02 2.832238526239571827e-02 1.523000000000000187e-01
1.400440000000000018e-01 3.681790874267095587e-02 3.613235857859721512e-02 3.681790874267096281e-02 1.783359999999999945e-01 3.458328281198928822e-02 3.613235857859721512e-02 3.458328281198928822e-02 1.523000000000000187e-01
1.400440000000000018e-01 4.105754968952388811e-02 4.410639951684268423e-02 4.105754968952390199e-02 1.783359999999999945e-01 4.194595200291136028e-02 4.410639951684268423e-02 4.194595200291136028e-02 1.523000000000000187e-01
1.400440000000000018e-01 4.908487280051278961e-02 5.079925405278774148e-02 4.908487280051279655e-02 1.783359999999999945e-01 5.366612489685177595e-02 5.079925405278774148e-02 5.366612489685177595e-02 1.523000000000000187e-01
1.400440000000000018e-01 5.747920976322810210e-02 5.935060034311637894e-02 5.747920976322811598e-02 1.783359999999999945e-01 5.960105090728346627e-02 5.935060034311637894e-02 5.960105090728346627e-02 1.523000000000000187e-01
1.400440000000000018e-01 6.114667551994142081e-02 6.681645573483888101e-02 6.114667551994143468e-02 1.783359999999999945e-01 6.383534635790376333e-02 6.681645573483888101e-02 6.383534635790376333e-02 1.523000000000000187e-01
1.400440000000000018e-01 7.121803209687628533e-02 6.825909854585024417e-02 7.121803209687629921e-02 1.783359999999999945e-01 7.531498163193378614e-02 6.825909854585024417e-02 7.531498163193378614e-02 1.523000000000000187e-01
1.400440000000000018e-01 7.769926810618835167e-02 7.998846646307786190e-02 7.769926810618836555e-02 1.783359999999999945e-01 8.084580047457319563e-02 7.998846646307786190e-02 8.084580047457319563e-02 1.523000000000000187e-01
1.400440000000000018e-01 8.304563790271184132e-02 8.297532544996318038e-02 8.304563790271186907e-02 1.783359999999999945e-01 8.606290321370241303e-02 8.297532544996318038e-02 8.606290321370241303e-02 1.523000000000000187e-01
1.400440000000000018e-01 9.106564366463791582e-02 9.301007879937336909e-02 9.106564366463794358e-02 1.783359999999999945e-01 9.421031051023873171e-02 9.301007879937336909e-02 9.421031051023873171e-02 1.523000000000000187e-01
1.400440000000000018e-01 9.787952383754806862e-02 9.770657812932534436e-02 9.787952383754809638e-02 1.783359999999999945e-01 9.845129996986569376e-02 9.770657812932534436e-02 9.845129996986569376e-02 1.523000000000000187e-01
1.400440000000000018e-01 1.020182471977403027e-01 1.066017731214247283e-01 1.020182471977403305e-01 1.783359999999999945e-01 1.073721188833450108e-01 1.066017731214247283e-01 1.073721188833450108e-01 1.523000000000000187e-01
1.400440000000000018e-01 1.134139655303300076e-01 1.093325660195535454e-01 1.134139655303300215e-01 1.783359999999999945e-01 1.145971029847376865e-01 1.093325660195535454e-01 1.145971029847376865e-01 1.523000000000000187e-01
1.400440000000000018e-01 1.187137213534438379e-01 1.180423138401658495e-01 1.187137213534438657e-01 1.783359999999999945e-01 1.205785460685891569e-01 1.180423138401658495e-01 1.205785460685891569e-01 1.523000000000000187e-01
1.400440000000000018e-01 1.263744332792476888e-01 1.235427531349261032e-01 1.263744332792477165e-01 1.783359999999999945e-01 1.293485174403871951e-01 1.235427531349261032e-01 1.293485174403871951e-01 1.523000000000000187e-01
1.400440000000000018e-01 1.285279999999999756e-01 1.286200000000000121e-01 1.285280000000000034e-01 1.783359999999999945e-01 1.310400000000000176e-01 1.286200000000000121e-01 1.310400000000000176e-01 1.523000000000000187e-01
c: 
2.415999999999999925e+00
2.306000000000000050e+00
1.139999999999999902e+00
