CDF: 
2.399999999999999911e-01 4.000000000000000222e-01 6.999999999999999556e-01 1.000000000000000000e+00
3.499999999999999778e-01 6.500000000000000222e-01 7.500000000000000000e-01 1.000000000000000000e+00
1.799999999999999933e-01 2.000000000000000111e-01 7.600000000000000089e-01 1.000000000000000000e+00
sigma: 
1.500959999999999794e-01 6.247585133121747077e-03 3.769940573557149094e-03 6.247585133121747944e-03 1.554999999999999716e-01 1.758818174946115203e-03 3.769940573557149961e-03 1.758818174946115203e-03 1.113760000000000028e-01
1.500959999999999794e-01 1.179322906610647849e-02 9.216736014714222575e-03 1.179322906610648196e-02 1.554999999999999716e-01 8.556229759145786429e-03 9.216736014714224309e-03 8.556229759145786429e-03 1.113760000000000028e-01
1.500959999999999794e-01 1.825944678015885628e-02 1.635828563484596071e-02 1.825944678015885975e-02 1.554999999999999716e-01 1.488255083282010241e-02 1.635828563484596418e-02 1.488255083282010241e-02 1.113760000000000028e-01
1.500959999999999794e-01 2.344918201547746203e-02 2.343612401209612534e-02 2.344918201547746897e-02 1.554999999999999716e-01 2.496430715763376870e-02 2.343612401209613227e-02 2.496430715763376870e-02 1.113760000000000028e-01
1.500959999999999794e-01 3.719494629209661035e-02 2.867341239646707673e-02 3.719494629209661729e-02 1.554999999999999716e-01 3.140861136106561091e-02 2.867341239646708367e-02 3.140861136106561091e-02 1.113760000000000028e-01
1.500959999999999794e-01 4.059700088247208960e-02 3.175551271584518831e-02 4.059700088247209654e-02 1.554999999999999716e-01 3.560589981489026973e-02 3.175551271584520219e-02 3.560589981489026973e-02 1.113760000000000028e-01
1.500959999999999794e-01 4.698820702210365630e-02 4.023872105831664825e-02 4.698820702210366324e-02 1.554999999999999716e-01 4.368532749456291442e-02 4.023872105831665519e-02 4.368532749456291442e-02 1.113760000000000028e-01
1.500959999999999794e-01 5.406809632235887869e-02 4.497471579538856595e-02 5.406809632235889257e-02 1.554999999999999716e-01 4.940396621019699924e-02 4.497471579538857983e-02 4.940396621019699924e-02 1.113760000000000028e-01
1.500959999999999794e-01 6.353424259268364294e-02 5.271693757244206441e-02 6.353424259268365681e-02 1.554999999999999716e-01 5.502421301724600561e-02 5.271693757244207829e-02 5.502421301724600561e-02 1.113760000000000028e-01
1.500959999999999794e-01 7.420329236018438634e-02 5.498371429226878854e-02 7.420329236018440022e-02 1.554999999999999716e-01 6.146072234479312002e-02 5.498371429226880241e-02 6.146072234479312002e-02 1.113760000000000028e-01
1.500959999999999794e-01 8.120808426637499133e-02 6.525747494244259206e-02 8.120808426637500521e-02 1.554999999999999716e-01 6.781700324001792290e-02 6.525747494244260594e-02 6.781700324001792290e-02 1.113760000000000028e-01
1.500959999999999794e-01 8.318445385015821314e-02 7.126692134834410053e-02 8.318445385015824090e-02 1.554999999999999716e-01 7.580733837677017251e-02 7.126692134834411441e-02 7.580733837677017251e-02 1.113760000000000028e-01
1.500959999999999794e-01 9.048517645545810228e-02 7.270587185170188094e-02 9.048517645545811616e-02 1.554999999999999716e-01 8.068161436638798811e-02 7.270587185170190869e-02 8.068161436638798811e-02 1.113760000000000028e-01
1.500959999999999794e-01 1.012678996074408283e-01 8.291047786300628775e-02 1.012678996074408422e-01 1.554999999999999716e-01 8.333837653470391182e-02 8.291047786300631550e-02 8.333837653470391182e-02 1.113760000000000028e-01
1.500959999999999794e-01 1.111252808346057525e-01 8.463340344148642669e-02 1.111252808346057663e-01 1.554999999999999716e-01 9.356540376063124387e-02 8.463340344148645444e-02 9.356540376063124387e-02 1.113760000000000028e-01
1.500959999999999794e-01 1.147334059857186422e-01 9.084659284705273730e-02 1.147334059857186561e-01 1.554999999999999716e-01 9.627408247649912876e-02 9.084659284705275117e-02 9.627408247649912876e-02 1.113760000000000028e-01
1.500959999999999794e-01 1.267351280934735092e-01 9.737078956646877392e-02 1.267351280934735369e-01 1.554999999999999716e-01 1.053246286647898933e-01 9.737078956646880168e-02 1.053246286647898933e-01 1.113760000000000028e-01
1.500959999999999794e-01 1.280737666303674027e-01 1.042914872655196501e-01 1.280737666303674305e-01 1.554999999999999716e-01 1.138003581880133452e-01 1.042914872655196779e-01 1.138003581880133452e-01 1.113760000000000028e-01
1.500959999999999794e-01 1.349551547427692288e-01 1.102094833630903742e-01 1.349551547427692566e-01 1.554999999999999716e-01 1.152514426279837301e-01 1.102094833630904019e-01 1.152514426279837301e-01 1.113760000000000028e-01
1.500959999999999794e-01 1.417999999999999816e-01 1.132639999999999758e-01 1.418000000000000094e-01 1.554999999999999716e-01 1.202000000000000013e-01 1.132640000000000036e-01 1.202000000000000013e-01 1.113760000000000028e-01
c: 
1.772999999999999909e+00
1.987000000000000099e+00
1.122999999999999998e+00
