CDF: 
4.000000000000000222e-01 7.500000000000000000e-01 8.000000000000000444e-01 1.000000000000000000e+00
3.599999999999999867e-01 6.700000000000000400e-01 7.900000000000000355e-01 1.000000000000000000e+00
2.999999999999999889e-01 4.699999999999999734e-01 7.800000000000000266e-01 1.000000000000000000e+00
sigma: 
1.378999999999999670e-01 3.823246915217357392e-03 6.284849904396552778e-03 3.823246915217357392e-03 1.391999999999999904e-01 6.211590241234282023e-03 6.284849904396552778e-03 6.211590241234282890e-03 1.335159999999999958e-01
1.378999999999999670e-01 1.045925276933040195e-02 8.752861534945581556e-03 1.045925276933040195e-02 1.391999999999999904e-01 1.185831721994154778e-02 8.752861534945581556e-03 1.185831721994155125e-02 1.335159999999999958e-01
1.378999999999999670e-01 1.999814628915919101e-02 1.510667775866984808e-02 1.999814628915919101e-02 1.391999999999999904e-01 1.647888162483639521e-02 1.510667775866984808e-02 1.647888162483639868e-02 1.335159999999999958e-01
1.378999999999999670e-01 2.486266056561357504e-02 2.276192178598149957e-02 2.486266056561357504e-02 1.391999999999999904e-01 2.394380555201867933e-02 2.276192178598149957e-02 2.394380555201868280e-02 1.335159999999999958e-01
1.378999999999999670e-01 3.528920134410778314e-02 3.279743666917359080e-02 3.528920134410778314e-02 1.391999999999999904e-01 2.865566239325544051e-02 3.279743666917359080e-02 2.865566239325544745e-02 1.335159999999999958e-01
1.378999999999999670e-01 4.160469842380728339e-02 3.496905533122750959e-02 4.160469842380728339e-02 1.391999999999999904e-01 3.669687855642769087e-02 3.496905533122750959e-02 3.669687855642769780e-02 1.335159999999999958e-01
1.378999999999999670e-01 4.813389971441862925e-02 4.331255974298678368e-02 4.813389971441862925e-02 1.391999999999999904e-01 4.150097426937641998e-02 4.331255974298678368e-02 4.150097426937642692e-02 1.335159999999999958e-01
1.378999999999999670e-01 5.516680585907585838e-02 4.879125769661751127e-02 5.516680585907585838e-02 1.391999999999999904e-01 5.396314770674769806e-02 4.879125769661751127e-02 5.396314770674771194e-02 1.335159999999999958e-01
1.378999999999999670e-01 6.122262610215680606e-02 5.994189679805299320e-02 6.122262610215680606e-02 1.391999999999999904e-01 5.655948989001541999e-02 5.994189679805299320e-02 5.655948989001542693e-02 1.335159999999999958e-01
1.378999999999999670e-01 6.987431929766632632e-02 6.290143236125887716e-02 6.987431929766632632e-02 1.391999999999999904e-01 6.728772089796120071e-02 6.290143236125887716e-02 6.728772089796121458e-02 1.335159999999999958e-01
1.378999999999999670e-01 7.276000058991725916e-02 7.157520701614653036e-02 7.276000058991725916e-02 1.391999999999999904e-01 6.911860283680860972e-02 7.157520701614653036e-02 6.911860283680862360e-02 1.335159999999999958e-01
1.378999999999999670e-01 8.421561611979785922e-02 7.816249816324108424e-02 8.421561611979785922e-02 1.391999999999999904e-01 7.787185356579476303e-02 7.816249816324108424e-02 7.787185356579477691e-02 1.335159999999999958e-01
1.378999999999999670e-01 9.116577832404970660e-02 8.278552243024210611e-02 9.116577832404970660e-02 1.391999999999999904e-01 8.733769663716881015e-02 8.278552243024210611e-02 8.733769663716883791e-02 1.335159999999999958e-01
1.378999999999999670e-01 9.855826944488606245e-02 9.302891409085652097e-02 9.855826944488606245e-02 1.391999999999999904e-01 9.531016015269223873e-02 9.302891409085652097e-02 9.531016015269226649e-02 1.335159999999999958e-01
1.378999999999999670e-01 1.050060889241597600e-01 9.488942796359751963e-02 1.050060889241597600e-01 1.391999999999999904e-01 9.901814938507075281e-02 9.488942796359751963e-02 9.901814938507078057e-02 1.335159999999999958e-01
1.378999999999999670e-01 1.069113596680716510e-01 1.057221350765046308e-01 1.069113596680716510e-01 1.391999999999999904e-01 1.091161983328894081e-01 1.057221350765046308e-01 1.091161983328894219e-01 1.335159999999999958e-01
1.378999999999999670e-01 1.183086210705395630e-01 1.127541660752814090e-01 1.183086210705395630e-01 1.391999999999999904e-01 1.118897717247667595e-01 1.127541660752814090e-01 1.118897717247667872e-01 1.335159999999999958e-01
1.378999999999999670e-01 1.215246822538201960e-01 1.183690278788166461e-01 1.215246822538201960e-01 1.391999999999999904e-01 1.228048012354845259e-01 1.183690278788166461e-01 1.228048012354845536e-01 1.335159999999999958e-01
1.378999999999999670e-01 1.314941141611967179e-01 1.277505231279902620e-01 1.314941141611967179e-01 1.391999999999999904e-01 1.243123145005672059e-01 1.277505231279902620e-01 1.243123145005672336e-01 1.335159999999999958e-01
1.378999999999999670e-01 1.347999999999999754e-01 1.283799999999999941e-01 1.347999999999999754e-01 1.391999999999999904e-01 1.310399999999999898e-01 1.283799999999999941e-01 1.310400000000000176e-01 1.335159999999999958e-01
c: 
1.550000000000000044e+00
2.107000000000000206e+00
1.457000000000000073e+00
