CDF: 
1.400000000000000133e-01 3.900000000000000133e-01 4.600000000000000200e-01 1.000000000000000000e+00
1.499999999999999944e-01 4.099999999999999756e-01 4.400000000000000022e-01 1.000000000000000000e+00
2.399999999999999911e-01 4.500000000000000111e-01 6.199999999999999956e-01 1.000000000000000000e+00
sigma: 
1.792760000000000187e-01 5.410429151458895358e-03 2.577991177106340841e-03 5.410429151458895358e-03 1.858240000000000169e-01 1.697103961893923390e-03 2.577991177106340841e-03 1.697103961893922956e-03 1.754999999999999893e-01
1.792760000000000187e-01 1.568732614303457867e-02 1.279990915373170439e-02 1.568732614303457867e-02 1.858240000000000169e-01 1.091200303212768244e-02 1.279990915373170439e-02 1.091200303212768070e-02 1.754999999999999893e-01
1.792760000000000187e-01 2.170579871505657135e-02 1.797244788288790418e-02 2.170579871505657135e-02 1.858240000000000169e-01 2.206047277526897166e-02 1.797244788288790418e-02 2.206047277526896472e-02 1.754999999999999893e-01
1.792760000000000187e-01 3.277002394486719372e-02 3.081950786199691428e-02 3.277002394486719372e-02 1.858240000000000169e-01 2.834706966369935147e-02 3.081950786199691428e-02 2.834706966369934453e-02 1.754999999999999893e-01
1.792760000000000187e-01 4.684539099387444172e-02 4.009143702382043928e-02 4.684539099387444172e-02 1.858240000000000169e-01 3.372745486412095928e-02 4.009143702382043928e-02 3.372745486412095234e-02 1.754999999999999893e-01
1.792760000000000187e-01 5.316250213085086523e-02 4.241250292527096871e-02 5.316250213085086523e-02 1.858240000000000169e-01 4.056654848864876123e-02 4.241250292527096871e-02 4.056654848864875429e-02 1.754999999999999893e-01
1.792760000000000187e-01 6.357647115459726106e-02 5.524917206758552662e-02 6.357647115459726106e-02 1.858240000000000169e-01 5.034115390519038752e-02 5.524917206758552662e-02 5.034115390519038058e-02 1.754999999999999893e-01
1.792760000000000187e-01 7.339141619295705410e-02 6.183765571862682997e-02 7.339141619295705410e-02 1.858240000000000169e-01 6.087400172432575612e-02 6.183765571862682997e-02 6.087400172432574919e-02 1.754999999999999893e-01
1.792760000000000187e-01 7.551469090983319032e-02 6.617356017803135981e-02 7.551469090983319032e-02 1.858240000000000169e-01 6.925899271123776846e-02 6.617356017803135981e-02 6.925899271123775458e-02 1.754999999999999893e-01
1.792760000000000187e-01 8.824175571416621733e-02 7.951626824561809637e-02 8.824175571416621733e-02 1.858240000000000169e-01 7.675426622947637001e-02 7.951626824561809637e-02 7.675426622947635613e-02 1.754999999999999893e-01
1.792760000000000187e-01 1.022678960844168317e-01 8.494447998975225567e-02 1.022678960844168317e-01 1.858240000000000169e-01 8.346760387419210891e-02 8.494447998975225567e-02 8.346760387419209504e-02 1.754999999999999893e-01
1.792760000000000187e-01 1.037455002723416814e-01 8.947926293024481559e-02 1.037455002723416814e-01 1.858240000000000169e-01 9.134928671143549561e-02 8.947926293024481559e-02 9.134928671143548173e-02 1.754999999999999893e-01
1.792760000000000187e-01 1.158031249508741645e-01 9.844347642432324519e-02 1.158031249508741645e-01 1.858240000000000169e-01 1.039792288331705256e-01 9.844347642432324519e-02 1.039792288331705117e-01 1.754999999999999893e-01
1.792760000000000187e-01 1.252861465309615674e-01 1.123084575146965913e-01 1.252861465309615674e-01 1.858240000000000169e-01 1.123693602547943954e-01 1.123084575146965913e-01 1.123693602547943676e-01 1.754999999999999893e-01
1.792760000000000187e-01 1.391250823346145415e-01 1.196421967211985932e-01 1.391250823346145415e-01 1.858240000000000169e-01 1.144699093726071204e-01 1.196421967211985932e-01 1.144699093726071065e-01 1.754999999999999893e-01
1.792760000000000187e-01 1.493755992220853202e-01 1.219034779404004343e-01 1.493755992220853202e-01 1.858240000000000169e-01 1.264012003033945786e-01 1.219034779404004343e-01 1.264012003033945508e-01 1.754999999999999893e-01
1.792760000000000187e-01 1.519658324900852453e-01 1.337604589031394786e-01 1.519658324900852453e-01 1.858240000000000169e-01 1.337163322876488702e-01 1.337604589031394786e-01 1.337163322876488425e-01 1.754999999999999893e-01
1.792760000000000187e-01 1.647803921077623523e-01 1.375760312341608171e-01 1.647803921077623523e-01 1.858240000000000169e-01 1.438982990457884914e-01 1.375760312341608171e-01 1.438982990457884636e-01 1.754999999999999893e-01
1.792760000000000187e-01 1.760614156175696332e-01 1.477497263827774188e-01 1.760614156175696332e-01 1.858240000000000169e-01 1.479944802740959520e-01 1.477497263827774188e-01 1.479944802740959242e-01 1.754999999999999893e-01
1.792760000000000187e-01 1.783679999999999988e-01 1.535799999999999943e-01 1.783679999999999988e-01 1.858240000000000169e-01 1.534400000000000208e-01 1.535799999999999943e-01 1.534399999999999931e-01 1.754999999999999893e-01
c: 
1.689999999999999947e+00
2.673000000000000043e+00
2.490000000000000213e+00
