CDF: 
1.799999999999999933e-01 7.099999999999999645e-01 8.000000000000000444e-01 1.000000000000000000e+00
1.499999999999999944e-01 2.200000000000000011e-01 3.400000000000000244e-01 1.000000000000000000e+00
3.599999999999999867e-01 4.699999999999999734e-01 4.799999999999999822e-01 1.000000000000000000e+00
sigma: 
1.349999999999999811e-01 1.747871414472914123e-03 5.239856892413931148e-03 1.747871414472914123e-03 1.772910000000000041e-01 2.240760250203191993e-03 5.239856892413931148e-03 2.240760250203192427e-03 2.368439999999999990e-01
1.349999999999999811e-01 7.483610716590558508e-03 6.868774224901837838e-03 7.483610716590558508e-03 1.772910000000000041e-01 1.061888007156638544e-02 6.868774224901837838e-03 1.061888007156638718e-02 2.368439999999999990e-01
1.349999999999999811e-01 9.081038261595205177e-03 1.376320005608821714e-02 9.081038261595205177e-03 1.772910000000000041e-01 1.694885445647454497e-02 1.376320005608821714e-02 1.694885445647454844e-02 2.368439999999999990e-01
1.349999999999999811e-01 1.484629717463765118e-02 2.043831082685496070e-02 1.484629717463765118e-02 1.772910000000000041e-01 3.204375369689466124e-02 2.043831082685496070e-02 3.204375369689466818e-02 2.368439999999999990e-01
1.349999999999999811e-01 1.664435730675949132e-02 2.230757952844952818e-02 1.664435730675949132e-02 1.772910000000000041e-01 3.533858865676670763e-02 2.230757952844952818e-02 3.533858865676671457e-02 2.368439999999999990e-01
1.349999999999999811e-01 1.966434636210302039e-02 2.804263309824066991e-02 1.966434636210302039e-02 1.772910000000000041e-01 4.617491784135672322e-02 2.804263309824066991e-02 4.617491784135673710e-02 2.368439999999999990e-01
1.349999999999999811e-01 2.542367065761006947e-02 3.222214414647212033e-02 2.542367065761006947e-02 1.772910000000000041e-01 5.311987306069999859e-02 3.222214414647212033e-02 5.311987306070001247e-02 2.368439999999999990e-01
1.349999999999999811e-01 2.981549590854121537e-02 3.993266920365411143e-02 2.981549590854121537e-02 1.772910000000000041e-01 6.406008344182131942e-02 3.993266920365411143e-02 6.406008344182133329e-02 2.368439999999999990e-01
1.349999999999999811e-01 3.176360821719528826e-02 4.731308307834248411e-02 3.176360821719528826e-02 1.772910000000000041e-01 7.050527302339792968e-02 4.731308307834248411e-02 7.050527302339792968e-02 2.368439999999999990e-01
1.349999999999999811e-01 3.481290788578690620e-02 5.258047220972206226e-02 3.481290788578690620e-02 1.772910000000000041e-01 7.737561052811221807e-02 5.258047220972206226e-02 7.737561052811223195e-02 2.368439999999999990e-01
1.349999999999999811e-01 4.084670183328144299e-02 5.481281153212370916e-02 4.084670183328144299e-02 1.772910000000000041e-01 9.166859759173717759e-02 5.481281153212370916e-02 9.166859759173719147e-02 2.368439999999999990e-01
1.349999999999999811e-01 4.377081309120151031e-02 6.385637334576003965e-02 4.377081309120151031e-02 1.772910000000000041e-01 9.500610041475590628e-02 6.385637334576003965e-02 9.500610041475592016e-02 2.368439999999999990e-01
1.349999999999999811e-01 4.618093115511952979e-02 6.653165778513749073e-02 4.618093115511952979e-02 1.772910000000000041e-01 1.022149108382904154e-01 6.653165778513749073e-02 1.022149108382904292e-01 2.368439999999999990e-01
1.349999999999999811e-01 5.075486854648481039e-02 7.294404881203786495e-02 5.075486854648481039e-02 1.772910000000000041e-01 1.092362194887180893e-01 7.294404881203786495e-02 1.092362194887181032e-01 2.368439999999999990e-01
1.349999999999999811e-01 5.459959066993615856e-02 7.888744462322870576e-02 5.459959066993615856e-02 1.772910000000000041e-01 1.225406638178340030e-01 7.888744462322870576e-02 1.225406638178340307e-01 2.368439999999999990e-01
1.349999999999999811e-01 5.664923667230593179e-02 8.216950455361889116e-02 5.664923667230593179e-02 1.772910000000000041e-01 1.264576173914286061e-01 8.216950455361889116e-02 1.264576173914286339e-01 2.368439999999999990e-01
1.349999999999999811e-01 6.084930830925176781e-02 8.976342450588026267e-02 6.084930830925176781e-02 1.772910000000000041e-01 1.353380351300313145e-01 8.976342450588026267e-02 1.353380351300313145e-01 2.368439999999999990e-01
1.349999999999999811e-01 6.614630828498632709e-02 9.434776967836522310e-02 6.614630828498632709e-02 1.772910000000000041e-01 1.484804388611571935e-01 9.434776967836522310e-02 1.484804388611572212e-01 2.368439999999999990e-01
1.349999999999999811e-01 6.917341019912749689e-02 1.011008062067635938e-01 6.917341019912749689e-02 1.772910000000000041e-01 1.521670295546968255e-01 1.011008062067635938e-01 1.521670295546968532e-01 2.368439999999999990e-01
1.349999999999999811e-01 7.115999999999998715e-02 1.018799999999999983e-01 7.115999999999998715e-02 1.772910000000000041e-01 1.585979999999999890e-01 1.018799999999999983e-01 1.585980000000000167e-01 2.368439999999999990e-01
c: 
2.044000000000000039e+00
2.709000000000000075e+00
1.481999999999999984e+00
