CDF: 
3.499999999999999778e-01 3.800000000000000044e-01 7.099999999999999645e-01 1.000000000000000000e+00
5.400000000000000355e-01 6.700000000000000400e-01 8.299999999999999600e-01 1.000000000000000000e+00
4.500000000000000111e-01 5.100000000000000089e-01 7.299999999999999822e-01 1.000000000000000000e+00
sigma: 
1.663359999999999839e-01 4.503777542888979038e-03 5.615614085888576525e-04 4.503777542888979038e-03 1.323390000000000122e-01 2.470353865832609387e-03 5.615614085888576525e-04 2.470353865832609387e-03 1.734360000000000068e-01
1.663359999999999839e-01 8.021512463507627852e-03 1.099711789935093297e-02 8.021512463507627852e-03 1.323390000000000122e-01 9.728524775968142718e-03 1.099711789935093297e-02 9.728524775968142718e-03 1.734360000000000068e-01
1.663359999999999839e-01 1.598291059579445145e-02 2.035088429117745679e-02 1.598291059579445145e-02 1.323390000000000122e-01 1.841651232098827362e-02 2.035088429117745679e-02 1.841651232098827362e-02 1.734360000000000068e-01
1.663359999999999839e-01 2.190618790933092710e-02 3.118382736070817243e-02 2.190618790933092710e-02 1.323390000000000122e-01 2.342860662658199575e-02 3.118382736070817243e-02 2.342860662658199575e-02 1.734360000000000068e-01
1.663359999999999839e-01 2.915804238301039977e-02 4.064023218079579336e-02 2.915804238301039977e-02 1.323390000000000122e-01 2.957685376713643788e-02 4.064023218079579336e-02 2.957685376713643788e-02 1.734360000000000068e-01
1.663359999999999839e-01 3.449414175509232100e-02 5.049846603475711959e-02 3.449414175509232100e-02 1.323390000000000122e-01 3.652777759622055642e-02 5.049846603475711959e-02 3.652777759622055642e-02 1.734360000000000068e-01
1.663359999999999839e-01 4.279044327995707581e-02 5.371388621901369842e-02 4.279044327995707581e-02 1.323390000000000122e-01 4.591634300408359293e-02 5.371388621901369842e-02 4.591634300408359293e-02 1.734360000000000068e-01
1.663359999999999839e-01 4.640007793576939737e-02 6.060575783630826885e-02 4.640007793576939737e-02 1.323390000000000122e-01 5.187001788683249376e-02 6.060575783630826885e-02 5.187001788683249376e-02 1.734360000000000068e-01
1.663359999999999839e-01 5.218105509745170345e-02 6.930305010280822520e-02 5.218105509745170345e-02 1.323390000000000122e-01 5.488193229516655225e-02 6.930305010280822520e-02 5.488193229516655225e-02 1.734360000000000068e-01
1.663359999999999839e-01 6.245588397623609567e-02 8.255225194959911472e-02 6.245588397623609567e-02 1.323390000000000122e-01 6.691458695259998313e-02 8.255225194959911472e-02 6.691458695259998313e-02 1.734360000000000068e-01
1.663359999999999839e-01 6.778043832497193666e-02 9.090195576612199180e-02 6.778043832497193666e-02 1.323390000000000122e-01 7.268814360593525703e-02 9.090195576612199180e-02 7.268814360593525703e-02 1.734360000000000068e-01
1.663359999999999839e-01 7.760931089586969867e-02 1.015998756032833461e-01 7.760931089586969867e-02 1.323390000000000122e-01 8.103737088451755388e-02 1.015998756032833461e-01 8.103737088451755388e-02 1.734360000000000068e-01
1.663359999999999839e-01 8.002239836548652452e-02 1.076611853485913012e-01 8.002239836548652452e-02 1.323390000000000122e-01 8.769296788147870614e-02 1.076611853485913012e-01 8.769296788147870614e-02 1.734360000000000068e-01
1.663359999999999839e-01 8.901122413553538837e-02 1.179352540449675329e-01 8.901122413553538837e-02 1.323390000000000122e-01 9.555854580912473417e-02 1.179352540449675329e-01 9.555854580912473417e-02 1.734360000000000068e-01
1.663359999999999839e-01 9.130370966381322340e-02 1.248567886790424297e-01 9.130370966381322340e-02 1.323390000000000122e-01 9.882400853666985230e-02 1.248567886790424297e-01 9.882400853666985230e-02 1.734360000000000068e-01
1.663359999999999839e-01 9.981858974130182471e-02 1.332519319483814191e-01 9.981858974130182471e-02 1.323390000000000122e-01 1.050730979103984136e-01 1.332519319483814191e-01 1.050730979103984136e-01 1.734360000000000068e-01
1.663359999999999839e-01 1.094413868270668611e-01 1.443274058264940318e-01 1.094413868270668611e-01 1.323390000000000122e-01 1.143613434183940458e-01 1.443274058264940318e-01 1.143613434183940458e-01 1.734360000000000068e-01
1.663359999999999839e-01 1.102339346596044461e-01 1.483052454092989858e-01 1.102339346596044461e-01 1.323390000000000122e-01 1.225056345092695037e-01 1.483052454092989858e-01 1.225056345092695037e-01 1.734360000000000068e-01
1.663359999999999839e-01 1.199234724800883334e-01 1.614024712931626526e-01 1.199234724800883334e-01 1.323390000000000122e-01 1.295030863608655491e-01 1.614024712931626526e-01 1.295030863608655491e-01 1.734360000000000068e-01
1.663359999999999839e-01 1.229480000000000017e-01 1.617359999999999909e-01 1.229480000000000017e-01 1.323390000000000122e-01 1.302980000000000249e-01 1.617359999999999909e-01 1.302980000000000249e-01 1.734360000000000068e-01
c: 
2.435999999999999943e+00
1.016000000000000014e+00
1.955999999999999961e+00
