CDF: 
2.399999999999999911e-01 4.199999999999999845e-01 5.799999999999999600e-01 1.000000000000000000e+00
1.600000000000000033e-01 4.899999999999999911e-01 7.399999999999999911e-01 1.000000000000000000e+00
2.600000000000000089e-01 5.899999999999999689e-01 6.199999999999999956e-01 1.000000000000000000e+00
sigma: 
2.000040000000000151e-01 1.683386638453906537e-03 5.867421530761417724e-03 1.683386638453906537e-03 1.503760000000000097e-01 4.797037468314758156e-03 5.867421530761416856e-03 4.797037468314758156e-03 2.079160000000000175e-01
2.000040000000000151e-01 1.214091886529080483e-02 1.120203426649896659e-02 1.214091886529080483e-02 1.503760000000000097e-01 1.167288584161845638e-02 1.120203426649896486e-02 1.167288584161845638e-02 2.079160000000000175e-01
2.000040000000000151e-01 2.175470004697185877e-02 2.578345967294471200e-02 2.175470004697185877e-02 1.503760000000000097e-01 1.833748991562198297e-02 2.578345967294470853e-02 1.833748991562198297e-02 2.079160000000000175e-01
2.000040000000000151e-01 2.397356667028838553e-02 3.974672894820572427e-02 2.397356667028838553e-02 1.503760000000000097e-01 2.791690497189334985e-02 3.974672894820571734e-02 2.791690497189334985e-02 2.079160000000000175e-01
2.000040000000000151e-01 3.668719950532076113e-02 4.729655389277739180e-02 3.668719950532076113e-02 1.503760000000000097e-01 3.321158852549338514e-02 4.729655389277738486e-02 3.321158852549338514e-02 2.079160000000000175e-01
2.000040000000000151e-01 4.096108343922510997e-02 5.098558805943621819e-02 4.096108343922510997e-02 1.503760000000000097e-01 4.656524837571913294e-02 5.098558805943621125e-02 4.656524837571913294e-02 2.079160000000000175e-01
2.000040000000000151e-01 5.064778598627251577e-02 6.218825235537732421e-02 5.064778598627251577e-02 1.503760000000000097e-01 4.839206043987994560e-02 6.218825235537731727e-02 4.839206043987994560e-02 2.079160000000000175e-01
2.000040000000000151e-01 5.236855549180607916e-02 7.352940529954754556e-02 5.236855549180607916e-02 1.503760000000000097e-01 5.922936499650405945e-02 7.352940529954753168e-02 5.922936499650405945e-02 2.079160000000000175e-01
2.000040000000000151e-01 6.280292459137756800e-02 8.354253899031248431e-02 6.280292459137756800e-02 1.503760000000000097e-01 6.981964879531808721e-02 8.354253899031247044e-02 6.981964879531808721e-02 2.079160000000000175e-01
2.000040000000000151e-01 7.313216610333563017e-02 9.320008012078628834e-02 7.313216610333563017e-02 1.503760000000000097e-01 7.279390322146810088e-02 9.320008012078627446e-02 7.279390322146810088e-02 2.079160000000000175e-01
2.000040000000000151e-01 7.657422406293185047e-02 1.026200295270449231e-01 7.657422406293185047e-02 1.503760000000000097e-01 8.271984330116020911e-02 1.026200295270449092e-01 8.271984330116020911e-02 2.079160000000000175e-01
2.000040000000000151e-01 8.252705686008433850e-02 1.158016549839697290e-01 8.252705686008433850e-02 1.503760000000000097e-01 8.736514640043595292e-02 1.158016549839697151e-01 8.736514640043595292e-02 2.079160000000000175e-01
2.000040000000000151e-01 9.099377183658577395e-02 1.232649914136364350e-01 9.099377183658577395e-02 1.503760000000000097e-01 9.851189221150437325e-02 1.232649914136364211e-01 9.851189221150437325e-02 2.079160000000000175e-01
2.000040000000000151e-01 1.021317801397733926e-01 1.360790621879383877e-01 1.021317801397733926e-01 1.503760000000000097e-01 1.058758846748905774e-01 1.360790621879383600e-01 1.058758846748905774e-01 2.079160000000000175e-01
2.000040000000000151e-01 1.045189713709582663e-01 1.418950983870817806e-01 1.045189713709582663e-01 1.503760000000000097e-01 1.167866054372462409e-01 1.418950983870817806e-01 1.167866054372462409e-01 2.079160000000000175e-01
2.000040000000000151e-01 1.184548589369965460e-01 1.513102338014801485e-01 1.184548589369965460e-01 1.503760000000000097e-01 1.241031776469743997e-01 1.513102338014801207e-01 1.241031776469743997e-01 2.079160000000000175e-01
2.000040000000000151e-01 1.262537430550806361e-01 1.624759970900599704e-01 1.262537430550806361e-01 1.503760000000000097e-01 1.305645010893952129e-01 1.624759970900599426e-01 1.305645010893952129e-01 2.079160000000000175e-01
2.000040000000000151e-01 1.301787805877503978e-01 1.788825502935712519e-01 1.301787805877503978e-01 1.503760000000000097e-01 1.404458062209583136e-01 1.788825502935712242e-01 1.404458062209583136e-01 2.079160000000000175e-01
2.000040000000000151e-01 1.355985309290933249e-01 1.861145825885756611e-01 1.355985309290933249e-01 1.503760000000000097e-01 1.445376118655005149e-01 1.861145825885756333e-01 1.445376118655005149e-01 2.079160000000000175e-01
2.000040000000000151e-01 1.411520000000000274e-01 1.913080000000000336e-01 1.411520000000000274e-01 1.503760000000000097e-01 1.487040000000000028e-01 1.913080000000000058e-01 1.487040000000000028e-01 2.079160000000000175e-01
c: 
1.203000000000000069e+00
1.693000000000000060e+00
2.528999999999999915e+00
