CDF: 
2.099999999999999922e-01 2.899999999999999800e-01 3.400000000000000244e-01 1.000000000000000000e+00
5.000000000000000278e-02 2.999999999999999889e-01 6.899999999999999467e-01 1.000000000000000000e+00
5.999999999999999778e-02 3.099999999999999978e-01 5.100000000000000089e-01 1.000000000000000000e+00
sigma: 
1.988109999999999877e-01 2.423533625018988618e-04 7.250389552763754353e-03 2.423533625018988347e-04 1.432960000000000067e-01 2.352384514997688328e-05 7.250389552763754353e-03 2.352384514997688328e-05 1.798750000000000071e-01
1.988109999999999877e-01 7.281423622743853422e-03 9.916330249773251670e-03 7.281423622743852554e-03 1.432960000000000067e-01 1.178604963629253065e-02 9.916330249773251670e-03 1.178604963629253065e-02 1.798750000000000071e-01
1.988109999999999877e-01 1.723069080366198408e-02 2.353088676456515857e-02 1.723069080366198061e-02 1.432960000000000067e-01 1.714900983016970012e-02 2.353088676456515857e-02 1.714900983016970012e-02 1.798750000000000071e-01
1.988109999999999877e-01 2.325626764255768822e-02 2.749252912490271483e-02 2.325626764255768475e-02 1.432960000000000067e-01 2.144314199555990771e-02 2.749252912490271483e-02 2.144314199555990771e-02 1.798750000000000071e-01
1.988109999999999877e-01 2.497780707791018989e-02 3.820154679495788713e-02 2.497780707791018642e-02 1.432960000000000067e-01 3.247236221733194178e-02 3.820154679495788713e-02 3.247236221733194178e-02 1.798750000000000071e-01
1.988109999999999877e-01 3.326750111676531063e-02 4.268095057965042710e-02 3.326750111676531063e-02 1.432960000000000067e-01 3.863644234207445211e-02 4.268095057965042710e-02 3.863644234207445211e-02 1.798750000000000071e-01
1.988109999999999877e-01 3.776638638610160109e-02 4.957602967730612847e-02 3.776638638610159415e-02 1.432960000000000067e-01 4.362070869264953604e-02 4.957602967730612847e-02 4.362070869264953604e-02 1.798750000000000071e-01
1.988109999999999877e-01 4.463384359415636243e-02 5.678609736933269703e-02 4.463384359415635549e-02 1.432960000000000067e-01 4.652530465727151843e-02 5.678609736933269703e-02 4.652530465727151843e-02 1.798750000000000071e-01
1.988109999999999877e-01 4.778682184824439849e-02 6.710024362986873048e-02 4.778682184824439849e-02 1.432960000000000067e-01 5.734418707609523908e-02 6.710024362986873048e-02 5.734418707609523908e-02 1.798750000000000071e-01
1.988109999999999877e-01 5.406708596848466830e-02 7.748988663469355553e-02 5.406708596848466136e-02 1.432960000000000067e-01 6.358630103425380597e-02 7.748988663469355553e-02 6.358630103425380597e-02 1.798750000000000071e-01
1.988109999999999877e-01 5.908272726889324949e-02 8.451353244498381601e-02 5.908272726889324256e-02 1.432960000000000067e-01 6.986985580566722198e-02 8.451353244498381601e-02 6.986985580566722198e-02 1.798750000000000071e-01
1.988109999999999877e-01 6.648088568576591972e-02 8.912066592375740559e-02 6.648088568576590585e-02 1.432960000000000067e-01 7.249874067738742989e-02 8.912066592375740559e-02 7.249874067738742989e-02 1.798750000000000071e-01
1.988109999999999877e-01 7.555548615338780749e-02 9.806035010486130465e-02 7.555548615338779361e-02 1.432960000000000067e-01 8.502011901869038768e-02 9.806035010486130465e-02 8.502011901869038768e-02 1.798750000000000071e-01
1.988109999999999877e-01 7.640330903173750410e-02 1.072452433130228616e-01 7.640330903173749022e-02 1.432960000000000067e-01 8.960789509365624239e-02 1.072452433130228616e-01 8.960789509365624239e-02 1.798750000000000071e-01
1.988109999999999877e-01 8.568904709689979804e-02 1.172262353367368309e-01 8.568904709689978416e-02 1.432960000000000067e-01 9.646557785053408440e-02 1.172262353367368309e-01 9.646557785053408440e-02 1.798750000000000071e-01
1.988109999999999877e-01 9.147018888123643887e-02 1.206539655709301384e-01 9.147018888123642499e-02 1.432960000000000067e-01 1.022252166621012009e-01 1.206539655709301384e-01 1.022252166621012009e-01 1.798750000000000071e-01
1.988109999999999877e-01 9.901660724954995663e-02 1.300320588167403202e-01 9.901660724954994275e-02 1.432960000000000067e-01 1.096940839116992278e-01 1.300320588167403202e-01 1.096940839116992278e-01 1.798750000000000071e-01
1.988109999999999877e-01 1.042147777955663018e-01 1.409932302744623944e-01 1.042147777955662880e-01 1.432960000000000067e-01 1.128153589988802330e-01 1.409932302744623944e-01 1.128153589988802330e-01 1.798750000000000071e-01
1.988109999999999877e-01 1.068668106805295559e-01 1.519655884147716740e-01 1.068668106805295420e-01 1.432960000000000067e-01 1.196653319319670727e-01 1.519655884147716740e-01 1.196653319319670727e-01 1.798750000000000071e-01
1.988109999999999877e-01 1.109839999999999993e-01 1.523749999999999827e-01 1.109839999999999854e-01 1.432960000000000067e-01 1.248000000000000081e-01 1.523749999999999827e-01 1.248000000000000081e-01 1.798750000000000071e-01
c: 
1.995999999999999996e+00
2.226999999999999869e+00
1.070999999999999952e+00
