CDF: 
1.400000000000000133e-01 2.000000000000000111e-01 6.700000000000000400e-01 1.000000000000000000e+00
2.700000000000000178e-01 5.899999999999999689e-01 7.199999999999999734e-01 1.000000000000000000e+00
1.100000000000000006e-01 2.999999999999999889e-01 6.800000000000000488e-01 1.000000000000000000e+00
sigma: 
1.267000000000000071e-01 1.989801690011668272e-03 4.157123168145378245e-03 1.989801690011668272e-03 1.567840000000000344e-01 4.657038198839366042e-04 4.157123168145378245e-03 4.657038198839366042e-04 1.282999999999999974e-01
1.267000000000000071e-01 1.256846244676953529e-02 1.062361049638917490e-02 1.256846244676953529e-02 1.567840000000000344e-01 8.674283537479616016e-03 1.062361049638917490e-02 8.674283537479616016e-03 1.282999999999999974e-01
1.267000000000000071e-01 1.545365415178744789e-02 1.536925037332547046e-02 1.545365415178744789e-02 1.567840000000000344e-01 1.483152908363823998e-02 1.536925037332547046e-02 1.483152908363823998e-02 1.282999999999999974e-01
1.267000000000000071e-01 2.072164573514895941e-02 2.485308542056207520e-02 2.072164573514895941e-02 1.567840000000000344e-01 2.426250077762276761e-02 2.485308542056207520e-02 2.426250077762276761e-02 1.282999999999999974e-01
1.267000000000000071e-01 3.014221143605248093e-02 2.834204063054367520e-02 3.014221143605248093e-02 1.567840000000000344e-01 2.957920178673147105e-02 2.834204063054367520e-02 2.957920178673147105e-02 1.282999999999999974e-01
1.267000000000000071e-01 3.503163173896609722e-02 3.664669826347922293e-02 3.503163173896609722e-02 1.567840000000000344e-01 3.824279980041665056e-02 3.664669826347922293e-02 3.824279980041665056e-02 1.282999999999999974e-01
1.267000000000000071e-01 4.490213889098162992e-02 4.394244189391904865e-02 4.490213889098162992e-02 1.567840000000000344e-01 4.784999733640272340e-02 4.394244189391904865e-02 4.784999733640272340e-02 1.282999999999999974e-01
1.267000000000000071e-01 5.247102328962677253e-02 4.897489722814798996e-02 5.247102328962677253e-02 1.567840000000000344e-01 5.163816868267755850e-02 4.897489722814798996e-02 5.163816868267755850e-02 1.282999999999999974e-01
1.267000000000000071e-01 5.446042777231913101e-02 5.300848172402056191e-02 5.446042777231913101e-02 1.567840000000000344e-01 5.642431398412756788e-02 5.300848172402056191e-02 5.642431398412756788e-02 1.282999999999999974e-01
1.267000000000000071e-01 6.706007154350658583e-02 5.971135293490752172e-02 6.706007154350658583e-02 1.567840000000000344e-01 6.294725520825103504e-02 5.971135293490752172e-02 6.294725520825103504e-02 1.282999999999999974e-01
1.267000000000000071e-01 7.366523112273559715e-02 6.558304217074052700e-02 7.366523112273559715e-02 1.567840000000000344e-01 7.230735851468512998e-02 6.558304217074052700e-02 7.230735851468512998e-02 1.282999999999999974e-01
1.267000000000000071e-01 8.005816244531907544e-02 7.674272073727485266e-02 8.005816244531907544e-02 1.567840000000000344e-01 8.018262839348258564e-02 7.674272073727485266e-02 8.018262839348258564e-02 1.282999999999999974e-01
1.267000000000000071e-01 8.220725015054201890e-02 7.822073135703500046e-02 8.220725015054201890e-02 1.567840000000000344e-01 8.477870062339593060e-02 7.822073135703500046e-02 8.477870062339593060e-02 1.282999999999999974e-01
1.267000000000000071e-01 9.053537743459501297e-02 8.925471363692367988e-02 9.053537743459501297e-02 1.567840000000000344e-01 9.773313377453582418e-02 8.925471363692367988e-02 9.773313377453582418e-02 1.282999999999999974e-01
1.267000000000000071e-01 1.003172937258816899e-01 9.713250108290262530e-02 1.003172937258816899e-01 1.567840000000000344e-01 9.857272513351647558e-02 9.713250108290262530e-02 9.857272513351647558e-02 1.282999999999999974e-01
1.267000000000000071e-01 1.061767450221821202e-01 1.038285848811454498e-01 1.061767450221821202e-01 1.567840000000000344e-01 1.101291386383987103e-01 1.038285848811454498e-01 1.101291386383987103e-01 1.282999999999999974e-01
1.267000000000000071e-01 1.125361970446053100e-01 1.063366125814337732e-01 1.125361970446053100e-01 1.567840000000000344e-01 1.127622929871931606e-01 1.063366125814337732e-01 1.127622929871931606e-01 1.282999999999999974e-01
1.267000000000000071e-01 1.166811566693842922e-01 1.165305822786250473e-01 1.166811566693842922e-01 1.567840000000000344e-01 1.235160259914984404e-01 1.165305822786250473e-01 1.235160259914984404e-01 1.282999999999999974e-01
1.267000000000000071e-01 1.217558816624818990e-01 1.217904315349141453e-01 1.217558816624818990e-01 1.567840000000000344e-01 1.314357920169466065e-01 1.217904315349141453e-01 1.314357920169466065e-01 1.282999999999999974e-01
1.267000000000000071e-01 1.285199999999999954e-01 1.232999999999999929e-01 1.285199999999999954e-01 1.567840000000000344e-01 1.328400000000000136e-01 1.232999999999999929e-01 1.328400000000000136e-01 1.282999999999999974e-01
c: 
2.297000000000000153e+00
1.647999999999999909e+00
1.997999999999999998e+00
