CDF: 
2.099999999999999922e-01 3.099999999999999978e-01 5.500000000000000444e-01 1.000000000000000000e+00
1.700000000000000122e-01 2.600000000000000089e-01 3.599999999999999867e-01 1.000000000000000000e+00
1.300000000000000044e-01 5.699999999999999512e-01 6.899999999999999467e-01 1.000000000000000000e+00
sigma: 
1.720440000000000025e-01 3.467453975614991687e-03 2.369558956663172199e-03 3.467453975614991687e-03 1.723960000000000214e-01 4.599926800630674745e-05 2.369558956663171765e-03 4.599926800630674745e-05 1.478840000000000154e-01
1.720440000000000025e-01 8.653990581717559832e-03 1.074381820563491408e-02 8.653990581717559832e-03 1.723960000000000214e-01 7.178636990614815395e-03 1.074381820563491234e-02 7.178636990614815395e-03 1.478840000000000154e-01
1.720440000000000025e-01 2.079866410006835434e-02 1.615560725395741651e-02 2.079866410006835434e-02 1.723960000000000214e-01 1.124072627859362336e-02 1.615560725395741304e-02 1.124072627859362336e-02 1.478840000000000154e-01
1.720440000000000025e-01 2.590643302381191379e-02 2.697604381664278281e-02 2.590643302381191379e-02 1.723960000000000214e-01 1.803430683632129689e-02 2.697604381664277934e-02 1.803430683632129689e-02 1.478840000000000154e-01
1.720440000000000025e-01 3.778348877284464641e-02 3.311925221444775302e-02 3.778348877284464641e-02 1.723960000000000214e-01 2.587016868060700026e-02 3.311925221444774609e-02 2.587016868060700026e-02 1.478840000000000154e-01
1.720440000000000025e-01 4.433007952078728969e-02 3.646765950032664766e-02 4.433007952078728969e-02 1.723960000000000214e-01 2.921544049661256234e-02 3.646765950032664072e-02 2.921544049661256234e-02 1.478840000000000154e-01
1.720440000000000025e-01 4.767236684296587840e-02 4.421845958781044778e-02 4.767236684296587840e-02 1.723960000000000214e-01 3.185791027859666280e-02 4.421845958781044084e-02 3.185791027859666280e-02 1.478840000000000154e-01
1.720440000000000025e-01 5.527073512550424034e-02 5.508235709284100418e-02 5.527073512550424034e-02 1.723960000000000214e-01 3.896149242574930421e-02 5.508235709284099030e-02 3.896149242574930421e-02 1.478840000000000154e-01
1.720440000000000025e-01 6.283590315111253766e-02 5.791428750633179079e-02 6.283590315111253766e-02 1.723960000000000214e-01 4.585294025399243301e-02 5.791428750633177691e-02 4.585294025399243301e-02 1.478840000000000154e-01
1.720440000000000025e-01 7.419799845131676286e-02 6.511765303870960253e-02 7.419799845131676286e-02 1.723960000000000214e-01 5.043551689573945451e-02 6.511765303870958865e-02 5.043551689573945451e-02 1.478840000000000154e-01
1.720440000000000025e-01 8.186873795780379159e-02 7.127984994377706274e-02 8.186873795780379159e-02 1.723960000000000214e-01 5.462171275126619790e-02 7.127984994377704886e-02 5.462171275126619790e-02 1.478840000000000154e-01
1.720440000000000025e-01 8.651353911674081187e-02 8.383262631401068588e-02 8.651353911674081187e-02 1.723960000000000214e-01 6.205809751908974992e-02 8.383262631401067200e-02 6.205809751908974992e-02 1.478840000000000154e-01
1.720440000000000025e-01 9.264350128142830043e-02 8.576971763766089163e-02 9.264350128142830043e-02 1.723960000000000214e-01 6.550186089144657831e-02 8.576971763766086387e-02 6.550186089144657831e-02 1.478840000000000154e-01
1.720440000000000025e-01 1.026527360863719041e-01 9.535989650457875333e-02 1.026527360863719041e-01 1.723960000000000214e-01 7.013095861035395506e-02 9.535989650457872557e-02 7.013095861035395506e-02 1.478840000000000154e-01
1.720440000000000025e-01 1.103067321524722616e-01 1.024490017137447695e-01 1.103067321524722616e-01 1.723960000000000214e-01 7.564694215180094161e-02 1.024490017137447417e-01 7.564694215180094161e-02 1.478840000000000154e-01
1.720440000000000025e-01 1.156855651646846450e-01 1.073048504515713708e-01 1.156855651646846450e-01 1.723960000000000214e-01 8.437980031272375447e-02 1.073048504515713569e-01 8.437980031272375447e-02 1.478840000000000154e-01
1.720440000000000025e-01 1.230578150190002329e-01 1.186062875988136978e-01 1.230578150190002329e-01 1.723960000000000214e-01 8.607934591616241138e-02 1.186062875988136700e-01 8.607934591616241138e-02 1.478840000000000154e-01
1.720440000000000025e-01 1.301730553190171558e-01 1.233450715944734433e-01 1.301730553190171558e-01 1.723960000000000214e-01 9.237837523892281077e-02 1.233450715944734155e-01 9.237837523892281077e-02 1.478840000000000154e-01
1.720440000000000025e-01 1.419261449132179775e-01 1.274966992753024664e-01 1.419261449132179775e-01 1.723960000000000214e-01 9.695730982956130006e-02 1.274966992753024386e-01 9.695730982956130006e-02 1.478840000000000154e-01
1.720440000000000025e-01 1.449320000000000053e-01 1.327640000000000209e-01 1.449320000000000053e-01 1.723960000000000214e-01 1.002919999999999923e-01 1.327639999999999931e-01 1.002919999999999923e-01 1.478840000000000154e-01
c: 
2.830000000000000071e+00
1.804000000000000048e+00
1.903999999999999915e+00
