CDF: 
2.999999999999999889e-01 3.099999999999999978e-01 4.699999999999999734e-01 1.000000000000000000e+00
3.400000000000000244e-01 6.099999999999999867e-01 8.299999999999999600e-01 1.000000000000000000e+00
2.399999999999999911e-01 5.699999999999999512e-01 7.199999999999999734e-01 1.000000000000000000e+00
sigma: 
2.092590000000000283e-01 4.746475855022780875e-03 7.255904392514196037e-05 4.746475855022780875e-03 1.233309999999999962e-01 3.149400064986198396e-03 7.255904392514197392e-05 3.149400064986199264e-03 1.686360000000000081e-01
2.092590000000000283e-01 5.551329222078147350e-03 9.556166817306926617e-03 5.551329222078147350e-03 1.233309999999999962e-01 1.217124376346939880e-02 9.556166817306928352e-03 1.217124376346940054e-02 1.686360000000000081e-01
2.092590000000000283e-01 1.264571641314093248e-02 1.404576778764670374e-02 1.264571641314093248e-02 1.233309999999999962e-01 1.540989865296805289e-02 1.404576778764670721e-02 1.540989865296805636e-02 1.686360000000000081e-01
2.092590000000000283e-01 1.746430950772641030e-02 2.241246917425969779e-02 1.746430950772641030e-02 1.233309999999999962e-01 2.066311884557764031e-02 2.241246917425970125e-02 2.066311884557764378e-02 1.686360000000000081e-01
2.092590000000000283e-01 2.254630940889577537e-02 3.371540764939221640e-02 2.254630940889577537e-02 1.233309999999999962e-01 3.091642883164894690e-02 3.371540764939222334e-02 3.091642883164895383e-02 1.686360000000000081e-01
2.092590000000000283e-01 2.769440779629906910e-02 4.084902876491793011e-02 2.769440779629906910e-02 1.233309999999999962e-01 3.602016082074475239e-02 4.084902876491793705e-02 3.602016082074476627e-02 1.686360000000000081e-01
2.092590000000000283e-01 3.252271097473639211e-02 4.450417921430957491e-02 3.252271097473639211e-02 1.233309999999999962e-01 4.448673384558655963e-02 4.450417921430958879e-02 4.448673384558656657e-02 1.686360000000000081e-01
2.092590000000000283e-01 4.241230124713200877e-02 4.953395072798870424e-02 4.241230124713200877e-02 1.233309999999999962e-01 4.787340083186927830e-02 4.953395072798871812e-02 4.787340083186928524e-02 1.686360000000000081e-01
2.092590000000000283e-01 4.680596964110917552e-02 5.838769891562525099e-02 4.680596964110917552e-02 1.233309999999999962e-01 5.192590686009043721e-02 5.838769891562525793e-02 5.192590686009045109e-02 1.686360000000000081e-01
2.092590000000000283e-01 5.288357504644908974e-02 6.388589621950731268e-02 5.288357504644908974e-02 1.233309999999999962e-01 6.185266080971955210e-02 6.388589621950732655e-02 6.185266080971956598e-02 1.686360000000000081e-01
2.092590000000000283e-01 5.691248313982269491e-02 7.351022830577941258e-02 5.691248313982269491e-02 1.233309999999999962e-01 6.690497190682491435e-02 7.351022830577944034e-02 6.690497190682492823e-02 1.686360000000000081e-01
2.092590000000000283e-01 6.226761614059742739e-02 7.884785302880606417e-02 6.226761614059742739e-02 1.233309999999999962e-01 7.327068430623012718e-02 7.884785302880609192e-02 7.327068430623014106e-02 1.686360000000000081e-01
2.092590000000000283e-01 6.706390991849682515e-02 8.701084634887822078e-02 6.706390991849682515e-02 1.233309999999999962e-01 7.900967683318536883e-02 8.701084634887823466e-02 7.900967683318538270e-02 1.686360000000000081e-01
2.092590000000000283e-01 7.292425227697485468e-02 9.672615368413012282e-02 7.292425227697485468e-02 1.233309999999999962e-01 8.423076574209442668e-02 9.672615368413015058e-02 8.423076574209445444e-02 1.686360000000000081e-01
2.092590000000000283e-01 7.780637908753171295e-02 1.041273129349199605e-01 7.780637908753171295e-02 1.233309999999999962e-01 9.475191706606889142e-02 1.041273129349199883e-01 9.475191706606891917e-02 1.686360000000000081e-01
2.092590000000000283e-01 8.519995042709652133e-02 1.088564018770679376e-01 8.519995042709652133e-02 1.233309999999999962e-01 1.016962106169466834e-01 1.088564018770679653e-01 1.016962106169467112e-01 1.686360000000000081e-01
2.092590000000000283e-01 8.804944220111915465e-02 1.146066496313046107e-01 8.804944220111915465e-02 1.233309999999999962e-01 1.066662614963876793e-01 1.146066496313046384e-01 1.066662614963877070e-01 1.686360000000000081e-01
2.092590000000000283e-01 9.616028994471012559e-02 1.237915435483114279e-01 9.616028994471012559e-02 1.233309999999999962e-01 1.106235488631764768e-01 1.237915435483114418e-01 1.106235488631765046e-01 1.686360000000000081e-01
2.092590000000000283e-01 9.724835275886360708e-02 1.321557503907687392e-01 9.724835275886360708e-02 1.233309999999999962e-01 1.200077028345660768e-01 1.321557503907687670e-01 1.200077028345661045e-01 1.686360000000000081e-01
2.092590000000000283e-01 1.016229999999999911e-01 1.326179999999999859e-01 1.016229999999999911e-01 1.233309999999999962e-01 1.222459999999999936e-01 1.326180000000000136e-01 1.222460000000000213e-01 1.686360000000000081e-01
c: 
2.266999999999999904e+00
1.187000000000000055e+00
1.842000000000000082e+00
