CDF: 
2.200000000000000011e-01 4.000000000000000222e-01 6.700000000000000400e-01 1.000000000000000000e+00
5.200000000000000178e-01 7.099999999999999645e-01 8.900000000000000133e-01 1.000000000000000000e+00
3.599999999999999867e-01 3.699999999999999956e-01 5.300000000000000266e-01 1.000000000000000000e+00
sigma: 
1.557240000000000013e-01 3.627692319541795871e-03 6.765601289645912716e-03 3.627692319541795871e-03 9.800000000000000377e-02 2.515212983470273278e-03 6.765601289645912716e-03 2.515212983470273278e-03 2.087040000000000006e-01
1.557240000000000013e-01 7.713363921803087844e-03 1.069168053932240993e-02 7.713363921803087844e-03 9.800000000000000377e-02 1.006427056079848593e-02 1.069168053932240993e-02 1.006427056079848767e-02 2.087040000000000006e-01
1.557240000000000013e-01 1.388367740986528286e-02 1.902768745568002642e-02 1.388367740986528286e-02 9.800000000000000377e-02 1.304304246308100879e-02 1.902768745568002642e-02 1.304304246308101052e-02 2.087040000000000006e-01
1.557240000000000013e-01 1.612200838866954117e-02 2.532919864665099385e-02 1.612200838866954117e-02 9.800000000000000377e-02 2.048574778198743174e-02 2.532919864665099385e-02 2.048574778198743174e-02 2.087040000000000006e-01
1.557240000000000013e-01 2.457152138582026357e-02 3.950292507307846118e-02 2.457152138582026357e-02 9.800000000000000377e-02 2.448841632965476425e-02 3.950292507307846118e-02 2.448841632965476772e-02 2.087040000000000006e-01
1.557240000000000013e-01 2.816054654889750195e-02 4.662105416510511913e-02 2.816054654889750195e-02 9.800000000000000377e-02 2.922073141272023278e-02 4.662105416510511913e-02 2.922073141272023972e-02 2.087040000000000006e-01
1.557240000000000013e-01 3.117012307207820895e-02 5.238715226923561924e-02 3.117012307207820895e-02 9.800000000000000377e-02 3.606823205163661727e-02 5.238715226923561924e-02 3.606823205163662421e-02 2.087040000000000006e-01
1.557240000000000013e-01 4.069367208777377454e-02 5.814392314888263552e-02 4.069367208777377454e-02 9.800000000000000377e-02 3.899665408125153887e-02 5.814392314888263552e-02 3.899665408125154581e-02 2.087040000000000006e-01
1.557240000000000013e-01 4.183691186610669077e-02 7.166109186010757859e-02 4.183691186610669077e-02 9.800000000000000377e-02 4.549513832114299855e-02 7.166109186010757859e-02 4.549513832114300549e-02 2.087040000000000006e-01
1.557240000000000013e-01 4.803169305292349922e-02 7.623869459303803109e-02 4.803169305292349922e-02 9.800000000000000377e-02 4.934581833982350924e-02 7.623869459303803109e-02 4.934581833982351617e-02 2.087040000000000006e-01
1.557240000000000013e-01 5.450963878286018555e-02 8.915555690674760447e-02 5.450963878286018555e-02 9.800000000000000377e-02 5.610424315037158827e-02 8.915555690674760447e-02 5.610424315037159521e-02 2.087040000000000006e-01
1.557240000000000013e-01 5.901546111557039870e-02 9.078669361541347183e-02 5.901546111557039870e-02 9.800000000000000377e-02 6.260615807019770385e-02 9.078669361541347183e-02 6.260615807019770385e-02 2.087040000000000006e-01
1.557240000000000013e-01 6.630675819812412164e-02 1.010691775663333791e-01 6.630675819812412164e-02 9.800000000000000377e-02 6.462447572163329546e-02 1.010691775663333791e-01 6.462447572163330933e-02 2.087040000000000006e-01
1.557240000000000013e-01 7.180177751535089803e-02 1.113387160391999808e-01 7.180177751535089803e-02 9.800000000000000377e-02 6.973341337768566850e-02 1.113387160391999808e-01 6.973341337768566850e-02 2.087040000000000006e-01
1.557240000000000013e-01 7.459289747817220151e-02 1.212215767856863191e-01 7.459289747817220151e-02 9.800000000000000377e-02 7.737474101954838757e-02 1.212215767856863191e-01 7.737474101954840144e-02 2.087040000000000006e-01
1.557240000000000013e-01 7.724685674951947689e-02 1.267245943124015728e-01 7.724685674951947689e-02 9.800000000000000377e-02 8.417760411275547472e-02 1.267245943124015728e-01 8.417760411275547472e-02 2.087040000000000006e-01
1.557240000000000013e-01 8.546437554867129804e-02 1.376711217140277332e-01 8.546437554867129804e-02 9.800000000000000377e-02 8.647105353740655587e-02 1.376711217140277332e-01 8.647105353740656974e-02 2.087040000000000006e-01
1.557240000000000013e-01 9.152037821959134456e-02 1.422563349998325344e-01 9.152037821959134456e-02 9.800000000000000377e-02 9.265825441945323149e-02 1.422563349998325344e-01 9.265825441945324537e-02 2.087040000000000006e-01
1.557240000000000013e-01 9.689373366152667644e-02 1.508145471870932230e-01 9.689373366152667644e-02 9.800000000000000377e-02 9.997773100454261652e-02 1.508145471870932230e-01 9.997773100454263040e-02 2.087040000000000006e-01
1.557240000000000013e-01 9.772000000000001518e-02 1.555360000000000353e-01 9.772000000000001518e-02 9.800000000000000377e-02 1.008799999999999975e-01 1.555360000000000353e-01 1.008800000000000113e-01 2.087040000000000006e-01
c: 
2.770999999999999908e+00
1.578999999999999959e+00
1.752999999999999892e+00
