CDF: 
6.300000000000000044e-01 7.199999999999999734e-01 7.600000000000000089e-01 1.000000000000000000e+00
1.900000000000000022e-01 6.400000000000000133e-01 6.899999999999999467e-01 1.000000000000000000e+00
2.000000000000000111e-01 5.600000000000000533e-01 8.299999999999999600e-01 1.000000000000000000e+00
sigma: 
1.763790000000000080e-01 4.648176153515563500e-03 6.437832032825202729e-03 4.648176153515563500e-03 1.821000000000000119e-01 4.477759202660992581e-03 6.437832032825201861e-03 4.477759202660992581e-03 1.155309999999999948e-01
1.763790000000000080e-01 1.486606987845326758e-02 8.591406313026971747e-03 1.486606987845326758e-02 1.821000000000000119e-01 8.631082754915388872e-03 8.591406313026971747e-03 8.631082754915387137e-03 1.155309999999999948e-01
1.763790000000000080e-01 2.194707218381614436e-02 1.742404758465222747e-02 2.194707218381614436e-02 1.821000000000000119e-01 1.771528611269605757e-02 1.742404758465222747e-02 1.771528611269605757e-02 1.155309999999999948e-01
1.763790000000000080e-01 2.801207822161364339e-02 2.446406471830284146e-02 2.801207822161364339e-02 1.821000000000000119e-01 1.920090481207406899e-02 2.446406471830283799e-02 1.920090481207406552e-02 1.155309999999999948e-01
1.763790000000000080e-01 4.071301151292174708e-02 2.823343930447185651e-02 4.071301151292174708e-02 1.821000000000000119e-01 2.649869647947977747e-02 2.823343930447185304e-02 2.649869647947977400e-02 1.155309999999999948e-01
1.763790000000000080e-01 4.625718469610860112e-02 3.452421071011378684e-02 4.625718469610860112e-02 1.821000000000000119e-01 3.344557701953714685e-02 3.452421071011377990e-02 3.344557701953714685e-02 1.155309999999999948e-01
1.763790000000000080e-01 5.364858162446232981e-02 4.125871093446564775e-02 5.364858162446232981e-02 1.821000000000000119e-01 3.791871396949128559e-02 4.125871093446564081e-02 3.791871396949127865e-02 1.155309999999999948e-01
1.763790000000000080e-01 6.471856140901141585e-02 4.546914192963719820e-02 6.471856140901141585e-02 1.821000000000000119e-01 4.671572567964028116e-02 4.546914192963719126e-02 4.671572567964027423e-02 1.155309999999999948e-01
1.763790000000000080e-01 7.096138483930634899e-02 5.556720906606553434e-02 7.096138483930634899e-02 1.821000000000000119e-01 5.444867081640058365e-02 5.556720906606552740e-02 5.444867081640057671e-02 1.155309999999999948e-01
1.763790000000000080e-01 8.287521480503871885e-02 6.249384732804144638e-02 8.287521480503871885e-02 1.821000000000000119e-01 5.705367766699511595e-02 6.249384732804143944e-02 5.705367766699510901e-02 1.155309999999999948e-01
1.763790000000000080e-01 8.936272052109746344e-02 6.585513390248824706e-02 8.936272052109746344e-02 1.821000000000000119e-01 6.235235432655127086e-02 6.585513390248824706e-02 6.235235432655126392e-02 1.155309999999999948e-01
1.763790000000000080e-01 9.898690163878993975e-02 7.708321959464420337e-02 9.898690163878993975e-02 1.821000000000000119e-01 6.856743435412059051e-02 7.708321959464418949e-02 6.856743435412057663e-02 1.155309999999999948e-01
1.763790000000000080e-01 1.071092900484105492e-01 7.849743152357513409e-02 1.071092900484105492e-01 1.821000000000000119e-01 7.712495618066465830e-02 7.849743152357512022e-02 7.712495618066465830e-02 1.155309999999999948e-01
1.763790000000000080e-01 1.108150304844982281e-01 8.751813034041747152e-02 1.108150304844982281e-01 1.821000000000000119e-01 8.569408987904476860e-02 8.751813034041747152e-02 8.569408987904475472e-02 1.155309999999999948e-01
1.763790000000000080e-01 1.251227021261735184e-01 9.596563935474540508e-02 1.251227021261735184e-01 1.821000000000000119e-01 8.872628941317922679e-02 9.596563935474539120e-02 8.872628941317922679e-02 1.155309999999999948e-01
1.763790000000000080e-01 1.264854279734513032e-01 1.018558852764221562e-01 1.264854279734513032e-01 1.821000000000000119e-01 9.273201564286102927e-02 1.018558852764221423e-01 9.273201564286101539e-02 1.155309999999999948e-01
1.763790000000000080e-01 1.373827229763660840e-01 1.092846152187837289e-01 1.373827229763660840e-01 1.821000000000000119e-01 1.015315659620392580e-01 1.092846152187837150e-01 1.015315659620392441e-01 1.155309999999999948e-01
1.763790000000000080e-01 1.496842538880105156e-01 1.153182102418602029e-01 1.496842538880105156e-01 1.821000000000000119e-01 1.069313861308076735e-01 1.153182102418601890e-01 1.069313861308076596e-01 1.155309999999999948e-01
1.763790000000000080e-01 1.527697783394796616e-01 1.171427729680593610e-01 1.527697783394796616e-01 1.821000000000000119e-01 1.130486417952796252e-01 1.171427729680593471e-01 1.130486417952796113e-01 1.155309999999999948e-01
1.763790000000000080e-01 1.600300000000000056e-01 1.223930000000000157e-01 1.600300000000000056e-01 1.821000000000000119e-01 1.163100000000000106e-01 1.223930000000000018e-01 1.163099999999999967e-01 1.155309999999999948e-01
c: 
2.878000000000000114e+00
2.705000000000000071e+00
2.164000000000000146e+00
