CDF: 
4.199999999999999845e-01 4.500000000000000111e-01 8.000000000000000444e-01 1.000000000000000000e+00
3.900000000000000133e-01 4.000000000000000222e-01 4.600000000000000200e-01 1.000000000000000000e+00
2.300000000000000100e-01 3.499999999999999778e-01 8.299999999999999600e-01 1.000000000000000000e+00
sigma: 
1.369360000000000022e-01 6.874834658654558651e-03 5.204851452486794049e-04 6.874834658654558651e-03 2.330190000000000317e-01 1.314713926652503985e-03 5.204851452486794049e-04 1.314713926652504201e-03 1.081239999999999979e-01
1.369360000000000022e-01 1.011951568214914526e-02 1.021473112971617477e-02 1.011951568214914526e-02 2.330190000000000317e-01 1.062083407742364823e-02 1.021473112971617477e-02 1.062083407742364823e-02 1.081239999999999979e-01
1.369360000000000022e-01 1.648543555165642854e-02 1.344082125675979782e-02 1.648543555165642854e-02 2.330190000000000317e-01 1.126109917758152078e-02 1.344082125675979782e-02 1.126109917758152078e-02 1.081239999999999979e-01
1.369360000000000022e-01 2.118110275858839375e-02 2.271082554740334880e-02 2.118110275858839375e-02 2.330190000000000317e-01 1.764968488450071107e-02 2.271082554740334880e-02 1.764968488450071454e-02 1.081239999999999979e-01
1.369360000000000022e-01 2.869130059222372783e-02 2.782824982040633943e-02 2.869130059222372783e-02 2.330190000000000317e-01 2.288265505535201291e-02 2.782824982040633943e-02 2.288265505535201638e-02 1.081239999999999979e-01
1.369360000000000022e-01 4.120282961681596273e-02 3.460761926420023726e-02 4.120282961681596273e-02 2.330190000000000317e-01 3.106673779572062186e-02 3.460761926420023726e-02 3.106673779572062533e-02 1.081239999999999979e-01
1.369360000000000022e-01 4.759569271363196796e-02 3.524893408022095748e-02 4.759569271363196796e-02 2.330190000000000317e-01 3.346132805439402946e-02 3.524893408022095748e-02 3.346132805439402946e-02 1.081239999999999979e-01
1.369360000000000022e-01 5.505608486373858579e-02 4.327526057200262871e-02 5.505608486373858579e-02 2.330190000000000317e-01 4.262107684416462094e-02 4.327526057200262871e-02 4.262107684416462094e-02 1.081239999999999979e-01
1.369360000000000022e-01 5.547146031645439762e-02 4.681001968072250052e-02 5.547146031645439762e-02 2.330190000000000317e-01 4.612339156104026255e-02 4.681001968072250052e-02 4.612339156104026949e-02 1.081239999999999979e-01
1.369360000000000022e-01 6.329865537193481162e-02 5.304713660697666505e-02 6.329865537193481162e-02 2.330190000000000317e-01 5.442830283631936578e-02 5.304713660697666505e-02 5.442830283631937272e-02 1.081239999999999979e-01
1.369360000000000022e-01 6.971825505609083318e-02 6.183519190722109454e-02 6.971825505609083318e-02 2.330190000000000317e-01 5.609743856978927079e-02 6.183519190722109454e-02 5.609743856978927773e-02 1.081239999999999979e-01
1.369360000000000022e-01 8.009372799125878684e-02 6.716647485739070389e-02 8.009372799125878684e-02 2.330190000000000317e-01 6.219597031772898521e-02 6.716647485739070389e-02 6.219597031772899215e-02 1.081239999999999979e-01
1.369360000000000022e-01 8.746337962897450524e-02 7.553597956116242518e-02 8.746337962897450524e-02 2.330190000000000317e-01 6.777634460562789731e-02 7.553597956116242518e-02 6.777634460562791119e-02 1.081239999999999979e-01
1.369360000000000022e-01 9.655283692802749118e-02 7.848146228554682413e-02 9.655283692802749118e-02 2.330190000000000317e-01 7.226501069590383908e-02 7.848146228554682413e-02 7.226501069590385296e-02 1.081239999999999979e-01
1.369360000000000022e-01 1.007346027263768123e-01 8.626166816903245438e-02 1.007346027263768123e-01 2.330190000000000317e-01 7.718692146377327534e-02 8.626166816903245438e-02 7.718692146377327534e-02 1.081239999999999979e-01
1.369360000000000022e-01 1.083500943655842375e-01 8.958162418336906851e-02 1.083500943655842375e-01 2.330190000000000317e-01 8.513628865347855346e-02 8.958162418336906851e-02 8.513628865347856733e-02 1.081239999999999979e-01
1.369360000000000022e-01 1.138748389048889892e-01 9.466676818004471361e-02 1.138748389048889892e-01 2.330190000000000317e-01 9.343971707549615646e-02 9.466676818004471361e-02 9.343971707549617034e-02 1.081239999999999979e-01
1.369360000000000022e-01 1.207880041005983812e-01 1.019323098586842613e-01 1.207880041005983812e-01 2.330190000000000317e-01 9.615376037985079449e-02 1.019323098586842613e-01 9.615376037985080837e-02 1.081239999999999979e-01
1.369360000000000022e-01 1.265584557916875075e-01 1.080642106264453894e-01 1.265584557916875075e-01 2.330190000000000317e-01 1.010075397202223890e-01 1.080642106264453894e-01 1.010075397202224029e-01 1.081239999999999979e-01
1.369360000000000022e-01 1.316280000000000228e-01 1.109919999999999934e-01 1.316280000000000228e-01 2.330190000000000317e-01 1.044659999999999894e-01 1.109919999999999934e-01 1.044660000000000033e-01 1.081239999999999979e-01
c: 
1.594000000000000083e+00
2.956999999999999851e+00
1.381999999999999895e+00
