CDF: 
4.699999999999999734e-01 8.000000000000000444e-01 8.299999999999999600e-01 1.000000000000000000e+00
2.999999999999999889e-01 6.099999999999999867e-01 9.300000000000000488e-01 1.000000000000000000e+00
2.899999999999999800e-01 3.699999999999999956e-01 5.500000000000000444e-01 1.000000000000000000e+00
sigma: 
1.310560000000000336e-01 3.404368569567049405e-03 3.659430057644815111e-03 3.404368569567049838e-03 6.309099999999999431e-02 1.388127244626354397e-03 3.659430057644815111e-03 1.388127244626354397e-03 2.048560000000000103e-01
1.310560000000000336e-01 3.586153561469793746e-03 5.175843264842579575e-03 3.586153561469794613e-03 6.309099999999999431e-02 5.369872614853919007e-03 5.175843264842579575e-03 5.369872614853919007e-03 2.048560000000000103e-01
1.310560000000000336e-01 7.768881940227749874e-03 1.402498434636390706e-02 7.768881940227750742e-03 6.309099999999999431e-02 1.198326840579070664e-02 1.402498434636390706e-02 1.198326840579070664e-02 2.048560000000000103e-01
1.310560000000000336e-01 1.288518022776373451e-02 1.918833538996835703e-02 1.288518022776373798e-02 6.309099999999999431e-02 1.500655701442710210e-02 1.918833538996835703e-02 1.500655701442710210e-02 2.048560000000000103e-01
1.310560000000000336e-01 1.579225642617284112e-02 2.115757592821091923e-02 1.579225642617284459e-02 6.309099999999999431e-02 1.939368565988143500e-02 2.115757592821091923e-02 1.939368565988143500e-02 2.048560000000000103e-01
1.310560000000000336e-01 1.859486462392918871e-02 2.769045004709474664e-02 1.859486462392919218e-02 6.309099999999999431e-02 2.155320431059119107e-02 2.769045004709474664e-02 2.155320431059119107e-02 2.048560000000000103e-01
1.310560000000000336e-01 2.287630460543380040e-02 3.217080736597340701e-02 2.287630460543380387e-02 6.309099999999999431e-02 2.617919624266553183e-02 3.217080736597340701e-02 2.617919624266553183e-02 2.048560000000000103e-01
1.310560000000000336e-01 2.507637745749967048e-02 3.847415582704864778e-02 2.507637745749967395e-02 6.309099999999999431e-02 3.061015712984999776e-02 3.847415582704864778e-02 3.061015712984999776e-02 2.048560000000000103e-01
1.310560000000000336e-01 2.905891755008846791e-02 4.135749047825872105e-02 2.905891755008847485e-02 6.309099999999999431e-02 3.479211383960367776e-02 4.135749047825872105e-02 3.479211383960367776e-02 2.048560000000000103e-01
1.310560000000000336e-01 3.492061324533033556e-02 5.111936920673629259e-02 3.492061324533034250e-02 6.309099999999999431e-02 3.798028301738823331e-02 5.111936920673629259e-02 3.798028301738823331e-02 2.048560000000000103e-01
1.310560000000000336e-01 3.920918383218647413e-02 5.278907818031824961e-02 3.920918383218648801e-02 6.309099999999999431e-02 4.381091008470495290e-02 5.278907818031824961e-02 4.381091008470495290e-02 2.048560000000000103e-01
1.310560000000000336e-01 4.142044899842539651e-02 5.825786392274838466e-02 4.142044899842540345e-02 6.309099999999999431e-02 4.582995835168075099e-02 5.825786392274838466e-02 4.582995835168075099e-02 2.048560000000000103e-01
1.310560000000000336e-01 4.442241712535310860e-02 6.484986815230087132e-02 4.442241712535311554e-02 6.309099999999999431e-02 5.126578269372639163e-02 6.484986815230087132e-02 5.126578269372639163e-02 2.048560000000000103e-01
1.310560000000000336e-01 4.859979073044232156e-02 7.192523092353862724e-02 4.859979073044233544e-02 6.309099999999999431e-02 5.648923968802528617e-02 7.192523092353862724e-02 5.648923968802528617e-02 2.048560000000000103e-01
1.310560000000000336e-01 5.047579748136370864e-02 7.500770604108374096e-02 5.047579748136372252e-02 6.309099999999999431e-02 5.815737837744330146e-02 7.500770604108374096e-02 5.815737837744330146e-02 2.048560000000000103e-01
1.310560000000000336e-01 5.680614174172735065e-02 8.039788154158621081e-02 5.680614174172735759e-02 6.309099999999999431e-02 6.242810712809412910e-02 8.039788154158621081e-02 6.242810712809412910e-02 2.048560000000000103e-01
1.310560000000000336e-01 5.797213879025400751e-02 8.695053289046603129e-02 5.797213879025401445e-02 6.309099999999999431e-02 6.609998903269326265e-02 8.695053289046603129e-02 6.609998903269326265e-02 2.048560000000000103e-01
1.310560000000000336e-01 6.255458372857168603e-02 9.090275290576438350e-02 6.255458372857169991e-02 6.309099999999999431e-02 7.260128273466212590e-02 9.090275290576438350e-02 7.260128273466212590e-02 2.048560000000000103e-01
1.310560000000000336e-01 6.525399089500114047e-02 9.434033187640858409e-02 6.525399089500115435e-02 6.309099999999999431e-02 7.590237925188983437e-02 9.434033187640858409e-02 7.590237925188983437e-02 2.048560000000000103e-01
1.310560000000000336e-01 6.803599999999999925e-02 9.785600000000002630e-02 6.803600000000001313e-02 6.309099999999999431e-02 7.723599999999999910e-02 9.785600000000002630e-02 7.723599999999999910e-02 2.048560000000000103e-01
c: 
2.996999999999999886e+00
1.016000000000000014e+00
2.491999999999999993e+00
