CDF: 
4.500000000000000111e-01 5.999999999999999778e-01 9.000000000000000222e-01 1.000000000000000000e+00
4.000000000000000222e-01 4.299999999999999933e-01 8.499999999999999778e-01 1.000000000000000000e+00
1.700000000000000122e-01 7.299999999999999822e-01 7.700000000000000178e-01 1.000000000000000000e+00
sigma: 
9.150000000000002576e-02 7.701329046724043502e-04 3.655487990907565002e-03 7.701329046724042417e-04 1.134240000000000109e-01 1.442762195111464089e-03 3.655487990907565002e-03 1.442762195111464306e-03 1.306360000000000299e-01
9.150000000000002576e-02 4.992743385094037395e-03 7.733597271035281065e-03 4.992743385094036528e-03 1.134240000000000109e-01 6.922423595972545217e-03 7.733597271035281065e-03 6.922423595972546084e-03 1.306360000000000299e-01
9.150000000000002576e-02 1.079956298969340575e-02 1.298650620326644023e-02 1.079956298969340402e-02 1.134240000000000109e-01 1.322920715322102592e-02 1.298650620326644023e-02 1.322920715322102765e-02 1.306360000000000299e-01
9.150000000000002576e-02 1.824490079313111773e-02 1.440491288017651562e-02 1.824490079313111426e-02 1.134240000000000109e-01 1.769861388769837854e-02 1.440491288017651562e-02 1.769861388769838201e-02 1.306360000000000299e-01
9.150000000000002576e-02 1.976542826435224651e-02 2.217904711714417318e-02 1.976542826435224304e-02 1.134240000000000109e-01 2.216167385757243646e-02 2.217904711714417318e-02 2.216167385757243993e-02 1.306360000000000299e-01
9.150000000000002576e-02 2.489560238812364712e-02 2.636363920078533055e-02 2.489560238812364365e-02 1.134240000000000109e-01 2.919983403582074311e-02 2.636363920078533055e-02 2.919983403582074658e-02 1.306360000000000299e-01
9.150000000000002576e-02 3.039092959941509797e-02 2.744626418868775439e-02 3.039092959941509103e-02 1.134240000000000109e-01 3.095808508206015358e-02 2.744626418868775439e-02 3.095808508206015705e-02 1.306360000000000299e-01
9.150000000000002576e-02 3.704013624216368622e-02 3.260429012964906337e-02 3.704013624216368622e-02 1.134240000000000109e-01 3.835900152983201528e-02 3.260429012964906337e-02 3.835900152983202221e-02 1.306360000000000299e-01
9.150000000000002576e-02 4.060290275667668286e-02 3.618538159336540105e-02 4.060290275667667592e-02 1.134240000000000109e-01 4.341970668587816912e-02 3.618538159336540105e-02 4.341970668587817606e-02 1.306360000000000299e-01
9.150000000000002576e-02 4.490070796624624772e-02 4.075205701873446662e-02 4.490070796624624078e-02 1.134240000000000109e-01 4.640512990387782311e-02 4.075205701873446662e-02 4.640512990387783004e-02 1.306360000000000299e-01
9.150000000000002576e-02 4.816302176295433196e-02 4.715294911207085909e-02 4.816302176295432502e-02 1.134240000000000109e-01 5.407975657045079043e-02 4.715294911207085909e-02 5.407975657045079737e-02 1.306360000000000299e-01
9.150000000000002576e-02 5.362586602819560677e-02 5.051342177203364814e-02 5.362586602819559983e-02 1.134240000000000109e-01 6.122232754958556455e-02 5.051342177203364814e-02 6.122232754958557149e-02 1.306360000000000299e-01
9.150000000000002576e-02 5.998178728407006777e-02 5.807805088961673357e-02 5.998178728407006083e-02 1.134240000000000109e-01 6.592300766330586037e-02 5.807805088961673357e-02 6.592300766330587425e-02 1.306360000000000299e-01
9.150000000000002576e-02 6.598054178179944829e-02 6.209752589363919800e-02 6.598054178179943441e-02 1.134240000000000109e-01 6.980133861519581540e-02 6.209752589363919800e-02 6.980133861519582927e-02 1.306360000000000299e-01
9.150000000000002576e-02 6.754768481465649177e-02 6.347360039059656012e-02 6.754768481465647789e-02 1.134240000000000109e-01 7.483935513913722581e-02 6.347360039059656012e-02 7.483935513913723969e-02 1.306360000000000299e-01
9.150000000000002576e-02 7.413025014398166856e-02 6.951395479493717444e-02 7.413025014398165469e-02 1.134240000000000109e-01 8.105550699424630967e-02 6.951395479493717444e-02 8.105550699424632355e-02 1.306360000000000299e-01
9.150000000000002576e-02 7.992807604029618374e-02 7.234352636936082492e-02 7.992807604029618374e-02 1.134240000000000109e-01 8.711391915639403460e-02 7.234352636936082492e-02 8.711391915639404848e-02 1.306360000000000299e-01
9.150000000000002576e-02 8.361060577372399216e-02 7.781869159719698170e-02 8.361060577372397828e-02 1.134240000000000109e-01 9.062072246226235417e-02 7.781869159719698170e-02 9.062072246226236805e-02 1.306360000000000299e-01
9.150000000000002576e-02 8.849899907623627604e-02 8.369552589644466134e-02 8.849899907623626216e-02 1.134240000000000109e-01 9.377365822179435650e-02 8.369552589644466134e-02 9.377365822179437038e-02 1.306360000000000299e-01
9.150000000000002576e-02 9.100000000000001144e-02 8.530000000000001470e-02 9.099999999999999756e-02 1.134240000000000109e-01 9.760800000000000032e-02 8.530000000000001470e-02 9.760800000000001420e-02 1.306360000000000299e-01
c: 
1.991999999999999993e+00
2.959000000000000075e+00
2.891000000000000014e+00
