CDF: 
2.600000000000000089e-01 5.100000000000000089e-01 7.399999999999999911e-01 1.000000000000000000e+00
5.000000000000000278e-02 2.300000000000000100e-01 4.799999999999999822e-01 1.000000000000000000e+00
1.400000000000000133e-01 3.499999999999999778e-01 6.099999999999999867e-01 1.000000000000000000e+00
sigma: 
1.451960000000000195e-01 3.467045996743945389e-04 2.604905428581413222e-03 3.467045996743945389e-04 1.368639999999999857e-01 2.785515571007650144e-03 2.604905428581412788e-03 2.785515571007650144e-03 1.527040000000000064e-01
1.451960000000000195e-01 6.571804354445749327e-03 9.250031326546937632e-03 6.571804354445749327e-03 1.368639999999999857e-01 1.220299519340315927e-02 9.250031326546935898e-03 1.220299519340315927e-02 1.527040000000000064e-01
1.451960000000000195e-01 1.696749262066149858e-02 1.431494793913225781e-02 1.696749262066149511e-02 1.368639999999999857e-01 1.425191936945970766e-02 1.431494793913225434e-02 1.425191936945970766e-02 1.527040000000000064e-01
1.451960000000000195e-01 2.311744722473201008e-02 2.073981048134517988e-02 2.311744722473200661e-02 1.368639999999999857e-01 2.596937270003800771e-02 2.073981048134517641e-02 2.596937270003800771e-02 1.527040000000000064e-01
1.451960000000000195e-01 2.476782551852188541e-02 2.714977614293085859e-02 2.476782551852188194e-02 1.368639999999999857e-01 3.237148489586098160e-02 2.714977614293085165e-02 3.237148489586098160e-02 1.527040000000000064e-01
1.451960000000000195e-01 3.512153352959069413e-02 3.691032900417803853e-02 3.512153352959068719e-02 1.368639999999999857e-01 3.378251754485753905e-02 3.691032900417803159e-02 3.378251754485753905e-02 1.527040000000000064e-01
1.451960000000000195e-01 3.535420284805356611e-02 4.150728596901636508e-02 3.535420284805356611e-02 1.368639999999999857e-01 3.969367018172329648e-02 4.150728596901635814e-02 3.969367018172329648e-02 1.527040000000000064e-01
1.451960000000000195e-01 4.335785610516633415e-02 5.002294788827187783e-02 4.335785610516632721e-02 1.368639999999999857e-01 4.920272463960711357e-02 5.002294788827187089e-02 4.920272463960711357e-02 1.527040000000000064e-01
1.451960000000000195e-01 5.119988436896754508e-02 5.573548746246215213e-02 5.119988436896753814e-02 1.368639999999999857e-01 5.881973568934904112e-02 5.573548746246213825e-02 5.881973568934904112e-02 1.527040000000000064e-01
1.451960000000000195e-01 5.552628475771509420e-02 6.491513473358444253e-02 5.552628475771508726e-02 1.368639999999999857e-01 6.106775664211724908e-02 6.491513473358442865e-02 6.106775664211724908e-02 1.527040000000000064e-01
1.451960000000000195e-01 6.108864698241913554e-02 7.108640063564816702e-02 6.108864698241912861e-02 1.368639999999999857e-01 6.811093174992358112e-02 7.108640063564815315e-02 6.811093174992358112e-02 1.527040000000000064e-01
1.451960000000000195e-01 6.700772978590191498e-02 8.014364783657262903e-02 6.700772978590190110e-02 1.368639999999999857e-01 7.307759970968009944e-02 8.014364783657261515e-02 7.307759970968009944e-02 1.527040000000000064e-01
1.451960000000000195e-01 7.398684101273328428e-02 8.686026225413631674e-02 7.398684101273327041e-02 1.368639999999999857e-01 8.422321386053439884e-02 8.686026225413628898e-02 8.422321386053439884e-02 1.527040000000000064e-01
1.451960000000000195e-01 8.126663630285774209e-02 8.835155412867377878e-02 8.126663630285774209e-02 1.368639999999999857e-01 8.750344082055522277e-02 8.835155412867376490e-02 8.750344082055522277e-02 1.527040000000000064e-01
1.451960000000000195e-01 8.468006531014979354e-02 9.718433239094613485e-02 8.468006531014977967e-02 1.368639999999999857e-01 9.265750572737468937e-02 9.718433239094612097e-02 9.265750572737468937e-02 1.527040000000000064e-01
1.451960000000000195e-01 9.136552323813008913e-02 1.034312573978527355e-01 9.136552323813007526e-02 1.368639999999999857e-01 1.031378020022375164e-01 1.034312573978527078e-01 1.031378020022375164e-01 1.527040000000000064e-01
1.451960000000000195e-01 9.922417869608202157e-02 1.108180341646670813e-01 9.922417869608200769e-02 1.368639999999999857e-01 1.063231365755285679e-01 1.108180341646670675e-01 1.063231365755285679e-01 1.527040000000000064e-01
1.451960000000000195e-01 1.009327165671539267e-01 1.184857115818351153e-01 1.009327165671539128e-01 1.368639999999999857e-01 1.135667023275089699e-01 1.184857115818350876e-01 1.135667023275089699e-01 1.527040000000000064e-01
1.451960000000000195e-01 1.085884170526215248e-01 1.223621426048650401e-01 1.085884170526215109e-01 1.368639999999999857e-01 1.210968801757203867e-01 1.223621426048650124e-01 1.210968801757203867e-01 1.527040000000000064e-01
1.451960000000000195e-01 1.118880000000000152e-01 1.289280000000000148e-01 1.118880000000000013e-01 1.368639999999999857e-01 1.243839999999999807e-01 1.289279999999999871e-01 1.243839999999999807e-01 1.527040000000000064e-01
c: 
2.975999999999999979e+00
2.817000000000000171e+00
1.502000000000000002e+00
