CDF: 
1.799999999999999933e-01 2.500000000000000000e-01 8.299999999999999600e-01 1.000000000000000000e+00
3.099999999999999978e-01 3.499999999999999778e-01 6.300000000000000044e-01 1.000000000000000000e+00
3.200000000000000067e-01 4.600000000000000200e-01 6.999999999999999556e-01 1.000000000000000000e+00
sigma: 
9.254399999999998738e-02 3.609977017557312266e-03 3.481904424293319304e-03 3.609977017557312266e-03 1.763000000000000123e-01 2.017132694666370907e-03 3.481904424293319304e-03 2.017132694666370907e-03 1.642239999999999811e-01
9.254399999999998738e-02 5.280034905005997516e-03 5.781785596315316793e-03 5.280034905005997516e-03 1.763000000000000123e-01 1.019252418912344402e-02 5.781785596315316793e-03 1.019252418912344402e-02 1.642239999999999811e-01
9.254399999999998738e-02 1.023967243257395930e-02 1.413208919435806135e-02 1.023967243257395930e-02 1.763000000000000123e-01 2.464110599477412067e-02 1.413208919435806135e-02 2.464110599477412067e-02 1.642239999999999811e-01
9.254399999999998738e-02 1.708789137886512419e-02 1.963696117215706777e-02 1.708789137886512419e-02 1.763000000000000123e-01 3.190438273117521262e-02 1.963696117215706777e-02 3.190438273117521262e-02 1.642239999999999811e-01
9.254399999999998738e-02 2.139312002010139782e-02 2.485458234848472725e-02 2.139312002010139782e-02 1.763000000000000123e-01 3.950251564069991173e-02 2.485458234848472725e-02 3.950251564069991173e-02 1.642239999999999811e-01
9.254399999999998738e-02 2.964830665813993418e-02 2.646749219332718631e-02 2.964830665813993418e-02 1.763000000000000123e-01 4.619791353226421898e-02 2.646749219332718631e-02 4.619791353226421898e-02 1.642239999999999811e-01
9.254399999999998738e-02 3.160862854251799553e-02 3.035230835153910831e-02 3.160862854251799553e-02 1.763000000000000123e-01 5.710522300235423843e-02 3.035230835153910831e-02 5.710522300235423843e-02 1.642239999999999811e-01
9.254399999999998738e-02 3.872141105006145917e-02 3.592287597800140203e-02 3.872141105006145917e-02 1.763000000000000123e-01 5.973489068058990964e-02 3.592287597800140203e-02 5.973489068058990964e-02 1.642239999999999811e-01
9.254399999999998738e-02 4.411200423808185611e-02 4.417439860940163693e-02 4.411200423808185611e-02 1.763000000000000123e-01 7.275988625766820206e-02 4.417439860940163693e-02 7.275988625766820206e-02 1.642239999999999811e-01
9.254399999999998738e-02 4.717790387570002658e-02 4.853251809896417385e-02 4.717790387570002658e-02 1.763000000000000123e-01 7.719591222608361558e-02 4.853251809896417385e-02 7.719591222608361558e-02 1.642239999999999811e-01
9.254399999999998738e-02 5.234679667670298631e-02 5.441117182184674467e-02 5.234679667670298631e-02 1.763000000000000123e-01 8.874432071380775056e-02 5.441117182184674467e-02 8.874432071380775056e-02 1.642239999999999811e-01
9.254399999999998738e-02 5.884950485308262924e-02 5.771267550156597426e-02 5.884950485308262924e-02 1.763000000000000123e-01 9.590611242859950480e-02 5.771267550156597426e-02 9.590611242859950480e-02 1.642239999999999811e-01
9.254399999999998738e-02 6.154544396580705762e-02 6.282700962652200405e-02 6.154544396580705762e-02 1.763000000000000123e-01 1.044880838610280221e-01 6.282700962652200405e-02 1.044880838610280221e-01 1.642239999999999811e-01
9.254399999999998738e-02 6.610174823352861495e-02 6.811162807212572945e-02 6.610174823352861495e-02 1.763000000000000123e-01 1.112942548233020468e-01 6.811162807212572945e-02 1.112942548233020468e-01 1.642239999999999811e-01
9.254399999999998738e-02 7.161795631219991520e-02 7.182475904069714201e-02 7.161795631219991520e-02 1.763000000000000123e-01 1.184393125045827555e-01 7.182475904069714201e-02 1.184393125045827555e-01 1.642239999999999811e-01
9.254399999999998738e-02 7.540485449745965019e-02 7.896749369598346502e-02 7.540485449745965019e-02 1.763000000000000123e-01 1.265422758905475342e-01 7.896749369598346502e-02 1.265422758905475342e-01 1.642239999999999811e-01
9.254399999999998738e-02 8.196181379005686163e-02 8.372459573673700362e-02 8.196181379005686163e-02 1.763000000000000123e-01 1.393025724896704010e-01 8.372459573673700362e-02 1.393025724896704010e-01 1.642239999999999811e-01
9.254399999999998738e-02 8.624144964328080143e-02 8.698660760799982461e-02 8.624144964328080143e-02 1.763000000000000123e-01 1.421377256469465167e-01 8.698660760799982461e-02 1.421377256469465167e-01 1.642239999999999811e-01
9.254399999999998738e-02 9.002159291547653930e-02 9.259058454580619546e-02 9.002159291547653930e-02 1.763000000000000123e-01 1.505961612163957131e-01 9.259058454580619546e-02 1.505961612163957131e-01 1.642239999999999811e-01
9.254399999999998738e-02 9.416000000000002146e-02 9.521599999999999508e-02 9.416000000000002146e-02 1.763000000000000123e-01 1.574399999999999966e-01 9.521599999999999508e-02 1.574399999999999966e-01 1.642239999999999811e-01
c: 
2.049999999999999822e+00
1.308000000000000052e+00
1.030999999999999917e+00
