CDF: 
2.099999999999999922e-01 3.699999999999999956e-01 5.300000000000000266e-01 1.000000000000000000e+00
4.799999999999999822e-01 5.699999999999999512e-01 6.800000000000000488e-01 1.000000000000000000e+00
3.800000000000000044e-01 4.099999999999999756e-01 6.899999999999999467e-01 1.000000000000000000e+00
sigma: 
2.008439999999999948e-01 5.964252104456732075e-03 6.215271442606254458e-04 5.964252104456732075e-03 1.997559999999999891e-01 1.196367340607271384e-03 6.215271442606255543e-04 1.196367340607271167e-03 1.778910000000000213e-01
2.008439999999999948e-01 1.066709701883044280e-02 1.556421292189932339e-02 1.066709701883044280e-02 1.997559999999999891e-01 1.531744745070670426e-02 1.556421292189932686e-02 1.531744745070670252e-02 1.778910000000000213e-01
2.008439999999999948e-01 1.820790053653909002e-02 2.239168362021737302e-02 1.820790053653909002e-02 1.997559999999999891e-01 2.163587154222494646e-02 2.239168362021737649e-02 2.163587154222494299e-02 1.778910000000000213e-01
2.008439999999999948e-01 2.848932606198038495e-02 2.650301550564149872e-02 2.848932606198038495e-02 1.997559999999999891e-01 3.719534452294158411e-02 2.650301550564150219e-02 3.719534452294157717e-02 1.778910000000000213e-01
2.008439999999999948e-01 4.267159099629684593e-02 3.683396628659268979e-02 4.267159099629684593e-02 1.997559999999999891e-01 4.698652497941759043e-02 3.683396628659269673e-02 4.698652497941758349e-02 1.778910000000000213e-01
2.008439999999999948e-01 5.108786775079253439e-02 4.477717355844796493e-02 5.108786775079253439e-02 1.997559999999999891e-01 5.049241278809471489e-02 4.477717355844797881e-02 5.049241278809470795e-02 1.778910000000000213e-01
2.008439999999999948e-01 5.327043720316582825e-02 5.596390297409940817e-02 5.327043720316582825e-02 1.997559999999999891e-01 5.845279494935162051e-02 5.596390297409941511e-02 5.845279494935161357e-02 1.778910000000000213e-01
2.008439999999999948e-01 6.743702933676264111e-02 6.526850767260042319e-02 6.743702933676264111e-02 1.997559999999999891e-01 6.764014365100573523e-02 6.526850767260043706e-02 6.764014365100572135e-02 1.778910000000000213e-01
2.008439999999999948e-01 7.066137558804760910e-02 6.787603426053603894e-02 7.066137558804760910e-02 1.997559999999999891e-01 8.430037545788818254e-02 6.787603426053605282e-02 8.430037545788816866e-02 1.778910000000000213e-01
2.008439999999999948e-01 8.345958241667775224e-02 7.543340915103438626e-02 8.345958241667775224e-02 1.997559999999999891e-01 9.086055540070774039e-02 7.543340915103440014e-02 9.086055540070772651e-02 1.778910000000000213e-01
2.008439999999999948e-01 8.994785898145246650e-02 8.485014436220560119e-02 8.994785898145246650e-02 1.997559999999999891e-01 9.972961258584100985e-02 8.485014436220561507e-02 9.972961258584099598e-02 1.778910000000000213e-01
2.008439999999999948e-01 9.637939706464035416e-02 9.705596382801799649e-02 9.637939706464035416e-02 1.997559999999999891e-01 1.106870793462428337e-01 9.705596382801801036e-02 1.106870793462428199e-01 1.778910000000000213e-01
2.008439999999999948e-01 1.125389459298203471e-01 1.046784923136517831e-01 1.125389459298203471e-01 1.997559999999999891e-01 1.200007999493559324e-01 1.046784923136517970e-01 1.200007999493559185e-01 1.778910000000000213e-01
2.008439999999999948e-01 1.199349653373915359e-01 1.090207392722710722e-01 1.199349653373915359e-01 1.997559999999999891e-01 1.287161009330290706e-01 1.090207392722711000e-01 1.287161009330290429e-01 1.778910000000000213e-01
2.008439999999999948e-01 1.225086146406744042e-01 1.211315542415360158e-01 1.225086146406744042e-01 1.997559999999999891e-01 1.350396328290114634e-01 1.211315542415360297e-01 1.350396328290114356e-01 1.778910000000000213e-01
2.008439999999999948e-01 1.344008828592377913e-01 1.321062656331162266e-01 1.344008828592377913e-01 1.997559999999999891e-01 1.473331615851401488e-01 1.321062656331162544e-01 1.473331615851401488e-01 1.778910000000000213e-01
2.008439999999999948e-01 1.462061022186974535e-01 1.382398724231301834e-01 1.462061022186974535e-01 1.997559999999999891e-01 1.595985880981282690e-01 1.382398724231302112e-01 1.595985880981282412e-01 1.778910000000000213e-01
2.008439999999999948e-01 1.527292926762175707e-01 1.472049328833733850e-01 1.527292926762175707e-01 1.997559999999999891e-01 1.712922942779077362e-01 1.472049328833734128e-01 1.712922942779077085e-01 1.778910000000000213e-01
2.008439999999999948e-01 1.644857037269842892e-01 1.511282287707119698e-01 1.644857037269842892e-01 1.997559999999999891e-01 1.730886972671045465e-01 1.511282287707119976e-01 1.730886972671045188e-01 1.778910000000000213e-01
2.008439999999999948e-01 1.651920000000000055e-01 1.577019999999999811e-01 1.651920000000000055e-01 1.997559999999999891e-01 1.818860000000000199e-01 1.577020000000000088e-01 1.818859999999999921e-01 1.778910000000000213e-01
c: 
1.284999999999999920e+00
1.320999999999999952e+00
2.512000000000000011e+00
