CDF: 
1.900000000000000022e-01 3.300000000000000155e-01 4.400000000000000022e-01 1.000000000000000000e+00
5.699999999999999512e-01 6.500000000000000222e-01 6.700000000000000400e-01 1.000000000000000000e+00
5.600000000000000533e-01 7.099999999999999645e-01 7.900000000000000355e-01 1.000000000000000000e+00
sigma: 
2.028510000000000035e-01 2.358980223646953926e-03 2.322547299315608649e-03 2.358980223646953926e-03 2.142639999999999545e-01 5.783486527822359613e-03 2.322547299315608216e-03 5.783486527822359613e-03 1.566990000000000050e-01
2.028510000000000035e-01 9.922236901324533315e-03 5.593699551285919412e-03 9.922236901324533315e-03 2.142639999999999545e-01 9.568722094179419463e-03 5.593699551285918545e-03 9.568722094179419463e-03 1.566990000000000050e-01
2.028510000000000035e-01 1.822407557957695518e-02 1.432992100173531048e-02 1.822407557957695518e-02 2.142639999999999545e-01 2.174084896758256280e-02 1.432992100173530875e-02 2.174084896758256280e-02 1.566990000000000050e-01
2.028510000000000035e-01 2.272031534390210605e-02 1.626192936652134241e-02 2.272031534390210605e-02 2.142639999999999545e-01 2.797110145907734380e-02 1.626192936652133894e-02 2.797110145907734380e-02 1.566990000000000050e-01
2.028510000000000035e-01 3.390181761285265827e-02 2.163498563027741253e-02 3.390181761285265827e-02 2.142639999999999545e-01 3.347657469922944717e-02 2.163498563027740906e-02 3.347657469922944717e-02 1.566990000000000050e-01
2.028510000000000035e-01 4.243397717670791686e-02 2.938350764124181974e-02 4.243397717670791686e-02 2.142639999999999545e-01 4.274893751437720130e-02 2.938350764124181280e-02 4.274893751437720130e-02 1.566990000000000050e-01
2.028510000000000035e-01 4.797784300442360650e-02 3.454937801121560348e-02 4.797784300442360650e-02 2.142639999999999545e-01 5.647177327974612498e-02 3.454937801121560348e-02 5.647177327974612498e-02 1.566990000000000050e-01
2.028510000000000035e-01 5.146956210047216873e-02 3.908941342120651058e-02 5.146956210047216873e-02 2.142639999999999545e-01 5.771309805085710065e-02 3.908941342120651058e-02 5.771309805085710065e-02 1.566990000000000050e-01
2.028510000000000035e-01 5.840591076338243204e-02 4.280693233014638138e-02 5.840591076338243204e-02 2.142639999999999545e-01 6.742861382459312825e-02 4.280693233014637444e-02 6.742861382459312825e-02 1.566990000000000050e-01
2.028510000000000035e-01 6.954517574812855985e-02 4.658219937952761541e-02 6.954517574812855985e-02 2.142639999999999545e-01 7.671376623918330084e-02 4.658219937952760847e-02 7.671376623918330084e-02 1.566990000000000050e-01
2.028510000000000035e-01 7.804068903136927859e-02 5.499630440989012464e-02 7.804068903136927859e-02 2.142639999999999545e-01 8.400823015081275436e-02 5.499630440989011770e-02 8.400823015081275436e-02 1.566990000000000050e-01
2.028510000000000035e-01 8.413430133443881853e-02 6.175506859190968423e-02 8.413430133443881853e-02 2.142639999999999545e-01 9.104796686638313985e-02 6.175506859190967729e-02 9.104796686638313985e-02 1.566990000000000050e-01
2.028510000000000035e-01 8.774283400136842492e-02 6.380373567180823435e-02 8.774283400136842492e-02 2.142639999999999545e-01 1.009307423654172420e-01 6.380373567180822048e-02 1.009307423654172420e-01 1.566990000000000050e-01
2.028510000000000035e-01 9.390599405350730233e-02 6.792247970467978069e-02 9.390599405350730233e-02 2.142639999999999545e-01 1.129878402964871742e-01 6.792247970467976681e-02 1.129878402964871742e-01 1.566990000000000050e-01
2.028510000000000035e-01 1.056157289002168653e-01 7.532225630490560486e-02 1.056157289002168653e-01 2.142639999999999545e-01 1.206696315418933629e-01 7.532225630490559098e-02 1.206696315418933629e-01 1.566990000000000050e-01
2.028510000000000035e-01 1.080398489051859479e-01 7.842022895614327027e-02 1.080398489051859479e-01 2.142639999999999545e-01 1.292440796033296757e-01 7.842022895614325639e-02 1.292440796033296757e-01 1.566990000000000050e-01
2.028510000000000035e-01 1.187707682271148396e-01 8.667802894689861926e-02 1.187707682271148396e-01 2.142639999999999545e-01 1.307614528090350337e-01 8.667802894689860538e-02 1.307614528090350337e-01 1.566990000000000050e-01
2.028510000000000035e-01 1.246071994953862339e-01 8.985596389698050079e-02 1.246071994953862339e-01 2.142639999999999545e-01 1.451292566177972143e-01 8.985596389698048692e-02 1.451292566177972143e-01 1.566990000000000050e-01
2.028510000000000035e-01 1.335515121120358362e-01 9.283363528928857689e-02 1.335515121120358362e-01 2.142639999999999545e-01 1.466678068427445802e-01 9.283363528928856301e-02 1.466678068427445802e-01 1.566990000000000050e-01
2.028510000000000035e-01 1.351919999999999789e-01 9.785700000000001342e-02 1.351919999999999789e-01 2.142639999999999545e-01 1.537439999999999918e-01 9.785699999999999954e-02 1.537439999999999918e-01 1.566990000000000050e-01
c: 
2.737999999999999989e+00
2.684000000000000163e+00
1.082000000000000073e+00
