CDF: 
2.200000000000000011e-01 3.099999999999999978e-01 7.099999999999999645e-01 1.000000000000000000e+00
2.099999999999999922e-01 4.199999999999999845e-01 4.400000000000000022e-01 1.000000000000000000e+00
4.600000000000000200e-01 6.099999999999999867e-01 6.899999999999999467e-01 1.000000000000000000e+00
sigma: 
1.385759999999999770e-01 2.143326711157181839e-03 6.144799325380084255e-03 2.143326711157181839e-03 1.994999999999999829e-01 6.206942651779408238e-03 6.144799325380083388e-03 6.206942651779408238e-03 1.904159999999999742e-01
1.385759999999999770e-01 1.226132508243435275e-02 1.111646966463153419e-02 1.226132508243435275e-02 1.994999999999999829e-01 9.989442135364619973e-03 1.111646966463153245e-02 9.989442135364619973e-03 1.904159999999999742e-01
1.385759999999999770e-01 1.789455843991279160e-02 2.308845847744200874e-02 1.789455843991279160e-02 1.994999999999999829e-01 2.184292018334634336e-02 2.308845847744200527e-02 2.184292018334634336e-02 1.904159999999999742e-01
1.385759999999999770e-01 2.255279346309216337e-02 2.596888667311918891e-02 2.255279346309216337e-02 1.994999999999999829e-01 2.610504498590392533e-02 2.596888667311918544e-02 2.610504498590392533e-02 1.904159999999999742e-01
1.385759999999999770e-01 3.346478904931525500e-02 3.647754822125866270e-02 3.346478904931525500e-02 1.994999999999999829e-01 3.265354743905435342e-02 3.647754822125865576e-02 3.265354743905435342e-02 1.904159999999999742e-01
1.385759999999999770e-01 3.540857983990438468e-02 3.942259360710639177e-02 3.540857983990438468e-02 1.994999999999999829e-01 4.072749776630786578e-02 3.942259360710638483e-02 4.072749776630786578e-02 1.904159999999999742e-01
1.385759999999999770e-01 4.105602853169831867e-02 4.824112108710824215e-02 4.105602853169831867e-02 1.994999999999999829e-01 4.642246298318952746e-02 4.824112108710823521e-02 4.642246298318952746e-02 1.904159999999999742e-01
1.385759999999999770e-01 5.009984251284780449e-02 5.544908335201287342e-02 5.009984251284780449e-02 1.994999999999999829e-01 5.645645262361399103e-02 5.544908335201286648e-02 5.645645262361399103e-02 1.904159999999999742e-01
1.385759999999999770e-01 5.650876045443370410e-02 6.537827111303004535e-02 5.650876045443370410e-02 1.994999999999999829e-01 6.638435691070988798e-02 6.537827111303003147e-02 6.638435691070988798e-02 1.904159999999999742e-01
1.385759999999999770e-01 6.224882026533902490e-02 7.386148674863027286e-02 6.224882026533902490e-02 1.994999999999999829e-01 7.502737845226320479e-02 7.386148674863025898e-02 7.502737845226320479e-02 1.904159999999999742e-01
1.385759999999999770e-01 7.214563067246029804e-02 8.453403150247472408e-02 7.214563067246029804e-02 1.994999999999999829e-01 8.204236622770995357e-02 8.453403150247471021e-02 8.204236622770995357e-02 1.904159999999999742e-01
1.385759999999999770e-01 7.974588413453601032e-02 9.048884825273419141e-02 7.974588413453601032e-02 1.994999999999999829e-01 8.429355012449324391e-02 9.048884825273417754e-02 8.429355012449324391e-02 1.904159999999999742e-01
1.385759999999999770e-01 8.681280671612280619e-02 9.889147136308122643e-02 8.681280671612280619e-02 1.994999999999999829e-01 9.556277829323558959e-02 9.889147136308121255e-02 9.556277829323558959e-02 1.904159999999999742e-01
1.385759999999999770e-01 9.355690384987093433e-02 1.092175928668515233e-01 9.355690384987093433e-02 1.994999999999999829e-01 1.019432419819468333e-01 1.092175928668515095e-01 1.019432419819468333e-01 1.904159999999999742e-01
1.385759999999999770e-01 1.006655510908382040e-01 1.127767030710482427e-01 1.006655510908382040e-01 1.994999999999999829e-01 1.097955576364797597e-01 1.127767030710482288e-01 1.097955576364797597e-01 1.904159999999999742e-01
1.385759999999999770e-01 1.061387856738912339e-01 1.242100902660926570e-01 1.061387856738912339e-01 1.994999999999999829e-01 1.166672523112623067e-01 1.242100902660926293e-01 1.166672523112623067e-01 1.904159999999999742e-01
1.385759999999999770e-01 1.110409137133569479e-01 1.328733575621935392e-01 1.110409137133569479e-01 1.994999999999999829e-01 1.283616994684682877e-01 1.328733575621935115e-01 1.283616994684682877e-01 1.904159999999999742e-01
1.385759999999999770e-01 1.183930530172779133e-01 1.349514993156986087e-01 1.183930530172779133e-01 1.994999999999999829e-01 1.356021100982501837e-01 1.349514993156985809e-01 1.356021100982501837e-01 1.904159999999999742e-01
1.385759999999999770e-01 1.219262458769663632e-01 1.436531884675549542e-01 1.219262458769663632e-01 1.994999999999999829e-01 1.400259465695177230e-01 1.436531884675549264e-01 1.400259465695177230e-01 1.904159999999999742e-01
1.385759999999999770e-01 1.281199999999999839e-01 1.487040000000000028e-01 1.281199999999999839e-01 1.994999999999999829e-01 1.450799999999999867e-01 1.487039999999999751e-01 1.450799999999999867e-01 1.904159999999999742e-01
c: 
1.036999999999999922e+00
1.824000000000000066e+00
2.620000000000000107e+00
