CDF: 
1.900000000000000022e-01 2.399999999999999911e-01 3.800000000000000044e-01 1.000000000000000000e+00
1.499999999999999944e-01 3.900000000000000133e-01 5.200000000000000178e-01 1.000000000000000000e+00
1.400000000000000133e-01 2.700000000000000178e-01 6.400000000000000133e-01 1.000000000000000000e+00
sigma: 
1.882109999999999894e-01 4.968509534352599571e-04 3.995496575561120756e-03 4.968509534352598487e-04 1.992510000000000114e-01 6.352660596763383925e-03 3.995496575561119888e-03 6.352660596763383925e-03 1.603439999999999865e-01
1.882109999999999894e-01 1.004776410869867229e-02 9.345723166351408567e-03 1.004776410869867055e-02 1.992510000000000114e-01 1.008585925822980470e-02 9.345723166351406833e-03 1.008585925822980470e-02 1.603439999999999865e-01
1.882109999999999894e-01 2.236463892407858367e-02 1.975175377783440142e-02 2.236463892407858020e-02 1.992510000000000114e-01 1.828391759502900893e-02 1.975175377783439795e-02 1.828391759502900893e-02 1.603439999999999865e-01
1.882109999999999894e-01 2.940506540086202519e-02 2.244320924217701671e-02 2.940506540086202172e-02 1.992510000000000114e-01 2.991257779793371138e-02 2.244320924217700977e-02 2.991257779793371138e-02 1.603439999999999865e-01
1.882109999999999894e-01 3.818369437106665376e-02 3.215363069231176596e-02 3.818369437106664682e-02 1.992510000000000114e-01 3.837720270581725102e-02 3.215363069231175902e-02 3.837720270581725102e-02 1.603439999999999865e-01
1.882109999999999894e-01 4.308307919448969847e-02 3.674623553812672583e-02 4.308307919448969153e-02 1.992510000000000114e-01 4.596023683126648773e-02 3.674623553812671889e-02 4.596023683126648773e-02 1.603439999999999865e-01
1.882109999999999894e-01 5.257370581228832523e-02 4.268782552433199318e-02 5.257370581228831830e-02 1.992510000000000114e-01 5.242162163065593183e-02 4.268782552433198624e-02 5.242162163065593183e-02 1.603439999999999865e-01
1.882109999999999894e-01 6.341165615321905924e-02 4.977184184109276904e-02 6.341165615321905924e-02 1.992510000000000114e-01 5.825712635979777426e-02 4.977184184109275517e-02 5.825712635979777426e-02 1.603439999999999865e-01
1.882109999999999894e-01 7.635543395179797410e-02 5.343395879330790910e-02 7.635543395179796022e-02 1.992510000000000114e-01 6.424716964639554106e-02 5.343395879330790216e-02 6.424716964639554106e-02 1.603439999999999865e-01
1.882109999999999894e-01 7.779712854473030959e-02 6.008616000270041585e-02 7.779712854473029571e-02 1.992510000000000114e-01 7.735116036827316410e-02 6.008616000270040197e-02 7.735116036827316410e-02 1.603439999999999865e-01
1.882109999999999894e-01 9.382967784444316839e-02 7.089938609443263706e-02 9.382967784444315451e-02 1.992510000000000114e-01 8.017144342372582722e-02 7.089938609443262318e-02 8.017144342372582722e-02 1.603439999999999865e-01
1.882109999999999894e-01 1.010968201531924487e-01 7.519535964842259668e-02 1.010968201531924349e-01 1.992510000000000114e-01 9.247237936950424009e-02 7.519535964842258280e-02 9.247237936950424009e-02 1.603439999999999865e-01
1.882109999999999894e-01 1.026908517496049195e-01 8.034833656309908756e-02 1.026908517496048917e-01 1.992510000000000114e-01 1.007540428741402760e-01 8.034833656309907368e-02 1.007540428741402760e-01 1.603439999999999865e-01
1.882109999999999894e-01 1.182696843245353985e-01 9.161491732756234241e-02 1.182696843245353707e-01 1.992510000000000114e-01 1.097688913216726680e-01 9.161491732756232853e-02 1.097688913216726680e-01 1.603439999999999865e-01
1.882109999999999894e-01 1.211944702885836972e-01 9.566305469176036858e-02 1.211944702885836694e-01 1.992510000000000114e-01 1.133278683504950618e-01 9.566305469176034082e-02 1.133278683504950618e-01 1.603439999999999865e-01
1.882109999999999894e-01 1.325637918397054860e-01 1.014873309056731204e-01 1.325637918397054582e-01 1.992510000000000114e-01 1.228807621245756460e-01 1.014873309056730927e-01 1.228807621245756460e-01 1.603439999999999865e-01
1.882109999999999894e-01 1.385158491335537201e-01 1.088207960227278032e-01 1.385158491335536923e-01 1.992510000000000114e-01 1.318159213196225255e-01 1.088207960227277754e-01 1.318159213196225255e-01 1.603439999999999865e-01
1.882109999999999894e-01 1.471587480768132561e-01 1.143862997799142828e-01 1.471587480768132283e-01 1.992510000000000114e-01 1.409844121013913709e-01 1.143862997799142550e-01 1.409844121013913709e-01 1.603439999999999865e-01
1.882109999999999894e-01 1.617739134689584746e-01 1.225041627433824665e-01 1.617739134689584468e-01 1.992510000000000114e-01 1.435530266710138558e-01 1.225041627433824387e-01 1.435530266710138558e-01 1.603439999999999865e-01
1.882109999999999894e-01 1.625190000000000246e-01 1.264720000000000288e-01 1.625189999999999968e-01 1.992510000000000114e-01 1.496880000000000155e-01 1.264720000000000011e-01 1.496880000000000155e-01 1.603439999999999865e-01
c: 
1.727000000000000091e+00
2.092000000000000082e+00
2.314999999999999947e+00
