CDF: 
7.000000000000000666e-02 4.600000000000000200e-01 5.300000000000000266e-01 1.000000000000000000e+00
1.400000000000000133e-01 2.200000000000000011e-01 6.500000000000000222e-01 1.000000000000000000e+00
1.300000000000000044e-01 2.500000000000000000e-01 5.400000000000000355e-01 1.000000000000000000e+00
sigma: 
1.650240000000000040e-01 3.349483643578831174e-03 5.091597907488239726e-03 3.349483643578831174e-03 1.325560000000000072e-01 6.186339546752627231e-04 5.091597907488239726e-03 6.186339546752626147e-04 1.511999999999999733e-01
1.650240000000000040e-01 1.214326787992718246e-02 1.583786216265108474e-02 1.214326787992718246e-02 1.325560000000000072e-01 1.068485137598087012e-02 1.583786216265108474e-02 1.068485137598086665e-02 1.511999999999999733e-01
1.650240000000000040e-01 1.712190162296095206e-02 2.177972157970285011e-02 1.712190162296095206e-02 1.325560000000000072e-01 1.297726266864893466e-02 2.177972157970285011e-02 1.297726266864893292e-02 1.511999999999999733e-01
1.650240000000000040e-01 2.164648062456290059e-02 2.836388589019751480e-02 2.164648062456290059e-02 1.325560000000000072e-01 2.486016231848680105e-02 2.836388589019751480e-02 2.486016231848679411e-02 1.511999999999999733e-01
1.650240000000000040e-01 3.137298303716053866e-02 3.697222996431476921e-02 3.137298303716053866e-02 1.325560000000000072e-01 2.857103310975632124e-02 3.697222996431476921e-02 2.857103310975631430e-02 1.511999999999999733e-01
1.650240000000000040e-01 3.288484020692595405e-02 4.113780941132673397e-02 3.288484020692595405e-02 1.325560000000000072e-01 3.286519453441751754e-02 4.113780941132673397e-02 3.286519453441751060e-02 1.511999999999999733e-01
1.650240000000000040e-01 4.224067373554302868e-02 5.387883032535666777e-02 4.224067373554302868e-02 1.325560000000000072e-01 4.303017264121493379e-02 5.387883032535666777e-02 4.303017264121492685e-02 1.511999999999999733e-01
1.650240000000000040e-01 4.828100758805598663e-02 6.234175981504699177e-02 4.828100758805598663e-02 1.325560000000000072e-01 5.160183663476737570e-02 6.234175981504699177e-02 5.160183663476736182e-02 1.511999999999999733e-01
1.650240000000000040e-01 5.660348629578630664e-02 7.129322064966077399e-02 5.660348629578630664e-02 1.325560000000000072e-01 5.537823299433627250e-02 7.129322064966077399e-02 5.537823299433626556e-02 1.511999999999999733e-01
1.650240000000000040e-01 6.005000537227590807e-02 7.603240435741048797e-02 6.005000537227590807e-02 1.325560000000000072e-01 6.372875665260004097e-02 7.603240435741048797e-02 6.372875665260002709e-02 1.511999999999999733e-01
1.650240000000000040e-01 6.617986370426183484e-02 8.013605498586669207e-02 6.617986370426183484e-02 1.325560000000000072e-01 7.118403895879174548e-02 8.013605498586669207e-02 7.118403895879173160e-02 1.511999999999999733e-01
1.650240000000000040e-01 7.269407455669679718e-02 9.406137871525226124e-02 7.269407455669679718e-02 1.325560000000000072e-01 7.730319396129620158e-02 9.406137871525226124e-02 7.730319396129618770e-02 1.511999999999999733e-01
1.650240000000000040e-01 7.748106049452402333e-02 9.898065321400648098e-02 7.748106049452402333e-02 1.325560000000000072e-01 8.083862197829430607e-02 9.898065321400648098e-02 8.083862197829429219e-02 1.511999999999999733e-01
1.650240000000000040e-01 8.909455047548808793e-02 1.079656126326032639e-01 8.909455047548808793e-02 1.325560000000000072e-01 8.787464069837827574e-02 1.079656126326032639e-01 8.787464069837826186e-02 1.511999999999999733e-01
1.650240000000000040e-01 9.349209230522724512e-02 1.127487224517027403e-01 9.349209230522724512e-02 1.325560000000000072e-01 9.427205986363661194e-02 1.127487224517027403e-01 9.427205986363659806e-02 1.511999999999999733e-01
1.650240000000000040e-01 9.714807487920205931e-02 1.194619099803839735e-01 9.714807487920205931e-02 1.325560000000000072e-01 1.035151253026642543e-01 1.194619099803839735e-01 1.035151253026642404e-01 1.511999999999999733e-01
1.650240000000000040e-01 1.045061541876065314e-01 1.281624259878749172e-01 1.045061541876065314e-01 1.325560000000000072e-01 1.054269466925853854e-01 1.281624259878749172e-01 1.054269466925853577e-01 1.511999999999999733e-01
1.650240000000000040e-01 1.100456972925079324e-01 1.385658629099769390e-01 1.100456972925079324e-01 1.325560000000000072e-01 1.144451780527901974e-01 1.385658629099769390e-01 1.144451780527901696e-01 1.511999999999999733e-01
1.650240000000000040e-01 1.208013874485826950e-01 1.446210049925253094e-01 1.208013874485826950e-01 1.325560000000000072e-01 1.182819156237475688e-01 1.446210049925253094e-01 1.182819156237475411e-01 1.511999999999999733e-01
1.650240000000000040e-01 1.217119999999999869e-01 1.512000000000000011e-01 1.217119999999999869e-01 1.325560000000000072e-01 1.232000000000000040e-01 1.512000000000000011e-01 1.231999999999999762e-01 1.511999999999999733e-01
c: 
2.797000000000000153e+00
2.338000000000000078e+00
2.730999999999999872e+00
