CDF: 
1.199999999999999956e-01 2.899999999999999800e-01 3.099999999999999978e-01 1.000000000000000000e+00
2.399999999999999911e-01 5.600000000000000533e-01 5.899999999999999689e-01 1.000000000000000000e+00
1.900000000000000022e-01 3.499999999999999778e-01 6.999999999999999556e-01 1.000000000000000000e+00
sigma: 
1.851309999999999900e-01 7.409973833422091793e-04 3.908216367382115995e-03 7.409973833422091793e-04 2.124990000000000212e-01 1.299286505269635567e-03 3.908216367382115995e-03 1.299286505269635784e-03 1.558589999999999698e-01
1.851309999999999900e-01 1.044110948907201082e-02 9.935995426699741062e-03 1.044110948907201082e-02 2.124990000000000212e-01 1.342294864825735456e-02 9.935995426699741062e-03 1.342294864825735630e-02 1.558589999999999698e-01
1.851309999999999900e-01 1.863331055050928067e-02 1.282339787431633141e-02 1.863331055050928067e-02 2.124990000000000212e-01 1.893851144106389883e-02 1.282339787431633141e-02 1.893851144106390230e-02 1.558589999999999698e-01
1.851309999999999900e-01 2.259669974086432609e-02 1.806662179431826887e-02 2.259669974086432609e-02 2.124990000000000212e-01 2.993602379259247687e-02 1.806662179431826887e-02 2.993602379259248034e-02 1.558589999999999698e-01
1.851309999999999900e-01 2.911671919516453655e-02 2.423487530607369364e-02 2.911671919516453655e-02 2.124990000000000212e-01 3.230559715733044568e-02 2.423487530607369364e-02 3.230559715733044568e-02 1.558589999999999698e-01
1.851309999999999900e-01 3.711102483130794549e-02 3.146379646161140409e-02 3.711102483130794549e-02 2.124990000000000212e-01 4.556871654012319833e-02 3.146379646161140409e-02 4.556871654012321221e-02 1.558589999999999698e-01
1.851309999999999900e-01 4.065838998444033098e-02 3.861465058668918371e-02 4.065838998444033098e-02 2.124990000000000212e-01 5.026165533563500126e-02 3.861465058668918371e-02 5.026165533563500820e-02 1.558589999999999698e-01
1.851309999999999900e-01 4.772888694041345359e-02 4.374806951063311272e-02 4.772888694041345359e-02 2.124990000000000212e-01 6.448062655663140685e-02 4.374806951063311272e-02 6.448062655663140685e-02 1.558589999999999698e-01
1.851309999999999900e-01 5.684789960642759599e-02 5.209808623126465504e-02 5.684789960642759599e-02 2.124990000000000212e-01 7.050026042100708545e-02 5.209808623126465504e-02 7.050026042100709933e-02 1.558589999999999698e-01
1.851309999999999900e-01 6.453862356266269751e-02 5.295742637102564265e-02 6.453862356266269751e-02 2.124990000000000212e-01 7.727201199944179477e-02 5.295742637102564265e-02 7.727201199944180865e-02 1.558589999999999698e-01
1.851309999999999900e-01 7.076270488070883491e-02 6.186173297160593026e-02 7.076270488070883491e-02 2.124990000000000212e-01 8.545476111967505173e-02 6.186173297160593026e-02 8.545476111967506561e-02 1.558589999999999698e-01
1.851309999999999900e-01 7.285071244300281301e-02 6.847380611568196218e-02 7.285071244300281301e-02 2.124990000000000212e-01 8.931746457230840819e-02 6.847380611568196218e-02 8.931746457230842207e-02 1.558589999999999698e-01
1.851309999999999900e-01 8.063595420175850847e-02 7.011431057261657829e-02 8.063595420175850847e-02 2.124990000000000212e-01 9.765071398496710797e-02 7.011431057261657829e-02 9.765071398496712185e-02 1.558589999999999698e-01
1.851309999999999900e-01 8.786421538551843213e-02 7.643337137318313712e-02 8.786421538551843213e-02 2.124990000000000212e-01 1.076794668710889663e-01 7.643337137318313712e-02 1.076794668710889941e-01 1.558589999999999698e-01
1.851309999999999900e-01 9.601754518184926757e-02 8.503071637367246027e-02 9.601754518184926757e-02 2.124990000000000212e-01 1.171844824029028148e-01 8.503071637367246027e-02 1.171844824029028287e-01 1.558589999999999698e-01
1.851309999999999900e-01 1.015906009632430163e-01 9.231770486468288128e-02 1.015906009632430163e-01 2.124990000000000212e-01 1.213881679495886629e-01 9.231770486468288128e-02 1.213881679495886767e-01 1.558589999999999698e-01
1.851309999999999900e-01 1.057038606964051802e-01 9.725628731879520927e-02 1.057038606964051802e-01 2.124990000000000212e-01 1.291171261325308461e-01 9.725628731879520927e-02 1.291171261325308739e-01 1.558589999999999698e-01
1.851309999999999900e-01 1.159326607960860372e-01 9.994977674612007257e-02 1.159326607960860372e-01 2.124990000000000212e-01 1.372027964222116148e-01 9.994977674612007257e-02 1.372027964222116148e-01 1.558589999999999698e-01
1.851309999999999900e-01 1.188095236839009222e-01 1.103836526626079256e-01 1.188095236839009222e-01 2.124990000000000212e-01 1.460547286879912421e-01 1.103836526626079256e-01 1.460547286879912698e-01 1.558589999999999698e-01
1.851309999999999900e-01 1.235369999999999802e-01 1.104269999999999974e-01 1.235369999999999802e-01 2.124990000000000212e-01 1.532289999999999763e-01 1.104269999999999974e-01 1.532290000000000041e-01 1.558589999999999698e-01
c: 
1.713000000000000078e+00
1.127000000000000002e+00
2.358000000000000096e+00
