CDF: 
1.499999999999999944e-01 3.200000000000000067e-01 3.300000000000000155e-01 1.000000000000000000e+00
1.600000000000000033e-01 5.300000000000000266e-01 6.099999999999999867e-01 1.000000000000000000e+00
2.800000000000000266e-01 5.100000000000000089e-01 6.700000000000000400e-01 1.000000000000000000e+00
sigma: 
1.771360000000000157e-01 3.028666263119835552e-03 4.610800189593896106e-03 3.028666263119835552e-03 1.715840000000000143e-01 7.039878369147125475e-03 4.610800189593895239e-03 7.039878369147125475e-03 1.712000000000000188e-01
1.771360000000000157e-01 1.184302915870903521e-02 1.157255769086545406e-02 1.184302915870903521e-02 1.715840000000000143e-01 1.043594907126260338e-02 1.157255769086545233e-02 1.043594907126260338e-02 1.712000000000000188e-01
1.771360000000000157e-01 1.818927977566977064e-02 1.768224348123024689e-02 1.818927977566977064e-02 1.715840000000000143e-01 1.795814456708074922e-02 1.768224348123024342e-02 1.795814456708074922e-02 1.712000000000000188e-01
1.771360000000000157e-01 2.153607832322479779e-02 2.472734368246927092e-02 2.153607832322479779e-02 1.715840000000000143e-01 3.259818558890271306e-02 2.472734368246926398e-02 3.259818558890271306e-02 1.712000000000000188e-01
1.771360000000000157e-01 2.659830743633144132e-02 3.115804133957932043e-02 2.659830743633144132e-02 1.715840000000000143e-01 4.129309823173968330e-02 3.115804133957931349e-02 4.129309823173968330e-02 1.712000000000000188e-01
1.771360000000000157e-01 3.213003508709911388e-02 3.650797208928719534e-02 3.213003508709911388e-02 1.715840000000000143e-01 4.372816644484073950e-02 3.650797208928718840e-02 4.372816644484073950e-02 1.712000000000000188e-01
1.771360000000000157e-01 3.940564885650661708e-02 4.425153632109017632e-02 3.940564885650661708e-02 1.715840000000000143e-01 5.404344913337973816e-02 4.425153632109016244e-02 5.404344913337973816e-02 1.712000000000000188e-01
1.771360000000000157e-01 4.922171462822172439e-02 4.454645715534799599e-02 4.922171462822172439e-02 1.715840000000000143e-01 6.161535414458890053e-02 4.454645715534798212e-02 6.161535414458890053e-02 1.712000000000000188e-01
1.771360000000000157e-01 5.549299490039200783e-02 5.139782879955280548e-02 5.549299490039200783e-02 1.715840000000000143e-01 7.411713100363680196e-02 5.139782879955279160e-02 7.411713100363680196e-02 1.712000000000000188e-01
1.771360000000000157e-01 6.170805676442257109e-02 5.959369424100680046e-02 6.170805676442257109e-02 1.715840000000000143e-01 7.819670104065895577e-02 5.959369424100678658e-02 7.819670104065895577e-02 1.712000000000000188e-01
1.771360000000000157e-01 6.495818726554193623e-02 6.793854219344494516e-02 6.495818726554193623e-02 1.715840000000000143e-01 9.092415357908104068e-02 6.793854219344493128e-02 9.092415357908104068e-02 1.712000000000000188e-01
1.771360000000000157e-01 6.911575079006866684e-02 7.486818144231971450e-02 6.911575079006866684e-02 1.715840000000000143e-01 9.314138531785469410e-02 7.486818144231970062e-02 9.314138531785469410e-02 1.712000000000000188e-01
1.771360000000000157e-01 7.644950906630396115e-02 7.771274517679904736e-02 7.644950906630396115e-02 1.715840000000000143e-01 1.077381867328909837e-01 7.771274517679903349e-02 1.077381867328909837e-01 1.712000000000000188e-01
1.771360000000000157e-01 8.376397434676423337e-02 8.904287448217662604e-02 8.376397434676423337e-02 1.715840000000000143e-01 1.168953940601165642e-01 8.904287448217661216e-02 1.168953940601165642e-01 1.712000000000000188e-01
1.771360000000000157e-01 9.296008445930567521e-02 9.222904543983087566e-02 9.296008445930567521e-02 1.715840000000000143e-01 1.256949671308963956e-01 9.222904543983086179e-02 1.256949671308963956e-01 1.712000000000000188e-01
1.771360000000000157e-01 9.337048848016173130e-02 9.607180838908702114e-02 9.337048848016173130e-02 1.715840000000000143e-01 1.287614637680095653e-01 9.607180838908699338e-02 1.287614637680095653e-01 1.712000000000000188e-01
1.771360000000000157e-01 1.030698383384800881e-01 1.077878596128975242e-01 1.030698383384800881e-01 1.715840000000000143e-01 1.349840864810194219e-01 1.077878596128974964e-01 1.349840864810194219e-01 1.712000000000000188e-01
1.771360000000000157e-01 1.057499225891489342e-01 1.111783127922054137e-01 1.057499225891489342e-01 1.715840000000000143e-01 1.470372846042794224e-01 1.111783127922053860e-01 1.470372846042794224e-01 1.712000000000000188e-01
1.771360000000000157e-01 1.168394055695235467e-01 1.196582182796066124e-01 1.168394055695235467e-01 1.715840000000000143e-01 1.554434451279859408e-01 1.196582182796065846e-01 1.554434451279859408e-01 1.712000000000000188e-01
1.771360000000000157e-01 1.180319999999999980e-01 1.208800000000000152e-01 1.180319999999999980e-01 1.715840000000000143e-01 1.593600000000000017e-01 1.208799999999999875e-01 1.593600000000000017e-01 1.712000000000000188e-01
c: 
1.937999999999999945e+00
2.528999999999999915e+00
1.495999999999999996e+00
