CDF: 
4.899999999999999911e-01 5.899999999999999689e-01 5.999999999999999778e-01 1.000000000000000000e+00
2.999999999999999889e-01 3.800000000000000044e-01 6.500000000000000222e-01 1.000000000000000000e+00
3.599999999999999867e-01 3.699999999999999956e-01 7.299999999999999822e-01 1.000000000000000000e+00
sigma: 
2.313309999999999533e-01 3.749591945011543988e-04 8.058363099606715915e-03 3.749591945011543988e-04 1.823790000000000133e-01 3.722711245815192495e-03 8.058363099606715915e-03 3.722711245815192929e-03 1.588590000000000280e-01
2.313309999999999533e-01 1.790094396758293641e-02 1.453779212499662320e-02 1.790094396758293641e-02 1.823790000000000133e-01 1.198186017309814562e-02 1.453779212499662320e-02 1.198186017309814735e-02 1.588590000000000280e-01
2.313309999999999533e-01 2.598600547754171403e-02 1.974193358962787748e-02 2.598600547754171403e-02 1.823790000000000133e-01 1.852977113867619249e-02 1.974193358962787748e-02 1.852977113867619249e-02 1.588590000000000280e-01
2.313309999999999533e-01 3.512005935249705446e-02 2.651511035491412385e-02 3.512005935249705446e-02 1.823790000000000133e-01 3.067182088601171433e-02 2.651511035491412385e-02 3.067182088601172127e-02 1.588590000000000280e-01
2.313309999999999533e-01 4.185575988331041025e-02 3.319859211542937338e-02 4.185575988331041025e-02 1.823790000000000133e-01 3.397796174378563822e-02 3.319859211542937338e-02 3.397796174378564515e-02 1.588590000000000280e-01
2.313309999999999533e-01 5.113352491328541222e-02 4.589239741683884960e-02 5.113352491328541222e-02 1.823790000000000133e-01 4.546085715538129152e-02 4.589239741683884960e-02 4.546085715538129846e-02 1.588590000000000280e-01
2.313309999999999533e-01 6.137344538496614099e-02 4.955847319643359034e-02 6.137344538496614099e-02 1.823790000000000133e-01 5.032111118199497635e-02 4.955847319643359034e-02 5.032111118199498329e-02 1.588590000000000280e-01
2.313309999999999533e-01 7.098411857175707107e-02 6.490323261087863060e-02 7.098411857175707107e-02 1.823790000000000133e-01 6.015738888567763454e-02 6.490323261087863060e-02 6.015738888567764148e-02 1.588590000000000280e-01
2.313309999999999533e-01 8.031641942211387164e-02 6.839144566257208957e-02 8.031641942211387164e-02 1.823790000000000133e-01 6.875107805226148006e-02 6.839144566257208957e-02 6.875107805226149393e-02 1.588590000000000280e-01
2.313309999999999533e-01 9.662385634877909690e-02 7.714927007223361388e-02 9.662385634877909690e-02 1.823790000000000133e-01 7.966730173835774587e-02 7.714927007223361388e-02 7.966730173835775974e-02 1.588590000000000280e-01
2.313309999999999533e-01 1.011207526501658321e-01 8.691362914972859677e-02 1.011207526501658321e-01 1.823790000000000133e-01 8.054453276421455477e-02 8.691362914972859677e-02 8.054453276421456864e-02 1.588590000000000280e-01
2.313309999999999533e-01 1.106653809789053672e-01 9.329573463405503586e-02 1.106653809789053672e-01 1.823790000000000133e-01 8.989490054872882607e-02 9.329573463405503586e-02 8.989490054872883995e-02 1.588590000000000280e-01
2.313309999999999533e-01 1.252518007795923316e-01 1.013664700632725818e-01 1.252518007795923316e-01 1.823790000000000133e-01 9.723425515389606810e-02 1.013664700632725818e-01 9.723425515389608198e-02 1.588590000000000280e-01
2.313309999999999533e-01 1.326708635511590351e-01 1.103077395777206510e-01 1.326708635511590351e-01 1.823790000000000133e-01 1.072798048092923756e-01 1.103077395777206510e-01 1.072798048092923895e-01 1.588590000000000280e-01
2.313309999999999533e-01 1.475035716142142905e-01 1.168453291375383118e-01 1.475035716142142905e-01 1.823790000000000133e-01 1.144925639031380143e-01 1.168453291375383118e-01 1.144925639031380421e-01 1.588590000000000280e-01
2.313309999999999533e-01 1.566066266377660610e-01 1.293748538112753088e-01 1.566066266377660610e-01 1.823790000000000133e-01 1.216581229285226828e-01 1.293748538112753088e-01 1.216581229285226967e-01 1.588590000000000280e-01
2.313309999999999533e-01 1.642233446326243629e-01 1.375116912512271139e-01 1.642233446326243629e-01 1.823790000000000133e-01 1.298193937715084179e-01 1.375116912512271139e-01 1.298193937715084456e-01 1.588590000000000280e-01
2.313309999999999533e-01 1.687724168840629979e-01 1.448348265132505530e-01 1.687724168840629979e-01 1.823790000000000133e-01 1.405806333424360066e-01 1.448348265132505530e-01 1.405806333424360344e-01 1.588590000000000280e-01
2.313309999999999533e-01 1.861775476560792453e-01 1.544531610863335014e-01 1.861775476560792453e-01 1.823790000000000133e-01 1.466657077617322669e-01 1.544531610863335014e-01 1.466657077617322946e-01 1.588590000000000280e-01
2.313309999999999533e-01 1.875930000000000097e-01 1.563729999999999842e-01 1.875930000000000097e-01 1.823790000000000133e-01 1.523189999999999822e-01 1.563729999999999842e-01 1.523190000000000099e-01 1.588590000000000280e-01
c: 
1.122999999999999998e+00
1.862999999999999989e+00
1.429000000000000048e+00
