CDF: 
2.700000000000000178e-01 6.500000000000000222e-01 8.100000000000000533e-01 1.000000000000000000e+00
5.200000000000000178e-01 6.400000000000000133e-01 7.500000000000000000e-01 1.000000000000000000e+00
3.200000000000000067e-01 7.299999999999999822e-01 9.200000000000000400e-01 1.000000000000000000e+00
sigma: 
1.219000000000000083e-01 3.693330626430272115e-03 4.091834351119509258e-03 3.693330626430272115e-03 1.712760000000000116e-01 3.735348118042839272e-03 4.091834351119509258e-03 3.735348118042839272e-03 7.015600000000001002e-02
1.219000000000000083e-01 8.567885457423993559e-03 7.858817083379680477e-03 8.567885457423993559e-03 1.712760000000000116e-01 9.202224897567673131e-03 7.858817083379680477e-03 9.202224897567673131e-03 7.015600000000001002e-02
1.219000000000000083e-01 1.672510881848496625e-02 1.144505506550815878e-02 1.672510881848496625e-02 1.712760000000000116e-01 1.288445792810072148e-02 1.144505506550815878e-02 1.288445792810072148e-02 7.015600000000001002e-02
1.219000000000000083e-01 2.352701613127593933e-02 1.349897029709178076e-02 2.352701613127593933e-02 1.712760000000000116e-01 1.716872656419085943e-02 1.349897029709178076e-02 1.716872656419085943e-02 7.015600000000001002e-02
1.219000000000000083e-01 3.055459327119972382e-02 1.671249556963520441e-02 3.055459327119972382e-02 1.712760000000000116e-01 2.129367218002774578e-02 1.671249556963520441e-02 2.129367218002774578e-02 7.015600000000001002e-02
1.219000000000000083e-01 4.014091678907171640e-02 2.054203156611954240e-02 4.014091678907171640e-02 1.712760000000000116e-01 2.632070601560812170e-02 2.054203156611954240e-02 2.632070601560812170e-02 7.015600000000001002e-02
1.219000000000000083e-01 4.740865563865499788e-02 2.651571571119089310e-02 4.740865563865499788e-02 1.712760000000000116e-01 2.956194290791581622e-02 2.651571571119089310e-02 2.956194290791581622e-02 7.015600000000001002e-02
1.219000000000000083e-01 5.086083299085085441e-02 3.221804332787552710e-02 5.086083299085085441e-02 1.712760000000000116e-01 3.567907331164866386e-02 3.221804332787552710e-02 3.567907331164866386e-02 7.015600000000001002e-02
1.219000000000000083e-01 6.166389934905736753e-02 3.594988323155764998e-02 6.166389934905736753e-02 1.712760000000000116e-01 3.976238608687468479e-02 3.594988323155764998e-02 3.976238608687468479e-02 7.015600000000001002e-02
1.219000000000000083e-01 6.464464175608321261e-02 4.042761096105038088e-02 6.464464175608321261e-02 1.712760000000000116e-01 4.388436689007996910e-02 4.042761096105038088e-02 4.388436689007996910e-02 7.015600000000001002e-02
1.219000000000000083e-01 7.345227986652795582e-02 4.360046763469208053e-02 7.345227986652795582e-02 1.712760000000000116e-01 4.905582744531407358e-02 4.360046763469208053e-02 4.905582744531407358e-02 7.015600000000001002e-02
1.219000000000000083e-01 7.999593456292379556e-02 4.860621945494494195e-02 7.999593456292379556e-02 1.712760000000000116e-01 5.069334256353953683e-02 4.860621945494494195e-02 5.069334256353953683e-02 7.015600000000001002e-02
1.219000000000000083e-01 8.871132230015502107e-02 5.024814921876703810e-02 8.871132230015502107e-02 1.712760000000000116e-01 5.821762408507261816e-02 5.024814921876703810e-02 5.821762408507261816e-02 7.015600000000001002e-02
1.219000000000000083e-01 9.445806581240936972e-02 5.432704518168577495e-02 9.445806581240936972e-02 1.712760000000000116e-01 6.163033181263885552e-02 5.432704518168577495e-02 6.163033181263885552e-02 7.015600000000001002e-02
1.219000000000000083e-01 1.019209581917319279e-01 6.064940497246716633e-02 1.019209581917319279e-01 1.712760000000000116e-01 6.482874563029333848e-02 6.064940497246716633e-02 6.482874563029333848e-02 7.015600000000001002e-02
1.219000000000000083e-01 1.038008057732196648e-01 6.299525452668863768e-02 1.038008057732196648e-01 1.712760000000000116e-01 7.345130414723377577e-02 6.299525452668863768e-02 7.345130414723377577e-02 7.015600000000001002e-02
1.219000000000000083e-01 1.106932172720265367e-01 6.790701231184102793e-02 1.106932172720265367e-01 1.712760000000000116e-01 7.410246841446464783e-02 6.790701231184102793e-02 7.410246841446464783e-02 7.015600000000001002e-02
1.219000000000000083e-01 1.200236647327548728e-01 6.967482666718745332e-02 1.200236647327548728e-01 1.712760000000000116e-01 7.921568322771639636e-02 6.967482666718745332e-02 7.921568322771639636e-02 7.015600000000001002e-02
1.219000000000000083e-01 1.289742001515873093e-01 7.698099499896753073e-02 1.289742001515873093e-01 1.712760000000000116e-01 8.626263866116751222e-02 7.698099499896753073e-02 8.626263866116751222e-02 7.015600000000001002e-02
1.219000000000000083e-01 1.306599999999999984e-01 7.786000000000001253e-02 1.306599999999999984e-01 1.712760000000000116e-01 8.751600000000001045e-02 7.786000000000001253e-02 8.751600000000001045e-02 7.015600000000001002e-02
c: 
1.320000000000000062e+00
1.584999999999999964e+00
1.735000000000000098e+00
