CDF: 
2.500000000000000000e-01 2.899999999999999800e-01 6.700000000000000400e-01 1.000000000000000000e+00
1.100000000000000006e-01 4.000000000000000222e-01 5.799999999999999600e-01 1.000000000000000000e+00
1.000000000000000056e-01 4.299999999999999933e-01 4.899999999999999911e-01 1.000000000000000000e+00
sigma: 
1.638960000000000139e-01 4.249831676629800721e-03 2.104945604160669403e-03 4.249831676629800721e-03 1.860910000000000064e-01 7.354287243146162209e-03 2.104945604160669403e-03 7.354287243146161342e-03 2.039790000000000214e-01
1.638960000000000139e-01 1.005581198526620500e-02 1.006679630137063096e-02 1.005581198526620500e-02 1.860910000000000064e-01 9.768838823095100932e-03 1.006679630137063096e-02 9.768838823095099197e-03 2.039790000000000214e-01
1.638960000000000139e-01 2.285100748583098265e-02 2.177151080557127374e-02 2.285100748583098265e-02 1.860910000000000064e-01 2.255244201616098468e-02 2.177151080557127374e-02 2.255244201616097774e-02 2.039790000000000214e-01
1.638960000000000139e-01 2.502518521568285886e-02 2.275512414376751336e-02 2.502518521568285886e-02 1.860910000000000064e-01 3.306643390023954882e-02 2.275512414376751336e-02 3.306643390023954188e-02 2.039790000000000214e-01
1.638960000000000139e-01 3.320929609089603995e-02 3.122897802282107588e-02 3.320929609089603995e-02 1.860910000000000064e-01 3.782555497859148991e-02 3.122897802282107588e-02 3.782555497859148297e-02 2.039790000000000214e-01
1.638960000000000139e-01 4.560889072298818930e-02 3.930088282033132596e-02 4.560889072298818930e-02 1.860910000000000064e-01 5.178573608529526973e-02 3.930088282033132596e-02 5.178573608529526279e-02 2.039790000000000214e-01
1.638960000000000139e-01 5.449473764444095342e-02 4.605589715170684689e-02 5.449473764444095342e-02 1.860910000000000064e-01 5.650024917198557400e-02 4.605589715170684689e-02 5.650024917198556706e-02 2.039790000000000214e-01
1.638960000000000139e-01 6.225921084596164334e-02 5.876265883786215005e-02 6.225921084596164334e-02 1.860910000000000064e-01 7.196223926894734779e-02 5.876265883786215005e-02 7.196223926894733391e-02 2.039790000000000214e-01
1.638960000000000139e-01 7.135732555542603772e-02 6.594017521460257547e-02 7.135732555542603772e-02 1.860910000000000064e-01 7.447492428700698552e-02 6.594017521460257547e-02 7.447492428700697165e-02 2.039790000000000214e-01
1.638960000000000139e-01 7.764483179160518167e-02 6.768768547108031108e-02 7.764483179160518167e-02 1.860910000000000064e-01 9.150944831640279997e-02 6.768768547108031108e-02 9.150944831640278609e-02 2.039790000000000214e-01
1.638960000000000139e-01 8.397170811274111413e-02 7.743718558580990619e-02 8.397170811274111413e-02 1.860910000000000064e-01 9.479128477777301609e-02 7.743718558580990619e-02 9.479128477777300221e-02 2.039790000000000214e-01
1.638960000000000139e-01 9.318656064859379140e-02 8.616054839158812650e-02 9.318656064859379140e-02 1.860910000000000064e-01 1.095906187082175964e-01 8.616054839158812650e-02 1.095906187082175826e-01 2.039790000000000214e-01
1.638960000000000139e-01 9.919096600034374434e-02 9.659015401218751240e-02 9.919096600034374434e-02 1.860910000000000064e-01 1.151174248852992604e-01 9.659015401218751240e-02 1.151174248852992327e-01 2.039790000000000214e-01
1.638960000000000139e-01 1.089272818579138935e-01 1.024125934776737440e-01 1.089272818579138935e-01 1.860910000000000064e-01 1.257646403491796128e-01 1.024125934776737440e-01 1.257646403491796128e-01 2.039790000000000214e-01
1.638960000000000139e-01 1.162703370435635708e-01 1.071313711220694270e-01 1.162703370435635708e-01 1.860910000000000064e-01 1.327847184707842410e-01 1.071313711220694270e-01 1.327847184707842132e-01 2.039790000000000214e-01
1.638960000000000139e-01 1.257238232440938963e-01 1.168719894514099883e-01 1.257238232440938963e-01 1.860910000000000064e-01 1.447817283022316270e-01 1.168719894514099883e-01 1.447817283022316270e-01 2.039790000000000214e-01
1.638960000000000139e-01 1.283157224745737068e-01 1.214548467016272615e-01 1.283157224745737068e-01 1.860910000000000064e-01 1.526846069021198515e-01 1.214548467016272615e-01 1.526846069021198238e-01 2.039790000000000214e-01
1.638960000000000139e-01 1.418127575142040797e-01 1.331849832881912277e-01 1.418127575142040797e-01 1.860910000000000064e-01 1.601478221751112263e-01 1.331849832881912277e-01 1.601478221751111986e-01 2.039790000000000214e-01
1.638960000000000139e-01 1.454530690430117235e-01 1.352677323204716786e-01 1.454530690430117235e-01 1.860910000000000064e-01 1.663353812809842402e-01 1.352677323204716786e-01 1.663353812809842125e-01 2.039790000000000214e-01
1.638960000000000139e-01 1.515560000000000240e-01 1.426720000000000210e-01 1.515560000000000240e-01 1.860910000000000064e-01 1.740170000000000328e-01 1.426720000000000210e-01 1.740170000000000050e-01 2.039790000000000214e-01
c: 
1.187999999999999945e+00
2.873000000000000220e+00
2.262999999999999901e+00
