CDF: 
4.299999999999999933e-01 5.000000000000000000e-01 5.899999999999999689e-01 1.000000000000000000e+00
2.300000000000000100e-01 4.500000000000000111e-01 5.100000000000000089e-01 1.000000000000000000e+00
5.000000000000000278e-02 1.600000000000000033e-01 6.099999999999999867e-01 1.000000000000000000e+00
sigma: 
2.216640000000000277e-01 2.095755702116450410e-03 3.647774096979937864e-04 2.095755702116450410e-03 2.167000000000000037e-01 4.199290237573372053e-03 3.647774096979937322e-04 4.199290237573372053e-03 1.443040000000000156e-01
2.216640000000000277e-01 1.783327039460463198e-02 1.431220251355674357e-02 1.783327039460463198e-02 2.167000000000000037e-01 1.179444366090296424e-02 1.431220251355674183e-02 1.179444366090296424e-02 1.443040000000000156e-01
2.216640000000000277e-01 3.051322175788131336e-02 2.146228758092375705e-02 3.051322175788131336e-02 2.167000000000000037e-01 2.291647641729936333e-02 2.146228758092375358e-02 2.291647641729936333e-02 1.443040000000000156e-01
2.216640000000000277e-01 3.629669669541805976e-02 3.069374994172245283e-02 3.629669669541805976e-02 2.167000000000000037e-01 2.716963317869680941e-02 3.069374994172244589e-02 2.716963317869680941e-02 1.443040000000000156e-01
2.216640000000000277e-01 4.448816325521892656e-02 3.798074059411547798e-02 4.448816325521892656e-02 2.167000000000000037e-01 3.224737663460065795e-02 3.798074059411547104e-02 3.224737663460065795e-02 1.443040000000000156e-01
2.216640000000000277e-01 5.492854078676570606e-02 5.208156666574349780e-02 5.492854078676570606e-02 2.167000000000000037e-01 4.259869755697850285e-02 5.208156666574349086e-02 4.259869755697850285e-02 1.443040000000000156e-01
2.216640000000000277e-01 7.222378890114254657e-02 5.958468131194328415e-02 7.222378890114254657e-02 2.167000000000000037e-01 5.019735176993659481e-02 5.958468131194327722e-02 5.019735176993659481e-02 1.443040000000000156e-01
2.216640000000000277e-01 8.120647519845754225e-02 6.567066995501630311e-02 8.120647519845754225e-02 2.167000000000000037e-01 5.829621844410920461e-02 6.567066995501628923e-02 5.829621844410920461e-02 1.443040000000000156e-01
2.216640000000000277e-01 9.446391472120051203e-02 7.617268264152882162e-02 9.446391472120051203e-02 2.167000000000000037e-01 6.925141274682651560e-02 7.617268264152880775e-02 6.925141274682651560e-02 1.443040000000000156e-01
2.216640000000000277e-01 9.809764147716562577e-02 8.211439070452622446e-02 9.809764147716562577e-02 2.167000000000000037e-01 7.113323153157502521e-02 8.211439070452621058e-02 7.113323153157502521e-02 1.443040000000000156e-01
2.216640000000000277e-01 1.082019404747944225e-01 8.986674804967983987e-02 1.082019404747944225e-01 2.167000000000000037e-01 8.280707883823443249e-02 8.986674804967982599e-02 8.280707883823443249e-02 1.443040000000000156e-01
2.216640000000000277e-01 1.171989336001503235e-01 1.017881465677046016e-01 1.171989336001503235e-01 2.167000000000000037e-01 8.822229548488694229e-02 1.017881465677045738e-01 8.822229548488694229e-02 1.443040000000000156e-01
2.216640000000000277e-01 1.341050748634210199e-01 1.111174904012505738e-01 1.341050748634210199e-01 2.167000000000000037e-01 9.665156479530970235e-02 1.111174904012505599e-01 9.665156479530970235e-02 1.443040000000000156e-01
2.216640000000000277e-01 1.383219073202516802e-01 1.197213040174119336e-01 1.383219073202516802e-01 2.167000000000000037e-01 1.051263816095048542e-01 1.197213040174119059e-01 1.051263816095048542e-01 1.443040000000000156e-01
2.216640000000000277e-01 1.488214612928793479e-01 1.274841157814819159e-01 1.488214612928793479e-01 2.167000000000000037e-01 1.161309235070326906e-01 1.274841157814818882e-01 1.161309235070326906e-01 1.443040000000000156e-01
2.216640000000000277e-01 1.688413052154460192e-01 1.383161760636927029e-01 1.688413052154460192e-01 2.167000000000000037e-01 1.189215296137582922e-01 1.383161760636926751e-01 1.189215296137582922e-01 1.443040000000000156e-01
2.216640000000000277e-01 1.778623556534456862e-01 1.421019066992976754e-01 1.778623556534456862e-01 2.167000000000000037e-01 1.286060693360642215e-01 1.421019066992976476e-01 1.286060693360642215e-01 1.443040000000000156e-01
2.216640000000000277e-01 1.855734585441311257e-01 1.552614913009681963e-01 1.855734585441311257e-01 2.167000000000000037e-01 1.353999904477560523e-01 1.552614913009681963e-01 1.353999904477560523e-01 1.443040000000000156e-01
2.216640000000000277e-01 2.010825563979514730e-01 1.646397235464296949e-01 2.010825563979514730e-01 2.167000000000000037e-01 1.415450040855079084e-01 1.646397235464296671e-01 1.415450040855079084e-01 1.443040000000000156e-01
2.216640000000000277e-01 2.012800000000000145e-01 1.682160000000000044e-01 2.012800000000000145e-01 2.167000000000000037e-01 1.479200000000000514e-01 1.682159999999999767e-01 1.479200000000000514e-01 1.443040000000000156e-01
c: 
1.145000000000000018e+00
2.932999999999999829e+00
1.143000000000000016e+00
