CDF: 
5.799999999999999600e-01 8.399999999999999689e-01 8.800000000000000044e-01 1.000000000000000000e+00
4.099999999999999756e-01 5.899999999999999689e-01 7.600000000000000089e-01 1.000000000000000000e+00
1.499999999999999944e-01 2.500000000000000000e-01 7.399999999999999911e-01 1.000000000000000000e+00
sigma: 
1.014560000000000045e-01 1.336031854111521854e-03 8.926072174883222876e-04 1.336031854111521854e-03 1.560639999999999805e-01 2.189059791706128696e-04 8.926072174883222876e-04 2.189059791706128967e-04 1.158239999999999825e-01
1.014560000000000045e-01 9.947719099852330230e-03 7.805688154982471164e-03 9.947719099852330230e-03 1.560639999999999805e-01 1.037296136865858975e-02 7.805688154982471164e-03 1.037296136865859149e-02 1.158239999999999825e-01
1.014560000000000045e-01 1.295954076622015706e-02 1.115825439634545412e-02 1.295954076622015706e-02 1.560639999999999805e-01 1.469372926323481848e-02 1.115825439634545412e-02 1.469372926323482022e-02 1.158239999999999825e-01
1.014560000000000045e-01 2.127697763551859508e-02 1.342018663592146714e-02 2.127697763551859508e-02 1.560639999999999805e-01 2.181488351007232485e-02 1.342018663592146714e-02 2.181488351007232832e-02 1.158239999999999825e-01
1.014560000000000045e-01 2.189613996406363644e-02 2.023387625081066871e-02 2.189613996406363644e-02 1.560639999999999805e-01 2.629765873715118885e-02 2.023387625081066871e-02 2.629765873715119232e-02 1.158239999999999825e-01
1.014560000000000045e-01 2.678597977277012362e-02 2.305365421410865770e-02 2.678597977277012362e-02 1.560639999999999805e-01 3.816315456286801383e-02 2.305365421410865770e-02 3.816315456286802077e-02 1.158239999999999825e-01
1.014560000000000045e-01 3.626395019022128630e-02 2.648246667785080638e-02 3.626395019022128630e-02 1.560639999999999805e-01 3.980554485169690571e-02 2.648246667785080638e-02 3.980554485169690571e-02 1.158239999999999825e-01
1.014560000000000045e-01 4.114319999212601164e-02 3.197548464736634649e-02 4.114319999212601164e-02 1.560639999999999805e-01 4.818156629711185107e-02 3.197548464736634649e-02 4.818156629711185801e-02 1.158239999999999825e-01
1.014560000000000045e-01 4.270411267763427055e-02 3.343508348678474185e-02 4.270411267763427055e-02 1.560639999999999805e-01 5.460909698372843485e-02 3.343508348678474185e-02 5.460909698372844179e-02 1.158239999999999825e-01
1.014560000000000045e-01 5.093303127561304294e-02 3.806098950495952898e-02 5.093303127561304294e-02 1.560639999999999805e-01 5.948244060033708314e-02 3.806098950495952898e-02 5.948244060033709008e-02 1.158239999999999825e-01
1.014560000000000045e-01 5.521855779486133098e-02 4.382376148703306246e-02 5.521855779486133098e-02 1.560639999999999805e-01 6.649151136524887595e-02 4.382376148703306246e-02 6.649151136524887595e-02 1.158239999999999825e-01
1.014560000000000045e-01 6.320516007385011681e-02 4.631451421926973538e-02 6.320516007385011681e-02 1.560639999999999805e-01 7.574692124766080337e-02 4.631451421926973538e-02 7.574692124766080337e-02 1.158239999999999825e-01
1.014560000000000045e-01 6.571554347169411558e-02 5.296550753647730203e-02 6.571554347169411558e-02 1.560639999999999805e-01 8.294617005428535361e-02 5.296550753647730203e-02 8.294617005428536749e-02 1.158239999999999825e-01
1.014560000000000045e-01 7.010794258562368098e-02 5.716232060525595904e-02 7.010794258562368098e-02 1.560639999999999805e-01 8.652917961953399129e-02 5.716232060525595904e-02 8.652917961953400516e-02 1.158239999999999825e-01
1.014560000000000045e-01 7.594605211293332936e-02 6.253862073167405777e-02 7.594605211293332936e-02 1.560639999999999805e-01 9.411479711864025044e-02 6.253862073167405777e-02 9.411479711864026432e-02 1.158239999999999825e-01
1.014560000000000045e-01 8.301502225130949486e-02 6.459992652393090062e-02 8.301502225130949486e-02 1.560639999999999805e-01 1.023964137500514709e-01 6.459992652393090062e-02 1.023964137500514848e-01 1.158239999999999825e-01
1.014560000000000045e-01 8.758721953805562177e-02 6.910088480106128805e-02 8.758721953805562177e-02 1.560639999999999805e-01 1.092461732799103746e-01 6.910088480106128805e-02 1.092461732799103885e-01 1.158239999999999825e-01
1.014560000000000045e-01 9.322952939928180749e-02 7.500916225376089153e-02 9.322952939928180749e-02 1.560639999999999805e-01 1.117729612245241394e-01 7.500916225376089153e-02 1.117729612245241533e-01 1.158239999999999825e-01
1.014560000000000045e-01 1.003466987693812651e-01 7.581154506368557866e-02 1.003466987693812651e-01 1.560639999999999805e-01 1.203737227156345402e-01 7.581154506368557866e-02 1.203737227156345541e-01 1.158239999999999825e-01
1.014560000000000045e-01 1.013280000000000014e-01 7.931199999999999362e-02 1.013280000000000014e-01 1.560639999999999805e-01 1.226560000000000011e-01 7.931199999999999362e-02 1.226560000000000150e-01 1.158239999999999825e-01
c: 
1.129999999999999893e+00
2.487999999999999989e+00
2.681000000000000050e+00
