CDF: 
2.999999999999999889e-01 4.400000000000000022e-01 9.200000000000000400e-01 1.000000000000000000e+00
6.300000000000000044e-01 7.800000000000000266e-01 9.300000000000000488e-01 1.000000000000000000e+00
2.200000000000000011e-01 3.400000000000000244e-01 7.900000000000000355e-01 1.000000000000000000e+00
sigma: 
7.240000000000001990e-02 1.138049113637707669e-03 1.169591890404669690e-03 1.138049113637707669e-03 7.440000000000000779e-02 3.415579481929132636e-03 1.169591890404669690e-03 3.415579481929132636e-03 1.154040000000000066e-01
7.240000000000001990e-02 6.014875834163418283e-03 7.330443247929275923e-03 6.014875834163418283e-03 7.440000000000000779e-02 4.437955422403654961e-03 7.330443247929275923e-03 4.437955422403654961e-03 1.154040000000000066e-01
7.240000000000001990e-02 6.775249222281038743e-03 9.856011220137300341e-03 6.775249222281038743e-03 7.440000000000000779e-02 8.924922894549257649e-03 9.856011220137300341e-03 8.924922894549257649e-03 1.154040000000000066e-01
7.240000000000001990e-02 1.103768743974622470e-02 1.448204337239221082e-02 1.103768743974622470e-02 7.440000000000000779e-02 1.277572637074759869e-02 1.448204337239221082e-02 1.277572637074759869e-02 1.154040000000000066e-01
7.240000000000001990e-02 1.342793121702195829e-02 1.830113691524186056e-02 1.342793121702195829e-02 7.440000000000000779e-02 1.777897217857838871e-02 1.830113691524186056e-02 1.777897217857838871e-02 1.154040000000000066e-01
7.240000000000001990e-02 1.667060023776362199e-02 2.298516814472173486e-02 1.667060023776362199e-02 7.440000000000000779e-02 2.270241118584755136e-02 2.298516814472173486e-02 2.270241118584755136e-02 1.154040000000000066e-01
7.240000000000001990e-02 1.960354024477255208e-02 2.588037947981943615e-02 1.960354024477255208e-02 7.440000000000000779e-02 2.337611844526210278e-02 2.588037947981943615e-02 2.337611844526210278e-02 1.154040000000000066e-01
7.240000000000001990e-02 2.308502170124970831e-02 2.915237719311183223e-02 2.308502170124970831e-02 7.440000000000000779e-02 2.957073669709356367e-02 2.915237719311183223e-02 2.957073669709356367e-02 1.154040000000000066e-01
7.240000000000001990e-02 2.693122935291184308e-02 3.365547714493762749e-02 2.693122935291184308e-02 7.440000000000000779e-02 3.134508558576611786e-02 3.365547714493762749e-02 3.134508558576611786e-02 1.154040000000000066e-01
7.240000000000001990e-02 3.160556872138219064e-02 3.697224649259652635e-02 3.160556872138219064e-02 7.440000000000000779e-02 3.643075412753996045e-02 3.697224649259652635e-02 3.643075412753996045e-02 1.154040000000000066e-01
7.240000000000001990e-02 3.491044743237665254e-02 4.046375397673702273e-02 3.491044743237665254e-02 7.440000000000000779e-02 4.202895238150115148e-02 4.046375397673702273e-02 4.202895238150115148e-02 1.154040000000000066e-01
7.240000000000001990e-02 3.761726327636766981e-02 4.478386971487070822e-02 3.761726327636766981e-02 7.440000000000000779e-02 4.366611536709753133e-02 4.478386971487070822e-02 4.366611536709753133e-02 1.154040000000000066e-01
7.240000000000001990e-02 3.843842782503723021e-02 4.873042140638442210e-02 3.843842782503723021e-02 7.440000000000000779e-02 4.791005441442999085e-02 4.873042140638442210e-02 4.791005441442999085e-02 1.154040000000000066e-01
7.240000000000001990e-02 4.438937954874128816e-02 5.336707616712629831e-02 4.438937954874128816e-02 7.440000000000000779e-02 5.023941291907046275e-02 5.336707616712629831e-02 5.023941291907046275e-02 1.154040000000000066e-01
7.240000000000001990e-02 4.461648698796742002e-02 5.725634234685591378e-02 4.461648698796742002e-02 7.440000000000000779e-02 5.534893709786092852e-02 5.725634234685591378e-02 5.534893709786092852e-02 1.154040000000000066e-01
7.240000000000001990e-02 5.051805149287703911e-02 6.073556605219657817e-02 5.051805149287703911e-02 7.440000000000000779e-02 5.899318690556133032e-02 6.073556605219657817e-02 5.899318690556133032e-02 1.154040000000000066e-01
7.240000000000001990e-02 5.155119173977477237e-02 6.241939701029281667e-02 5.155119173977477237e-02 7.440000000000000779e-02 6.321534874954112815e-02 6.241939701029281667e-02 6.321534874954112815e-02 1.154040000000000066e-01
7.240000000000001990e-02 5.533237162897462758e-02 6.892755672614410412e-02 5.533237162897462758e-02 7.440000000000000779e-02 6.676301781247287459e-02 6.892755672614410412e-02 6.676301781247287459e-02 1.154040000000000066e-01
7.240000000000001990e-02 6.021734003383609479e-02 7.142689031232736518e-02 6.021734003383609479e-02 7.440000000000000779e-02 7.281719523245776260e-02 7.142689031232736518e-02 7.281719523245776260e-02 1.154040000000000066e-01
7.240000000000001990e-02 6.040000000000000924e-02 7.340000000000000691e-02 6.040000000000000924e-02 7.440000000000000779e-02 7.336000000000000854e-02 7.340000000000000691e-02 7.336000000000000854e-02 1.154040000000000066e-01
c: 
2.507000000000000117e+00
1.328000000000000069e+00
2.758000000000000007e+00
