CDF: 
4.500000000000000111e-01 6.600000000000000311e-01 7.099999999999999645e-01 1.000000000000000000e+00
2.800000000000000266e-01 4.400000000000000022e-01 5.699999999999999512e-01 1.000000000000000000e+00
5.600000000000000533e-01 7.500000000000000000e-01 8.800000000000000044e-01 1.000000000000000000e+00
sigma: 
1.903239999999999932e-01 4.411433004692932001e-03 2.496424621881961959e-04 4.411433004692931134e-03 2.080750000000000099e-01 5.867227621056424392e-05 2.496424621881961959e-04 5.867227621056424392e-05 1.019160000000000205e-01
1.903239999999999932e-01 1.139758933313222630e-02 6.393125907711389930e-03 1.139758933313222457e-02 2.080750000000000099e-01 5.742251877846395701e-03 6.393125907711389930e-03 5.742251877846395701e-03 1.019160000000000205e-01
1.903239999999999932e-01 1.953784913954444494e-02 1.255688675771097010e-02 1.953784913954444147e-02 2.080750000000000099e-01 1.027638588258642308e-02 1.255688675771097010e-02 1.027638588258642308e-02 1.019160000000000205e-01
1.903239999999999932e-01 3.031912283267870420e-02 2.039326249571951286e-02 3.031912283267869726e-02 2.080750000000000099e-01 1.849193887834509054e-02 2.039326249571951286e-02 1.849193887834509054e-02 1.019160000000000205e-01
1.903239999999999932e-01 3.469920977713702309e-02 2.635933201912996418e-02 3.469920977713701615e-02 2.080750000000000099e-01 2.040352156616797100e-02 2.635933201912996418e-02 2.040352156616797100e-02 1.019160000000000205e-01
1.903239999999999932e-01 4.520287861092503467e-02 3.222530269222002863e-02 4.520287861092502774e-02 2.080750000000000099e-01 2.523561371450884841e-02 3.222530269222002863e-02 2.523561371450884841e-02 1.019160000000000205e-01
1.903239999999999932e-01 5.763944429746869352e-02 3.772526787813683391e-02 5.763944429746867965e-02 2.080750000000000099e-01 3.179312272278431162e-02 3.772526787813683391e-02 3.179312272278431162e-02 1.019160000000000205e-01
1.903239999999999932e-01 6.464198302669425800e-02 4.129032542701857600e-02 6.464198302669424412e-02 2.080750000000000099e-01 3.375047357807010179e-02 4.129032542701857600e-02 3.375047357807010179e-02 1.019160000000000205e-01
1.903239999999999932e-01 7.322187750753461621e-02 5.061453295575681077e-02 7.322187750753460234e-02 2.080750000000000099e-01 4.162249401677636101e-02 5.061453295575681077e-02 4.162249401677636101e-02 1.019160000000000205e-01
1.903239999999999932e-01 7.898451284297547392e-02 5.189587284154469765e-02 7.898451284297546005e-02 2.080750000000000099e-01 4.721763480948977521e-02 5.189587284154469765e-02 4.721763480948977521e-02 1.019160000000000205e-01
1.903239999999999932e-01 9.137982313708828408e-02 6.132445869219710355e-02 9.137982313708825632e-02 2.080750000000000099e-01 5.001610038346983311e-02 6.132445869219710355e-02 5.001610038346983311e-02 1.019160000000000205e-01
1.903239999999999932e-01 9.577600905009146792e-02 6.756441621855138746e-02 9.577600905009144017e-02 2.080750000000000099e-01 5.274150279725439705e-02 6.756441621855138746e-02 5.274150279725439705e-02 1.019160000000000205e-01
1.903239999999999932e-01 1.038191948351641081e-01 7.069779466418033009e-02 1.038191948351640803e-01 2.080750000000000099e-01 5.995020085077548688e-02 7.069779466418033009e-02 5.995020085077548688e-02 1.019160000000000205e-01
1.903239999999999932e-01 1.152386594752953936e-01 7.631088103539822309e-02 1.152386594752953797e-01 2.080750000000000099e-01 6.391488988942049809e-02 7.631088103539822309e-02 6.391488988942049809e-02 1.019160000000000205e-01
1.903239999999999932e-01 1.187382161742819575e-01 7.955160263488189609e-02 1.187382161742819436e-01 2.080750000000000099e-01 7.019988568035151477e-02 7.955160263488189609e-02 7.019988568035151477e-02 1.019160000000000205e-01
1.903239999999999932e-01 1.312798586927816646e-01 8.521749812398402013e-02 1.312798586927816646e-01 2.080750000000000099e-01 7.199974618963098094e-02 8.521749812398402013e-02 7.199974618963098094e-02 1.019160000000000205e-01
1.903239999999999932e-01 1.403728380313088442e-01 9.217161218484636043e-02 1.403728380313088164e-01 2.080750000000000099e-01 7.751167920314412652e-02 9.217161218484636043e-02 7.751167920314412652e-02 1.019160000000000205e-01
1.903239999999999932e-01 1.453319312182827505e-01 9.944866607581487328e-02 1.453319312182827228e-01 2.080750000000000099e-01 8.273133401206989035e-02 9.944866607581487328e-02 8.273133401206989035e-02 1.019160000000000205e-01
1.903239999999999932e-01 1.569209559981907254e-01 1.062479347765083876e-01 1.569209559981906976e-01 2.080750000000000099e-01 9.042437732959023033e-02 1.062479347765083876e-01 9.042437732959023033e-02 1.019160000000000205e-01
1.903239999999999932e-01 1.594900000000000206e-01 1.074719999999999981e-01 1.594899999999999929e-01 2.080750000000000099e-01 9.096999999999999531e-02 1.074719999999999981e-01 9.096999999999999531e-02 1.019160000000000205e-01
c: 
1.643000000000000016e+00
1.637999999999999901e+00
2.384999999999999787e+00
