CDF: 
5.400000000000000355e-01 6.099999999999999867e-01 6.600000000000000311e-01 1.000000000000000000e+00
1.100000000000000006e-01 3.099999999999999978e-01 3.900000000000000133e-01 1.000000000000000000e+00
3.499999999999999778e-01 3.699999999999999956e-01 4.299999999999999933e-01 1.000000000000000000e+00
sigma: 
2.109240000000000004e-01 1.956082823623373976e-03 3.188759805678799061e-03 1.956082823623373976e-03 1.656760000000000177e-01 1.497773637346238706e-03 3.188759805678797760e-03 1.497773637346238706e-03 2.227960000000000496e-01
2.109240000000000004e-01 1.029669845243755960e-02 1.323192154599716480e-02 1.029669845243755960e-02 1.656760000000000177e-01 1.306121827874568916e-02 1.323192154599715960e-02 1.306121827874568916e-02 2.227960000000000496e-01
2.109240000000000004e-01 1.713452770364872271e-02 1.714691605556841261e-02 1.713452770364872271e-02 1.656760000000000177e-01 2.489072203110242673e-02 1.714691605556840914e-02 2.489072203110242673e-02 2.227960000000000496e-01
2.109240000000000004e-01 2.330503032997987764e-02 2.480668113989949533e-02 2.330503032997987764e-02 1.656760000000000177e-01 3.753514031847308280e-02 2.480668113989948492e-02 3.753514031847308280e-02 2.227960000000000496e-01
2.109240000000000004e-01 2.805651017087981702e-02 3.945161892418154459e-02 2.805651017087981702e-02 1.656760000000000177e-01 4.604342465650083926e-02 3.945161892418153071e-02 4.604342465650083926e-02 2.227960000000000496e-01
2.109240000000000004e-01 3.607434345445326151e-02 4.713508224560650217e-02 3.607434345445326151e-02 1.656760000000000177e-01 5.362156176272628999e-02 4.713508224560648829e-02 5.362156176272628999e-02 2.227960000000000496e-01
2.109240000000000004e-01 3.923905605258976026e-02 5.117029786896137161e-02 3.923905605258976026e-02 1.656760000000000177e-01 6.239838236407625749e-02 5.117029786896135080e-02 6.239838236407625749e-02 2.227960000000000496e-01
2.109240000000000004e-01 4.507811710644893388e-02 5.541363339354733741e-02 4.507811710644893388e-02 1.656760000000000177e-01 6.927683743903804980e-02 5.541363339354731660e-02 6.927683743903804980e-02 2.227960000000000496e-01
2.109240000000000004e-01 5.522920627481592987e-02 6.880426257508776011e-02 5.522920627481592987e-02 1.656760000000000177e-01 8.595642423659814735e-02 6.880426257508773236e-02 8.595642423659814735e-02 2.227960000000000496e-01
2.109240000000000004e-01 5.911651394307585600e-02 7.636038328302079126e-02 5.911651394307585600e-02 1.656760000000000177e-01 8.914313409735945271e-02 7.636038328302076350e-02 8.914313409735945271e-02 2.227960000000000496e-01
2.109240000000000004e-01 6.476834487489294134e-02 8.549866642780774850e-02 6.476834487489294134e-02 1.656760000000000177e-01 1.014198910152665223e-01 8.549866642780772075e-02 1.014198910152665223e-01 2.227960000000000496e-01
2.109240000000000004e-01 7.039910227444881596e-02 9.080793434666875608e-02 7.039910227444881596e-02 1.656760000000000177e-01 1.153587437155648571e-01 9.080793434666871444e-02 1.153587437155648571e-01 2.227960000000000496e-01
2.109240000000000004e-01 7.723567424831209727e-02 9.982560765073970888e-02 7.723567424831209727e-02 1.656760000000000177e-01 1.216093897042185290e-01 9.982560765073968112e-02 1.216093897042185290e-01 2.227960000000000496e-01
2.109240000000000004e-01 8.352732987365955875e-02 1.075643011558647805e-01 8.352732987365955875e-02 1.656760000000000177e-01 1.293370691718216947e-01 1.075643011558647388e-01 1.293370691718216947e-01 2.227960000000000496e-01
2.109240000000000004e-01 9.110216809316920572e-02 1.173319083276220254e-01 9.110216809316920572e-02 1.656760000000000177e-01 1.416611757104157265e-01 1.173319083276219699e-01 1.416611757104157265e-01 2.227960000000000496e-01
2.109240000000000004e-01 9.818453962320961015e-02 1.262791016319445569e-01 9.818453962320961015e-02 1.656760000000000177e-01 1.455702053803961671e-01 1.262791016319445014e-01 1.455702053803961671e-01 2.227960000000000496e-01
2.109240000000000004e-01 1.022788298088798953e-01 1.310150233674602649e-01 1.022788298088798953e-01 1.656760000000000177e-01 1.567007430980529026e-01 1.310150233674602094e-01 1.567007430980529026e-01 2.227960000000000496e-01
2.109240000000000004e-01 1.117413139940319211e-01 1.360068312764101117e-01 1.117413139940319211e-01 1.656760000000000177e-01 1.682983972015189011e-01 1.360068312764100562e-01 1.682983972015189011e-01 2.227960000000000496e-01
2.109240000000000004e-01 1.152811443515853879e-01 1.430923510647318930e-01 1.152811443515853879e-01 1.656760000000000177e-01 1.807126410729228416e-01 1.430923510647318375e-01 1.807126410729228416e-01 2.227960000000000496e-01
2.109240000000000004e-01 1.189320000000000099e-01 1.503480000000000372e-01 1.189320000000000099e-01 1.656760000000000177e-01 1.829640000000000155e-01 1.503479999999999817e-01 1.829640000000000155e-01 2.227960000000000496e-01
c: 
2.529999999999999805e+00
1.292000000000000037e+00
2.418000000000000149e+00
