CDF: 
2.300000000000000100e-01 3.300000000000000155e-01 5.999999999999999778e-01 1.000000000000000000e+00
5.000000000000000278e-02 1.400000000000000133e-01 5.899999999999999689e-01 1.000000000000000000e+00
2.099999999999999922e-01 6.600000000000000311e-01 6.700000000000000400e-01 1.000000000000000000e+00
sigma: 
1.684160000000000101e-01 4.025343591276960248e-04 6.532319155523858521e-03 4.025343591276959706e-04 1.159360000000000113e-01 5.338425700605458138e-03 6.532319155523858521e-03 5.338425700605458138e-03 1.698240000000000027e-01
1.684160000000000101e-01 1.097169216622051816e-02 1.172246584699985876e-02 1.097169216622051469e-02 1.159360000000000113e-01 1.215092860114892932e-02 1.172246584699985876e-02 1.215092860114892932e-02 1.698240000000000027e-01
1.684160000000000101e-01 2.037747823304930997e-02 2.318795785426295414e-02 2.037747823304930650e-02 1.159360000000000113e-01 1.720102707924141966e-02 2.318795785426295414e-02 1.720102707924141966e-02 1.698240000000000027e-01
1.684160000000000101e-01 2.764818081286407256e-02 2.572065928326682308e-02 2.764818081286406909e-02 1.159360000000000113e-01 2.093511270191790452e-02 2.572065928326682308e-02 2.093511270191790452e-02 1.698240000000000027e-01
1.684160000000000101e-01 2.928595497044814491e-02 3.693085928846869676e-02 2.928595497044814144e-02 1.159360000000000113e-01 2.766796099012608368e-02 3.693085928846869676e-02 2.766796099012608368e-02 1.698240000000000027e-01
1.684160000000000101e-01 3.744256101037002349e-02 4.426478227287442002e-02 3.744256101037001655e-02 1.159360000000000113e-01 3.607034676669398920e-02 4.426478227287442002e-02 3.607034676669398920e-02 1.698240000000000027e-01
1.684160000000000101e-01 4.662571753788841145e-02 5.351252177985971192e-02 4.662571753788839757e-02 1.159360000000000113e-01 3.863302390559047311e-02 5.351252177985971192e-02 3.863302390559047311e-02 1.698240000000000027e-01
1.684160000000000101e-01 5.024284403594593551e-02 5.961298289931181438e-02 5.024284403594592163e-02 1.159360000000000113e-01 4.505990817694479483e-02 5.961298289931181438e-02 4.505990817694479483e-02 1.698240000000000027e-01
1.684160000000000101e-01 6.252160462532407870e-02 6.954647192450645610e-02 6.252160462532406482e-02 1.159360000000000113e-01 5.669734144377879675e-02 6.954647192450645610e-02 5.669734144377879675e-02 1.698240000000000027e-01
1.684160000000000101e-01 6.496223374287531105e-02 7.605637225730761675e-02 6.496223374287529717e-02 1.159360000000000113e-01 5.725779046913602455e-02 7.605637225730761675e-02 5.725779046913602455e-02 1.698240000000000027e-01
1.684160000000000101e-01 7.656906593253708093e-02 8.309240663980474451e-02 7.656906593253705318e-02 1.159360000000000113e-01 6.371329754979038196e-02 8.309240663980474451e-02 6.371329754979038196e-02 1.698240000000000027e-01
1.684160000000000101e-01 8.080538774850545836e-02 8.728064630005154256e-02 8.080538774850544448e-02 1.159360000000000113e-01 7.259825434522253207e-02 8.728064630005154256e-02 7.259825434522253207e-02 1.698240000000000027e-01
1.684160000000000101e-01 8.786740003001740351e-02 9.498873962310716568e-02 8.786740003001738963e-02 1.159360000000000113e-01 7.719140169839111554e-02 9.498873962310716568e-02 7.719140169839111554e-02 1.698240000000000027e-01
1.684160000000000101e-01 9.739773815797700407e-02 1.075099739895489376e-01 9.739773815797697631e-02 1.159360000000000113e-01 8.472276295089280207e-02 1.075099739895489376e-01 8.472276295089280207e-02 1.698240000000000027e-01
1.684160000000000101e-01 1.037806894906504601e-01 1.112509112539664252e-01 1.037806894906504324e-01 1.159360000000000113e-01 9.026671378677782187e-02 1.112509112539664252e-01 9.026671378677782187e-02 1.698240000000000027e-01
1.684160000000000101e-01 1.076972748492553283e-01 1.185603284838569749e-01 1.076972748492553006e-01 1.159360000000000113e-01 1.003285726178981957e-01 1.185603284838569749e-01 1.003285726178981957e-01 1.698240000000000027e-01
1.684160000000000101e-01 1.150017000063843775e-01 1.275025486334399605e-01 1.150017000063843498e-01 1.159360000000000113e-01 1.038089236182482000e-01 1.275025486334399605e-01 1.038089236182482000e-01 1.698240000000000027e-01
1.684160000000000101e-01 1.204136385923719049e-01 1.394123204993644727e-01 1.204136385923718772e-01 1.159360000000000113e-01 1.098253632718501765e-01 1.394123204993644727e-01 1.098253632718501765e-01 1.698240000000000027e-01
1.684160000000000101e-01 1.289520720409905730e-01 1.438788167211635938e-01 1.289520720409905452e-01 1.159360000000000113e-01 1.203450819198492311e-01 1.438788167211635938e-01 1.203450819198492311e-01 1.698240000000000027e-01
1.684160000000000101e-01 1.325760000000000272e-01 1.477279999999999982e-01 1.325759999999999994e-01 1.159360000000000113e-01 1.206079999999999930e-01 1.477279999999999982e-01 1.206079999999999930e-01 1.698240000000000027e-01
c: 
2.794000000000000039e+00
1.391999999999999904e+00
1.292999999999999927e+00
