CDF: 
1.400000000000000133e-01 4.000000000000000222e-01 5.100000000000000089e-01 1.000000000000000000e+00
2.899999999999999800e-01 5.799999999999999600e-01 6.800000000000000488e-01 1.000000000000000000e+00
4.099999999999999756e-01 5.600000000000000533e-01 6.700000000000000400e-01 1.000000000000000000e+00
sigma: 
1.746040000000000092e-01 3.034166349427891169e-03 7.800691114433952987e-03 3.034166349427890302e-03 1.728760000000000296e-01 7.082738704787513821e-03 7.800691114433952987e-03 7.082738704787513821e-03 1.903839999999999977e-01
1.746040000000000092e-01 1.266193821602148648e-02 1.376269614156606057e-02 1.266193821602148474e-02 1.728760000000000296e-01 1.347728863711816945e-02 1.376269614156606057e-02 1.347728863711816945e-02 1.903839999999999977e-01
1.746040000000000092e-01 2.131463149775570873e-02 1.943752540183266153e-02 2.131463149775570179e-02 1.728760000000000296e-01 2.305041235976440506e-02 1.943752540183266153e-02 2.305041235976440506e-02 1.903839999999999977e-01
1.746040000000000092e-01 2.397183193757124187e-02 3.265437071801192970e-02 2.397183193757123493e-02 1.728760000000000296e-01 2.849418094983669977e-02 3.265437071801192970e-02 2.849418094983669977e-02 1.903839999999999977e-01
1.746040000000000092e-01 3.271382293855690238e-02 3.581726221822650186e-02 3.271382293855689544e-02 1.728760000000000296e-01 4.318656955640493705e-02 3.581726221822650186e-02 4.318656955640493705e-02 1.903839999999999977e-01
1.746040000000000092e-01 4.225120542101192672e-02 4.817770240462824344e-02 4.225120542101191284e-02 1.728760000000000296e-01 4.794485591502747196e-02 4.817770240462824344e-02 4.794485591502747196e-02 1.903839999999999977e-01
1.746040000000000092e-01 5.238903758644151976e-02 5.473446405068396053e-02 5.238903758644150588e-02 1.728760000000000296e-01 5.875326440463811417e-02 5.473446405068396053e-02 5.875326440463811417e-02 1.903839999999999977e-01
1.746040000000000092e-01 5.672648109184826037e-02 6.241726028939121457e-02 5.672648109184824650e-02 1.728760000000000296e-01 6.842660905637827640e-02 6.241726028939121457e-02 6.842660905637827640e-02 1.903839999999999977e-01
1.746040000000000092e-01 6.154622536391771148e-02 6.856393342888732201e-02 6.154622536391769760e-02 1.728760000000000296e-01 7.999684715546111213e-02 6.856393342888732201e-02 7.999684715546111213e-02 1.903839999999999977e-01
1.746040000000000092e-01 7.251015478603495268e-02 8.038759816209639641e-02 7.251015478603493880e-02 1.728760000000000296e-01 8.444034177594006430e-02 8.038759816209639641e-02 8.444034177594006430e-02 1.903839999999999977e-01
1.746040000000000092e-01 8.090210973432851449e-02 8.936523038779664585e-02 8.090210973432850061e-02 1.728760000000000296e-01 9.556621550116503605e-02 8.936523038779664585e-02 9.556621550116503605e-02 1.903839999999999977e-01
1.746040000000000092e-01 8.287106435416398409e-02 9.270169263464252130e-02 8.287106435416397021e-02 1.728760000000000296e-01 1.035848368680952203e-01 9.270169263464252130e-02 1.035848368680952203e-01 1.903839999999999977e-01
1.746040000000000092e-01 9.328603441255034490e-02 9.849235385630035478e-02 9.328603441255033102e-02 1.728760000000000296e-01 1.145838158009395008e-01 9.849235385630035478e-02 1.145838158009395008e-01 1.903839999999999977e-01
1.746040000000000092e-01 9.927739252329582931e-02 1.109833570498209437e-01 9.927739252329581543e-02 1.728760000000000296e-01 1.271512846823443788e-01 1.109833570498209437e-01 1.271512846823443788e-01 1.903839999999999977e-01
1.746040000000000092e-01 1.068467598469389768e-01 1.145789143563702150e-01 1.068467598469389629e-01 1.728760000000000296e-01 1.393636122538144950e-01 1.145789143563702150e-01 1.393636122538144950e-01 1.903839999999999977e-01
1.746040000000000092e-01 1.188812011479522673e-01 1.297023913485941260e-01 1.188812011479522535e-01 1.728760000000000296e-01 1.470533832653131978e-01 1.297023913485941260e-01 1.470533832653131978e-01 1.903839999999999977e-01
1.746040000000000092e-01 1.198934346131169115e-01 1.380898069267086359e-01 1.198934346131168976e-01 1.728760000000000296e-01 1.558172502555048300e-01 1.380898069267086359e-01 1.558172502555048300e-01 1.903839999999999977e-01
1.746040000000000092e-01 1.335271912309514142e-01 1.426183858215550049e-01 1.335271912309513864e-01 1.728760000000000296e-01 1.642568043006756850e-01 1.426183858215550049e-01 1.642568043006756850e-01 1.903839999999999977e-01
1.746040000000000092e-01 1.403200095912329193e-01 1.549536373399511002e-01 1.403200095912328915e-01 1.728760000000000296e-01 1.694472247004580878e-01 1.549536373399511002e-01 1.694472247004580878e-01 1.903839999999999977e-01
1.746040000000000092e-01 1.422520000000000451e-01 1.552560000000000051e-01 1.422520000000000173e-01 1.728760000000000296e-01 1.771280000000000077e-01 1.552560000000000051e-01 1.771280000000000077e-01 1.903839999999999977e-01
c: 
2.301000000000000156e+00
2.802000000000000046e+00
2.366999999999999993e+00
