CDF: 
2.600000000000000089e-01 4.199999999999999845e-01 4.500000000000000111e-01 1.000000000000000000e+00
8.999999999999999667e-02 1.100000000000000006e-01 6.099999999999999867e-01 1.000000000000000000e+00
5.000000000000000278e-02 8.000000000000000167e-02 1.400000000000000133e-01 1.000000000000000000e+00
sigma: 
2.236750000000000127e-01 4.181582686926855336e-03 2.726601427163645973e-03 4.181582686926855336e-03 1.414360000000000062e-01 1.744372388020173610e-03 2.726601427163646840e-03 1.744372388020173610e-03 8.953900000000002135e-02
2.236750000000000127e-01 1.191631907189951746e-02 5.790236526356700233e-03 1.191631907189951746e-02 1.414360000000000062e-01 5.303419319584179621e-03 5.790236526356701101e-03 5.303419319584179621e-03 8.953900000000002135e-02
2.236750000000000127e-01 1.682609792086525030e-02 7.622329279891417939e-03 1.682609792086525030e-02 1.414360000000000062e-01 6.784337176269474370e-03 7.622329279891419673e-03 6.784337176269474370e-03 8.953900000000002135e-02
2.236750000000000127e-01 2.265174180036201926e-02 1.296012323023618996e-02 2.265174180036201926e-02 1.414360000000000062e-01 1.075197081092472973e-02 1.296012323023619170e-02 1.075197081092472973e-02 8.953900000000002135e-02
2.236750000000000127e-01 3.359259782339051731e-02 1.535951440623155480e-02 3.359259782339051731e-02 1.414360000000000062e-01 1.479643361900886619e-02 1.535951440623155827e-02 1.479643361900886619e-02 8.953900000000002135e-02
2.236750000000000127e-01 3.949600519020443623e-02 2.122513802142755868e-02 3.949600519020443623e-02 1.414360000000000062e-01 1.756350614047073183e-02 2.122513802142756215e-02 1.756350614047073183e-02 8.953900000000002135e-02
2.236750000000000127e-01 4.803147072342267565e-02 2.165612773093935489e-02 4.803147072342267565e-02 1.414360000000000062e-01 1.976189704940639613e-02 2.165612773093935836e-02 1.976189704940639613e-02 8.953900000000002135e-02
2.236750000000000127e-01 5.150102677309575938e-02 2.549760692052332328e-02 5.150102677309575938e-02 1.414360000000000062e-01 2.252206232666767102e-02 2.549760692052332675e-02 2.252206232666767102e-02 8.953900000000002135e-02
2.236750000000000127e-01 6.273426207476158478e-02 3.010515757752013286e-02 6.273426207476158478e-02 1.414360000000000062e-01 2.428379905142923761e-02 3.010515757752013979e-02 2.428379905142923761e-02 8.953900000000002135e-02
2.236750000000000127e-01 6.695032569148981483e-02 3.358918017884076485e-02 6.695032569148981483e-02 1.414360000000000062e-01 2.758282002328921179e-02 3.358918017884077178e-02 2.758282002328921179e-02 8.953900000000002135e-02
2.236750000000000127e-01 7.230563835155980057e-02 3.750118843698305865e-02 7.230563835155980057e-02 1.414360000000000062e-01 3.196043949127343187e-02 3.750118843698306559e-02 3.196043949127343187e-02 8.953900000000002135e-02
2.236750000000000127e-01 8.376727939007005963e-02 4.091558217276349690e-02 8.376727939007005963e-02 1.414360000000000062e-01 3.421285724972894515e-02 4.091558217276351078e-02 3.421285724972894515e-02 8.953900000000002135e-02
2.236750000000000127e-01 8.946579019131567501e-02 4.554385657665060289e-02 8.946579019131567501e-02 1.414360000000000062e-01 3.635345178764774060e-02 4.554385657665061676e-02 3.635345178764774060e-02 8.953900000000002135e-02
2.236750000000000127e-01 9.181186426642140574e-02 4.787095357424227260e-02 9.181186426642140574e-02 1.414360000000000062e-01 4.135769520007609445e-02 4.787095357424227954e-02 4.135769520007609445e-02 8.953900000000002135e-02
2.236750000000000127e-01 9.994359741614461390e-02 5.306285694281979298e-02 9.994359741614461390e-02 1.414360000000000062e-01 4.474914307999323243e-02 5.306285694281979992e-02 4.474914307999323243e-02 8.953900000000002135e-02
2.236750000000000127e-01 1.079436120429635576e-01 5.632321230952182234e-02 1.079436120429635576e-01 1.414360000000000062e-01 4.557623198636257672e-02 5.632321230952183622e-02 4.557623198636257672e-02 8.953900000000002135e-02
2.236750000000000127e-01 1.131889281991995261e-01 5.832694492823031068e-02 1.131889281991995261e-01 1.414360000000000062e-01 4.993086148725690149e-02 5.832694492823032456e-02 4.993086148725690149e-02 8.953900000000002135e-02
2.236750000000000127e-01 1.216939591683646321e-01 6.410855558778001673e-02 1.216939591683646321e-01 1.414360000000000062e-01 5.265043812966502257e-02 6.410855558778003060e-02 5.265043812966502257e-02 8.953900000000002135e-02
2.236750000000000127e-01 1.304308543713170176e-01 6.600629401873092661e-02 1.304308543713170176e-01 1.414360000000000062e-01 5.384886625354705358e-02 6.600629401873094049e-02 5.384886625354705358e-02 8.953900000000002135e-02
2.236750000000000127e-01 1.338499999999999968e-01 6.842499999999999971e-02 1.338499999999999968e-01 1.414360000000000062e-01 5.679800000000000126e-02 6.842500000000001359e-02 5.679800000000000126e-02 8.953900000000002135e-02
c: 
1.721999999999999975e+00
2.432999999999999829e+00
1.048999999999999932e+00
