CDF: 
3.300000000000000155e-01 6.300000000000000044e-01 6.700000000000000400e-01 1.000000000000000000e+00
2.700000000000000178e-01 4.299999999999999933e-01 7.500000000000000000e-01 1.000000000000000000e+00
1.799999999999999933e-01 6.400000000000000133e-01 7.600000000000000089e-01 1.000000000000000000e+00
sigma: 
1.835640000000000049e-01 5.252439528893016428e-03 5.274614127661527568e-03 5.252439528893016428e-03 1.395000000000000129e-01 2.405155374790550991e-03 5.274614127661527568e-03 2.405155374790551425e-03 1.331999999999999851e-01
1.835640000000000049e-01 8.907834506088405449e-03 8.098453341695555779e-03 8.907834506088405449e-03 1.395000000000000129e-01 1.039568209443221015e-02 8.098453341695555779e-03 1.039568209443221189e-02 1.331999999999999851e-01
1.835640000000000049e-01 2.023193990489826483e-02 1.958102933570834980e-02 2.023193990489826483e-02 1.395000000000000129e-01 1.397601436471535528e-02 1.958102933570834980e-02 1.397601436471535875e-02 1.331999999999999851e-01
1.835640000000000049e-01 2.338092172355066278e-02 2.204383107127012159e-02 2.338092172355066278e-02 1.395000000000000129e-01 2.108355441909072134e-02 2.204383107127012159e-02 2.108355441909072828e-02 1.331999999999999851e-01
1.835640000000000049e-01 3.238880434962331661e-02 3.340508095676984063e-02 3.238880434962331661e-02 1.395000000000000129e-01 3.160067790664928405e-02 3.340508095676984063e-02 3.160067790664929099e-02 1.331999999999999851e-01
1.835640000000000049e-01 4.417869471976115792e-02 4.139589147028563398e-02 4.417869471976115792e-02 1.395000000000000129e-01 4.000516143830590288e-02 4.139589147028563398e-02 4.000516143830590982e-02 1.331999999999999851e-01
1.835640000000000049e-01 5.039948416338897730e-02 4.513184166521480578e-02 5.039948416338897730e-02 1.395000000000000129e-01 4.603603650089036631e-02 4.513184166521480578e-02 4.603603650089037325e-02 1.331999999999999851e-01
1.835640000000000049e-01 5.310993404850349736e-02 5.598839706360778795e-02 5.310993404850349736e-02 1.395000000000000129e-01 5.033805762395676675e-02 5.598839706360778795e-02 5.033805762395678063e-02 1.331999999999999851e-01
1.835640000000000049e-01 6.353118428722979993e-02 5.917716568267095828e-02 6.353118428722979993e-02 1.395000000000000129e-01 5.644191326890190402e-02 5.917716568267095828e-02 5.644191326890191790e-02 1.331999999999999851e-01
1.835640000000000049e-01 7.460162344545051560e-02 6.760464453167930321e-02 7.460162344545051560e-02 1.395000000000000129e-01 6.663866083814103114e-02 6.760464453167930321e-02 6.663866083814104502e-02 1.331999999999999851e-01
1.835640000000000049e-01 7.536565501072703399e-02 7.993429157826852094e-02 7.536565501072703399e-02 1.395000000000000129e-01 7.248386900837947011e-02 7.993429157826852094e-02 7.248386900837948399e-02 1.331999999999999851e-01
1.835640000000000049e-01 8.485451389520905219e-02 8.613213936948943550e-02 8.485451389520905219e-02 1.395000000000000129e-01 8.037995307343552553e-02 8.613213936948943550e-02 8.037995307343553941e-02 1.331999999999999851e-01
1.835640000000000049e-01 9.656215217197033907e-02 9.471985827770997013e-02 9.656215217197033907e-02 1.395000000000000129e-01 8.186510348506792489e-02 9.471985827770997013e-02 8.186510348506793877e-02 1.331999999999999851e-01
1.835640000000000049e-01 9.951240097831683118e-02 9.640093074119956973e-02 9.951240097831683118e-02 1.395000000000000129e-01 9.424902492948981914e-02 9.640093074119956973e-02 9.424902492948984689e-02 1.331999999999999851e-01
1.835640000000000049e-01 1.114530572305296868e-01 1.078423551667479774e-01 1.114530572305296868e-01 1.395000000000000129e-01 9.890857734905732224e-02 1.078423551667479774e-01 9.890857734905734999e-02 1.331999999999999851e-01
1.835640000000000049e-01 1.129660287728883744e-01 1.111791608749528176e-01 1.129660287728883744e-01 1.395000000000000129e-01 1.019030327834717503e-01 1.111791608749528176e-01 1.019030327834717781e-01 1.331999999999999851e-01
1.835640000000000049e-01 1.203270118975519054e-01 1.238145404314353465e-01 1.203270118975519054e-01 1.395000000000000129e-01 1.101081050398450556e-01 1.238145404314353465e-01 1.101081050398450834e-01 1.331999999999999851e-01
1.835640000000000049e-01 1.342127593520328621e-01 1.252096337293529815e-01 1.342127593520328621e-01 1.395000000000000129e-01 1.179580237745070231e-01 1.252096337293529815e-01 1.179580237745070509e-01 1.331999999999999851e-01
1.835640000000000049e-01 1.347996747573571297e-01 1.363461915362222110e-01 1.347996747573571297e-01 1.395000000000000129e-01 1.263793667117613928e-01 1.363461915362222110e-01 1.263793667117614206e-01 1.331999999999999851e-01
1.835640000000000049e-01 1.419400000000000106e-01 1.393199999999999994e-01 1.419400000000000106e-01 1.395000000000000129e-01 1.289999999999999758e-01 1.393199999999999994e-01 1.290000000000000036e-01 1.331999999999999851e-01
c: 
1.987999999999999989e+00
2.387999999999999901e+00
1.159999999999999920e+00
