CDF: 
1.000000000000000056e-01 4.899999999999999911e-01 5.300000000000000266e-01 1.000000000000000000e+00
1.700000000000000122e-01 3.400000000000000244e-01 3.800000000000000044e-01 1.000000000000000000e+00
1.499999999999999944e-01 3.699999999999999956e-01 5.200000000000000178e-01 1.000000000000000000e+00
sigma: 
1.739040000000000030e-01 4.454463379581265377e-03 8.182576233146861625e-03 4.454463379581265377e-03 1.842999999999999916e-01 2.836251293293933981e-03 8.182576233146863359e-03 2.836251293293933981e-03 1.717440000000000078e-01
1.739040000000000030e-01 7.712955889669204264e-03 9.354061606545891958e-03 7.712955889669204264e-03 1.842999999999999916e-01 9.697267937877181165e-03 9.354061606545893692e-03 9.697267937877181165e-03 1.717440000000000078e-01
1.739040000000000030e-01 1.733413049576702433e-02 2.456644868443282753e-02 1.733413049576702433e-02 1.842999999999999916e-01 2.193775975122248811e-02 2.456644868443283447e-02 2.193775975122248811e-02 1.717440000000000078e-01
1.739040000000000030e-01 2.918108184358045309e-02 3.206358412107832706e-02 2.918108184358045309e-02 1.842999999999999916e-01 2.552498875318274379e-02 3.206358412107832706e-02 2.552498875318274379e-02 1.717440000000000078e-01
1.739040000000000030e-01 2.965145891359036515e-02 3.722353689116442155e-02 2.965145891359036515e-02 1.842999999999999916e-01 3.674993303646978404e-02 3.722353689116442849e-02 3.674993303646978404e-02 1.717440000000000078e-01
1.739040000000000030e-01 4.323662749220805873e-02 4.821325420616880131e-02 4.323662749220805873e-02 1.842999999999999916e-01 4.679904635057240136e-02 4.821325420616880825e-02 4.679904635057240136e-02 1.717440000000000078e-01
1.739040000000000030e-01 4.518361965973514277e-02 5.378798804525464911e-02 4.518361965973514277e-02 1.842999999999999916e-01 5.531277774281197213e-02 5.378798804525465604e-02 5.531277774281197213e-02 1.717440000000000078e-01
1.739040000000000030e-01 5.897193402248566280e-02 6.468738551605750231e-02 5.897193402248566280e-02 1.842999999999999916e-01 6.419784210861835538e-02 6.468738551605751619e-02 6.419784210861835538e-02 1.717440000000000078e-01
1.739040000000000030e-01 6.467198516199995639e-02 7.246454043250942501e-02 6.467198516199995639e-02 1.842999999999999916e-01 7.073203224686194779e-02 7.246454043250943888e-02 7.073203224686194779e-02 1.717440000000000078e-01
1.739040000000000030e-01 7.111256081129654905e-02 8.019209518588715779e-02 7.111256081129654905e-02 1.842999999999999916e-01 7.386420988652446507e-02 8.019209518588717167e-02 7.386420988652446507e-02 1.717440000000000078e-01
1.739040000000000030e-01 7.991940620312221188e-02 9.479378645323523200e-02 7.991940620312221188e-02 1.842999999999999916e-01 8.410025270444680678e-02 9.479378645323524588e-02 8.410025270444680678e-02 1.717440000000000078e-01
1.739040000000000030e-01 8.785914041403555808e-02 9.889988941799109090e-02 8.785914041403555808e-02 1.842999999999999916e-01 9.128928131901278831e-02 9.889988941799110478e-02 9.128928131901278831e-02 1.717440000000000078e-01
1.739040000000000030e-01 9.260960036802960704e-02 1.108936186017985132e-01 9.260960036802960704e-02 1.842999999999999916e-01 1.024513157503915278e-01 1.108936186017985409e-01 1.024513157503915278e-01 1.717440000000000078e-01
1.739040000000000030e-01 9.629326814392585865e-02 1.149650306221651069e-01 9.629326814392585865e-02 1.842999999999999916e-01 1.064374952975027239e-01 1.149650306221651347e-01 1.064374952975027239e-01 1.717440000000000078e-01
1.739040000000000030e-01 1.049996504457418323e-01 1.245445987357140516e-01 1.049996504457418323e-01 1.842999999999999916e-01 1.158345993788387207e-01 1.245445987357140655e-01 1.158345993788387207e-01 1.717440000000000078e-01
1.739040000000000030e-01 1.130405895246608811e-01 1.355647571297107501e-01 1.130405895246608811e-01 1.842999999999999916e-01 1.290801490014626685e-01 1.355647571297107778e-01 1.290801490014626685e-01 1.717440000000000078e-01
1.739040000000000030e-01 1.236933760289881806e-01 1.426860473324330914e-01 1.236933760289881806e-01 1.842999999999999916e-01 1.314043411761931235e-01 1.426860473324331191e-01 1.314043411761931235e-01 1.717440000000000078e-01
1.739040000000000030e-01 1.285067922690998343e-01 1.507711117355679531e-01 1.285067922690998343e-01 1.842999999999999916e-01 1.442931888408728602e-01 1.507711117355679531e-01 1.442931888408728602e-01 1.717440000000000078e-01
1.739040000000000030e-01 1.373552564335663029e-01 1.643287598234623725e-01 1.373552564335663029e-01 1.842999999999999916e-01 1.552923374348950114e-01 1.643287598234624003e-01 1.552923374348950114e-01 1.717440000000000078e-01
1.739040000000000030e-01 1.401199999999999946e-01 1.678239999999999732e-01 1.401199999999999946e-01 1.842999999999999916e-01 1.555199999999999916e-01 1.678240000000000010e-01 1.555199999999999916e-01 1.717440000000000078e-01
c: 
2.488999999999999879e+00
2.327999999999999847e+00
2.758999999999999897e+00
