CDF: 
1.199999999999999956e-01 5.500000000000000444e-01 7.099999999999999645e-01 1.000000000000000000e+00
1.300000000000000044e-01 6.099999999999999867e-01 6.700000000000000400e-01 1.000000000000000000e+00
1.100000000000000006e-01 3.599999999999999867e-01 6.800000000000000488e-01 1.000000000000000000e+00
sigma: 
1.391999999999999904e-01 1.568387941157971298e-03 4.906300973694499969e-04 1.568387941157971732e-03 1.562999999999999945e-01 5.091405418992834588e-03 4.906300973694499969e-04 5.091405418992834588e-03 1.331960000000000088e-01
1.391999999999999904e-01 1.267630398752380393e-02 9.249896434300290682e-03 1.267630398752380740e-02 1.562999999999999945e-01 8.599713995129576113e-03 9.249896434300290682e-03 8.599713995129576113e-03 1.331960000000000088e-01
1.391999999999999904e-01 1.638342635763518837e-02 1.579822290217257688e-02 1.638342635763519184e-02 1.562999999999999945e-01 2.014970939086010646e-02 1.579822290217257688e-02 2.014970939086010646e-02 1.331960000000000088e-01
1.391999999999999904e-01 2.551324430514766844e-02 2.110934635380082303e-02 2.551324430514767191e-02 1.562999999999999945e-01 2.738775611544070829e-02 2.110934635380082303e-02 2.738775611544070829e-02 1.331960000000000088e-01
1.391999999999999904e-01 3.422483011328905644e-02 2.841495747703458308e-02 3.422483011328906338e-02 1.562999999999999945e-01 3.516547135600817803e-02 2.841495747703458308e-02 3.516547135600817803e-02 1.331960000000000088e-01
1.391999999999999904e-01 4.069151715724345780e-02 3.383459377582994504e-02 4.069151715724346474e-02 1.562999999999999945e-01 4.191238114005202409e-02 3.383459377582994504e-02 4.191238114005202409e-02 1.331960000000000088e-01
1.391999999999999904e-01 4.789009269657320406e-02 4.112871450854171246e-02 4.789009269657321100e-02 1.562999999999999945e-01 4.963434614455925625e-02 4.112871450854171246e-02 4.963434614455925625e-02 1.331960000000000088e-01
1.391999999999999904e-01 5.716429911483453252e-02 4.975998551230308153e-02 5.716429911483453946e-02 1.562999999999999945e-01 5.288831225426326305e-02 4.975998551230308153e-02 5.288831225426326305e-02 1.331960000000000088e-01
1.391999999999999904e-01 6.132323183787184717e-02 5.885540463499516761e-02 6.132323183787186105e-02 1.562999999999999945e-01 6.547617725781912368e-02 5.885540463499516761e-02 6.547617725781912368e-02 1.331960000000000088e-01
1.391999999999999904e-01 7.148153908813181800e-02 6.195989353685966983e-02 7.148153908813183188e-02 1.562999999999999945e-01 6.579252399635861226e-02 6.195989353685966983e-02 6.579252399635861226e-02 1.331960000000000088e-01
1.391999999999999904e-01 7.543571950425417838e-02 7.116284600623638823e-02 7.543571950425419226e-02 1.562999999999999945e-01 7.736157171261667798e-02 7.116284600623638823e-02 7.736157171261667798e-02 1.331960000000000088e-01
1.391999999999999904e-01 8.553441601137479200e-02 7.455546679082881989e-02 8.553441601137480588e-02 1.562999999999999945e-01 8.114195804519470923e-02 7.455546679082881989e-02 8.114195804519470923e-02 1.331960000000000088e-01
1.391999999999999904e-01 9.481865089201976793e-02 8.718222326789830390e-02 9.481865089201979568e-02 1.562999999999999945e-01 9.135054556874222520e-02 8.718222326789830390e-02 9.135054556874222520e-02 1.331960000000000088e-01
1.391999999999999904e-01 9.680212319047581948e-02 8.979043974387088123e-02 9.680212319047584724e-02 1.562999999999999945e-01 1.002820704869906848e-01 8.979043974387088123e-02 1.002820704869906848e-01 1.331960000000000088e-01
1.391999999999999904e-01 1.069124977043948987e-01 9.912750949809705225e-02 1.069124977043949265e-01 1.562999999999999945e-01 1.056589605890401323e-01 9.912750949809705225e-02 1.056589605890401323e-01 1.331960000000000088e-01
1.391999999999999904e-01 1.128409993313920362e-01 1.034128566800457949e-01 1.128409993313920640e-01 1.562999999999999945e-01 1.145062019194157954e-01 1.034128566800457949e-01 1.145062019194157954e-01 1.331960000000000088e-01
1.391999999999999904e-01 1.214469949628635137e-01 1.091949358639307532e-01 1.214469949628635276e-01 1.562999999999999945e-01 1.201465158254137050e-01 1.091949358639307532e-01 1.201465158254137050e-01 1.331960000000000088e-01
1.391999999999999904e-01 1.316732807742616307e-01 1.152601246402860657e-01 1.316732807742616584e-01 1.562999999999999945e-01 1.245061808302950074e-01 1.152601246402860657e-01 1.245061808302950074e-01 1.331960000000000088e-01
1.391999999999999904e-01 1.388256779322776524e-01 1.276262697547006220e-01 1.388256779322776802e-01 1.562999999999999945e-01 1.381453267980865540e-01 1.276262697547006220e-01 1.381453267980865540e-01 1.331960000000000088e-01
1.391999999999999904e-01 1.391999999999999904e-01 1.284799999999999831e-01 1.392000000000000182e-01 1.562999999999999945e-01 1.387000000000000177e-01 1.284799999999999831e-01 1.387000000000000177e-01 1.331960000000000088e-01
c: 
2.005999999999999783e+00
1.221999999999999975e+00
2.591000000000000192e+00
