CDF: 
6.700000000000000400e-01 7.800000000000000266e-01 9.300000000000000488e-01 1.000000000000000000e+00
4.799999999999999822e-01 5.799999999999999600e-01 9.100000000000000311e-01 1.000000000000000000e+00
3.699999999999999956e-01 4.500000000000000111e-01 8.199999999999999512e-01 1.000000000000000000e+00
sigma: 
6.872400000000000730e-02 2.991386349370761446e-03 1.240773320406161374e-04 2.991386349370761446e-03 8.109900000000000442e-02 1.927931579467141070e-03 1.240773320406161374e-04 1.927931579467141070e-03 1.246990000000000320e-01
6.872400000000000730e-02 5.576484467078869113e-03 4.518197515242733733e-03 5.576484467078869113e-03 8.109900000000000442e-02 5.063644354272256454e-03 4.518197515242733733e-03 5.063644354272256454e-03 1.246990000000000320e-01
6.872400000000000730e-02 9.292501206806060010e-03 1.046502183971412953e-02 9.292501206806060010e-03 8.109900000000000442e-02 9.153590255048003194e-03 1.046502183971412953e-02 9.153590255048003194e-03 1.246990000000000320e-01
6.872400000000000730e-02 1.327705776230817328e-02 1.427454048178020303e-02 1.327705776230817328e-02 8.109900000000000442e-02 1.647318976172875912e-02 1.427454048178020303e-02 1.647318976172875912e-02 1.246990000000000320e-01
6.872400000000000730e-02 1.474991622424350578e-02 1.822625665563197550e-02 1.474991622424350578e-02 8.109900000000000442e-02 1.974923614211669676e-02 1.822625665563197550e-02 1.974923614211669676e-02 1.246990000000000320e-01
6.872400000000000730e-02 1.869149966357261730e-02 2.087760723265215043e-02 1.869149966357261730e-02 8.109900000000000442e-02 2.371377476469084880e-02 2.087760723265215043e-02 2.371377476469084880e-02 1.246990000000000320e-01
6.872400000000000730e-02 2.266607825147887861e-02 2.473457063259828712e-02 2.266607825147887861e-02 8.109900000000000442e-02 2.881954341979318240e-02 2.473457063259828712e-02 2.881954341979318240e-02 1.246990000000000320e-01
6.872400000000000730e-02 2.458885778045219808e-02 2.924974145482758803e-02 2.458885778045219808e-02 8.109900000000000442e-02 3.348686667582820298e-02 2.924974145482758803e-02 3.348686667582820298e-02 1.246990000000000320e-01
6.872400000000000730e-02 3.074794162410055681e-02 3.391919231224733988e-02 3.074794162410055681e-02 8.109900000000000442e-02 3.544992750935157394e-02 3.391919231224733988e-02 3.544992750935157394e-02 1.246990000000000320e-01
6.872400000000000730e-02 3.183771024451162446e-02 3.611991484066197355e-02 3.183771024451162446e-02 8.109900000000000442e-02 4.030496060269439518e-02 3.611991484066197355e-02 4.030496060269439518e-02 1.246990000000000320e-01
6.872400000000000730e-02 3.582103089465705353e-02 3.952930125257748950e-02 3.582103089465705353e-02 8.109900000000000442e-02 4.595196349917898132e-02 3.952930125257748950e-02 4.595196349917898132e-02 1.246990000000000320e-01
6.872400000000000730e-02 3.825264496548369531e-02 4.285377764743008439e-02 3.825264496548369531e-02 8.109900000000000442e-02 4.798217302130724365e-02 4.285377764743008439e-02 4.798217302130724365e-02 1.246990000000000320e-01
6.872400000000000730e-02 4.377035951282934323e-02 4.754517703981804566e-02 4.377035951282934323e-02 8.109900000000000442e-02 5.286940992667644307e-02 4.754517703981804566e-02 5.286940992667644307e-02 1.246990000000000320e-01
6.872400000000000730e-02 4.704152433891296142e-02 4.968486844020032073e-02 4.704152433891296142e-02 8.109900000000000442e-02 5.936208376589667546e-02 4.968486844020032073e-02 5.936208376589667546e-02 1.246990000000000320e-01
6.872400000000000730e-02 5.167685718370469694e-02 5.520822193532245320e-02 5.167685718370469694e-02 8.109900000000000442e-02 6.284899697983484246e-02 5.520822193532245320e-02 6.284899697983484246e-02 1.246990000000000320e-01
6.872400000000000730e-02 5.494488795493832067e-02 5.704151906969252839e-02 5.494488795493832067e-02 8.109900000000000442e-02 6.699666461832380626e-02 5.704151906969252839e-02 6.699666461832380626e-02 1.246990000000000320e-01
6.872400000000000730e-02 5.590693575552982408e-02 6.340868774691181542e-02 5.590693575552982408e-02 8.109900000000000442e-02 7.216212031979912789e-02 6.340868774691181542e-02 7.216212031979912789e-02 1.246990000000000320e-01
6.872400000000000730e-02 6.177315171674215705e-02 6.734419899260286890e-02 6.177315171674215705e-02 8.109900000000000442e-02 7.429919656027857144e-02 6.734419899260286890e-02 7.429919656027857144e-02 1.246990000000000320e-01
6.872400000000000730e-02 6.534756994058256441e-02 6.924860457528503321e-02 6.534756994058256441e-02 8.109900000000000442e-02 8.123124901509469475e-02 6.924860457528503321e-02 8.123124901509469475e-02 1.246990000000000320e-01
6.872400000000000730e-02 6.592599999999999849e-02 7.222600000000001241e-02 6.592599999999999849e-02 8.109900000000000442e-02 8.209900000000000531e-02 7.222600000000001241e-02 8.209900000000000531e-02 1.246990000000000320e-01
c: 
1.552000000000000046e+00
1.909000000000000030e+00
2.588999999999999968e+00
