CDF: 
1.300000000000000044e-01 3.800000000000000044e-01 5.100000000000000089e-01 1.000000000000000000e+00
1.900000000000000022e-01 2.999999999999999889e-01 4.799999999999999822e-01 1.000000000000000000e+00
1.100000000000000006e-01 3.400000000000000244e-01 3.900000000000000133e-01 1.000000000000000000e+00
sigma: 
1.972840000000000149e-01 9.689476878551653988e-03 4.961657561416391200e-03 9.689476878551653988e-03 1.950749999999999984e-01 4.220520497369527682e-03 4.961657561416391200e-03 4.220520497369527682e-03 1.968960000000000155e-01
1.972840000000000149e-01 1.457592415560388099e-02 1.771274686716230520e-02 1.457592415560387926e-02 1.950749999999999984e-01 1.007644172241256748e-02 1.771274686716230520e-02 1.007644172241256922e-02 1.968960000000000155e-01
1.972840000000000149e-01 2.538157975133016955e-02 2.002165186564015473e-02 2.538157975133016608e-02 1.950749999999999984e-01 2.593672084327046032e-02 2.002165186564015473e-02 2.593672084327046379e-02 1.968960000000000155e-01
1.972840000000000149e-01 3.107892642522163199e-02 2.811623988634318755e-02 3.107892642522162505e-02 1.950749999999999984e-01 2.831267173323342642e-02 2.811623988634318755e-02 2.831267173323342989e-02 1.968960000000000155e-01
1.972840000000000149e-01 4.764603883226048442e-02 4.119819153935466022e-02 4.764603883226047748e-02 1.950749999999999984e-01 4.550033500364509403e-02 4.119819153935466022e-02 4.550033500364510097e-02 1.968960000000000155e-01
1.972840000000000149e-01 5.427541873594127902e-02 4.625850543863246206e-02 5.427541873594127209e-02 1.950749999999999984e-01 4.959253040345458496e-02 4.625850543863246206e-02 4.959253040345459190e-02 1.968960000000000155e-01
1.972840000000000149e-01 6.487894626756030014e-02 5.739388903364923272e-02 6.487894626756030014e-02 1.950749999999999984e-01 6.327429120281258257e-02 5.739388903364923272e-02 6.327429120281259645e-02 1.968960000000000155e-01
1.972840000000000149e-01 6.954241694857693501e-02 6.910550856807057274e-02 6.954241694857692113e-02 1.950749999999999984e-01 6.572310292192140579e-02 6.910550856807057274e-02 6.572310292192141967e-02 1.968960000000000155e-01
1.972840000000000149e-01 8.688184647268838712e-02 7.389835860516419386e-02 8.688184647268837324e-02 1.950749999999999984e-01 7.709016208650060209e-02 7.389835860516419386e-02 7.709016208650061597e-02 1.968960000000000155e-01
1.972840000000000149e-01 9.465773986301327658e-02 8.855510574678186753e-02 9.465773986301326270e-02 1.950749999999999984e-01 9.068144040488247681e-02 8.855510574678186753e-02 9.068144040488249069e-02 1.968960000000000155e-01
1.972840000000000149e-01 1.077166291743611726e-01 9.836732146954912936e-02 1.077166291743611587e-01 1.950749999999999984e-01 9.280862333256792440e-02 9.836732146954912936e-02 9.280862333256793828e-02 1.968960000000000155e-01
1.972840000000000149e-01 1.155944132430305471e-01 1.063540456467201301e-01 1.155944132430305332e-01 1.950749999999999984e-01 1.015146537225140450e-01 1.063540456467201301e-01 1.015146537225140588e-01 1.968960000000000155e-01
1.972840000000000149e-01 1.194125398278117062e-01 1.166361146259745907e-01 1.194125398278116923e-01 1.950749999999999984e-01 1.145002575443195142e-01 1.166361146259745907e-01 1.145002575443195281e-01 1.968960000000000155e-01
1.972840000000000149e-01 1.367647130910300546e-01 1.204852671019259053e-01 1.367647130910300546e-01 1.950749999999999984e-01 1.217589429182810989e-01 1.204852671019259053e-01 1.217589429182811267e-01 1.968960000000000155e-01
1.972840000000000149e-01 1.396551262178149511e-01 1.291209641591039015e-01 1.396551262178149233e-01 1.950749999999999984e-01 1.359420760901601799e-01 1.291209641591039015e-01 1.359420760901602077e-01 1.968960000000000155e-01
1.972840000000000149e-01 1.559167804533426738e-01 1.393846714466921155e-01 1.559167804533426460e-01 1.950749999999999984e-01 1.407432195260400476e-01 1.393846714466921155e-01 1.407432195260400476e-01 1.968960000000000155e-01
1.972840000000000149e-01 1.580115145017148004e-01 1.524895042716094273e-01 1.580115145017147726e-01 1.950749999999999984e-01 1.529255596640665127e-01 1.524895042716094273e-01 1.529255596640665404e-01 1.968960000000000155e-01
1.972840000000000149e-01 1.746439345398766996e-01 1.606195561646246162e-01 1.746439345398766718e-01 1.950749999999999984e-01 1.581027994545167181e-01 1.606195561646246162e-01 1.581027994545167459e-01 1.968960000000000155e-01
1.972840000000000149e-01 1.842328542854819728e-01 1.697128971624064786e-01 1.842328542854819451e-01 1.950749999999999984e-01 1.668077171426514682e-01 1.697128971624064786e-01 1.668077171426514960e-01 1.968960000000000155e-01
1.972840000000000149e-01 1.874100000000000210e-01 1.712079999999999991e-01 1.874099999999999933e-01 1.950749999999999984e-01 1.747199999999999864e-01 1.712079999999999991e-01 1.747200000000000142e-01 1.968960000000000155e-01
c: 
2.343999999999999861e+00
2.892999999999999794e+00
2.004999999999999893e+00
