CDF: 
1.499999999999999944e-01 3.800000000000000044e-01 6.899999999999999467e-01 1.000000000000000000e+00
3.200000000000000067e-01 7.299999999999999822e-01 8.499999999999999778e-01 1.000000000000000000e+00
2.099999999999999922e-01 8.900000000000000133e-01 9.100000000000000311e-01 1.000000000000000000e+00
sigma: 
1.587240000000000317e-01 2.389435086325032275e-03 2.259961957725039033e-03 2.389435086325031841e-03 1.133709999999999996e-01 2.651167887849943585e-03 2.259961957725039033e-03 2.651167887849944452e-03 7.170400000000000384e-02
1.587240000000000317e-01 6.307523326343776431e-03 3.007256666730486611e-03 6.307523326343775563e-03 1.133709999999999996e-01 5.973297689188236670e-03 3.007256666730486611e-03 5.973297689188237537e-03 7.170400000000000384e-02
1.587240000000000317e-01 1.592703193901252867e-02 6.075096807976741384e-03 1.592703193901252520e-02 1.133709999999999996e-01 1.109070399877312187e-02 6.075096807976741384e-03 1.109070399877312360e-02 7.170400000000000384e-02
1.587240000000000317e-01 2.052121635496136770e-02 9.657318188407959178e-03 2.052121635496136423e-02 1.133709999999999996e-01 1.404257956243262252e-02 9.657318188407959178e-03 1.404257956243262599e-02 7.170400000000000384e-02
1.587240000000000317e-01 2.323430735272148662e-02 1.497482363768706110e-02 2.323430735272148315e-02 1.133709999999999996e-01 1.808198653566919084e-02 1.497482363768706110e-02 1.808198653566919431e-02 7.170400000000000384e-02
1.587240000000000317e-01 2.983408959460194174e-02 1.703927550147207870e-02 2.983408959460193827e-02 1.133709999999999996e-01 2.136115589111330093e-02 1.703927550147207870e-02 2.136115589111330440e-02 7.170400000000000384e-02
1.587240000000000317e-01 3.715532257204771927e-02 1.833136748522133305e-02 3.715532257204771233e-02 1.133709999999999996e-01 2.339239600973970143e-02 1.833136748522133305e-02 2.339239600973970490e-02 7.170400000000000384e-02
1.587240000000000317e-01 3.852904650398662062e-02 2.306256547056320660e-02 3.852904650398661368e-02 1.133709999999999996e-01 2.632626884183554214e-02 2.306256547056320660e-02 2.632626884183554908e-02 7.170400000000000384e-02
1.587240000000000317e-01 4.848650564426613269e-02 2.696422984295512512e-02 4.848650564426612575e-02 1.133709999999999996e-01 3.053648107234626860e-02 2.696422984295512512e-02 3.053648107234627554e-02 7.170400000000000384e-02
1.587240000000000317e-01 5.095408897077905591e-02 2.733957130208255690e-02 5.095408897077904897e-02 1.133709999999999996e-01 3.539071807428639804e-02 2.733957130208255690e-02 3.539071807428640498e-02 7.170400000000000384e-02
1.587240000000000317e-01 5.686258791487764502e-02 3.201345698454174243e-02 5.686258791487763808e-02 1.133709999999999996e-01 3.915461585000064304e-02 3.201345698454174243e-02 3.915461585000064998e-02 7.170400000000000384e-02
1.587240000000000317e-01 6.040500225209093771e-02 3.327769709389503949e-02 6.040500225209093077e-02 1.133709999999999996e-01 4.231168318599993344e-02 3.327769709389503949e-02 4.231168318599994038e-02 7.170400000000000384e-02
1.587240000000000317e-01 6.997676088197916922e-02 3.651721580497011010e-02 6.997676088197915534e-02 1.133709999999999996e-01 4.699012209012171093e-02 3.651721580497011010e-02 4.699012209012171787e-02 7.170400000000000384e-02
1.587240000000000317e-01 7.479042611681029074e-02 4.006387094584926145e-02 7.479042611681027686e-02 1.133709999999999996e-01 5.013642972558658012e-02 4.006387094584926145e-02 5.013642972558658706e-02 7.170400000000000384e-02
1.587240000000000317e-01 7.743768672271014730e-02 4.347935280141236591e-02 7.743768672271013342e-02 1.133709999999999996e-01 5.223406164136523699e-02 4.347935280141236591e-02 5.223406164136524393e-02 7.170400000000000384e-02
1.587240000000000317e-01 8.520953947257148275e-02 4.591172725592403137e-02 8.520953947257146888e-02 1.133709999999999996e-01 5.920939327238598088e-02 4.591172725592403137e-02 5.920939327238599476e-02 7.170400000000000384e-02
1.587240000000000317e-01 9.219756191482049446e-02 5.078145380349369936e-02 9.219756191482048058e-02 1.133709999999999996e-01 6.188359394805336561e-02 5.078145380349369936e-02 6.188359394805337949e-02 7.170400000000000384e-02
1.587240000000000317e-01 9.251985572054309548e-02 5.204850338710480945e-02 9.251985572054308160e-02 1.133709999999999996e-01 6.416955334693211221e-02 5.204850338710480945e-02 6.416955334693212609e-02 7.170400000000000384e-02
1.587240000000000317e-01 1.013775391636747292e-01 5.659856523139841084e-02 1.013775391636747153e-01 1.133709999999999996e-01 6.710411125713648672e-02 5.659856523139841084e-02 6.710411125713650060e-02 7.170400000000000384e-02
1.587240000000000317e-01 1.031980000000000119e-01 5.713600000000000623e-02 1.031979999999999981e-01 1.133709999999999996e-01 7.047199999999999298e-02 5.713600000000000623e-02 7.047200000000000686e-02 7.170400000000000384e-02
c: 
1.427999999999999936e+00
1.310000000000000053e+00
1.927999999999999936e+00
