CDF: 
1.300000000000000044e-01 4.199999999999999845e-01 5.300000000000000266e-01 1.000000000000000000e+00
5.500000000000000444e-01 6.099999999999999867e-01 7.399999999999999911e-01 1.000000000000000000e+00
2.500000000000000000e-01 4.600000000000000200e-01 5.999999999999999778e-01 1.000000000000000000e+00
sigma: 
1.997760000000000091e-01 1.370479038476273134e-03 1.999290039925574920e-03 1.370479038476273134e-03 1.792750000000000177e-01 3.775584632653217806e-03 1.999290039925575354e-03 3.775584632653217806e-03 2.003309999999999813e-01
1.997760000000000091e-01 1.332572593542229698e-02 1.610153480011186286e-02 1.332572593542229698e-02 1.792750000000000177e-01 1.201021296224954495e-02 1.610153480011186633e-02 1.201021296224954495e-02 2.003309999999999813e-01
1.997760000000000091e-01 2.215094849342025621e-02 2.297240279315467329e-02 2.215094849342025621e-02 1.792750000000000177e-01 2.300118726047883574e-02 2.297240279315468023e-02 2.300118726047883574e-02 2.003309999999999813e-01
1.997760000000000091e-01 2.967818968995518045e-02 3.665261161481701835e-02 2.967818968995518045e-02 1.792750000000000177e-01 3.095225802714410973e-02 3.665261161481703223e-02 3.095225802714410973e-02 2.003309999999999813e-01
1.997760000000000091e-01 3.543796539930644390e-02 4.324582247510973254e-02 3.543796539930644390e-02 1.792750000000000177e-01 4.069368825347073615e-02 4.324582247510974642e-02 4.069368825347073615e-02 2.003309999999999813e-01
1.997760000000000091e-01 3.857997993247123947e-02 5.274045059243758632e-02 3.857997993247123947e-02 1.792750000000000177e-01 4.954228319802545660e-02 5.274045059243760020e-02 4.954228319802545660e-02 2.003309999999999813e-01
1.997760000000000091e-01 4.545989314922094932e-02 6.553341086197222998e-02 4.545989314922094932e-02 1.792750000000000177e-01 5.490259378407499197e-02 6.553341086197225773e-02 5.490259378407499197e-02 2.003309999999999813e-01
1.997760000000000091e-01 5.792162481989216599e-02 7.226696761777372247e-02 5.792162481989216599e-02 1.792750000000000177e-01 6.327569219380077548e-02 7.226696761777373634e-02 6.327569219380077548e-02 2.003309999999999813e-01
1.997760000000000091e-01 6.296037986338128001e-02 8.205810300580899941e-02 6.296037986338128001e-02 1.792750000000000177e-01 6.882294224357367318e-02 8.205810300580902716e-02 6.882294224357367318e-02 2.003309999999999813e-01
1.997760000000000091e-01 7.212454703690419910e-02 9.557565160064228349e-02 7.212454703690419910e-02 1.792750000000000177e-01 7.595945545021928758e-02 9.557565160064231125e-02 7.595945545021928758e-02 2.003309999999999813e-01
1.997760000000000091e-01 7.767322379530375298e-02 9.759158829991550210e-02 7.767322379530375298e-02 1.792750000000000177e-01 9.233619730167463846e-02 9.759158829991552986e-02 9.233619730167463846e-02 2.003309999999999813e-01
1.997760000000000091e-01 8.308923970709211626e-02 1.090917914618103612e-01 8.308923970709211626e-02 1.792750000000000177e-01 9.542227268941411156e-02 1.090917914618104029e-01 9.542227268941411156e-02 2.003309999999999813e-01
1.997760000000000091e-01 9.049038170961624938e-02 1.169486570438657141e-01 9.049038170961624938e-02 1.792750000000000177e-01 1.020862890018296998e-01 1.169486570438657419e-01 1.020862890018296998e-01 2.003309999999999813e-01
1.997760000000000091e-01 9.827432502632947597e-02 1.292365676434522603e-01 9.827432502632947597e-02 1.792750000000000177e-01 1.134985780152036883e-01 1.292365676434523158e-01 1.134985780152036883e-01 2.003309999999999813e-01
1.997760000000000091e-01 1.061823198208481644e-01 1.450116315763858299e-01 1.061823198208481644e-01 1.792750000000000177e-01 1.245355814548624318e-01 1.450116315763858854e-01 1.245355814548624318e-01 2.003309999999999813e-01
1.997760000000000091e-01 1.154165632815625786e-01 1.469772806369813722e-01 1.154165632815625786e-01 1.792750000000000177e-01 1.321227400945431674e-01 1.469772806369814000e-01 1.321227400945431674e-01 2.003309999999999813e-01
1.997760000000000091e-01 1.219472682053557439e-01 1.590531364539262693e-01 1.219472682053557439e-01 1.792750000000000177e-01 1.407836635608418763e-01 1.590531364539263248e-01 1.407836635608418763e-01 2.003309999999999813e-01
1.997760000000000091e-01 1.329745750395641968e-01 1.693049744529847023e-01 1.329745750395641968e-01 1.792750000000000177e-01 1.439261947164579836e-01 1.693049744529847578e-01 1.439261947164579836e-01 2.003309999999999813e-01
1.997760000000000091e-01 1.376371738977338610e-01 1.830437478496295400e-01 1.376371738977338610e-01 1.792750000000000177e-01 1.580813957977723061e-01 1.830437478496295955e-01 1.580813957977723061e-01 2.003309999999999813e-01
1.997760000000000091e-01 1.427400000000000058e-01 1.838839999999999919e-01 1.427400000000000058e-01 1.792750000000000177e-01 1.602850000000000108e-01 1.838840000000000474e-01 1.602850000000000108e-01 2.003309999999999813e-01
c: 
2.197999999999999954e+00
1.530999999999999917e+00
1.584999999999999964e+00
