CDF: 
1.700000000000000122e-01 7.199999999999999734e-01 9.399999999999999467e-01 1.000000000000000000e+00
5.699999999999999512e-01 6.199999999999999956e-01 8.800000000000000044e-01 1.000000000000000000e+00
3.699999999999999956e-01 4.899999999999999911e-01 7.399999999999999911e-01 1.000000000000000000e+00
sigma: 
5.253899999999999543e-02 1.996995028031051545e-03 2.932511623451909948e-03 1.996995028031051545e-03 1.026910000000000045e-01 3.547671732023603697e-03 2.932511623451909081e-03 3.547671732023603697e-03 1.632909999999999917e-01
5.253899999999999543e-02 4.637181553309088419e-03 6.364588604159119450e-03 4.637181553309088419e-03 1.026910000000000045e-01 7.746266308640378795e-03 6.364588604159117716e-03 7.746266308640378795e-03 1.632909999999999917e-01
5.253899999999999543e-02 7.576507071430878260e-03 7.995167193810626474e-03 7.576507071430878260e-03 1.026910000000000045e-01 1.594603646150169821e-02 7.995167193810624739e-03 1.594603646150169821e-02 1.632909999999999917e-01
5.253899999999999543e-02 1.072645320148304243e-02 1.092464333372829104e-02 1.072645320148304243e-02 1.026910000000000045e-01 1.925703232307745053e-02 1.092464333372828930e-02 1.925703232307745053e-02 1.632909999999999917e-01
5.253899999999999543e-02 1.526680342694874265e-02 1.760924076231142749e-02 1.526680342694874265e-02 1.026910000000000045e-01 2.644983248131544534e-02 1.760924076231142402e-02 2.644983248131544534e-02 1.632909999999999917e-01
5.253899999999999543e-02 1.686715603030320906e-02 1.866346105245897738e-02 1.686715603030320906e-02 1.026910000000000045e-01 3.038009101226233841e-02 1.866346105245897391e-02 3.038009101226233841e-02 1.632909999999999917e-01
5.253899999999999543e-02 2.091607424261368239e-02 2.452206740212163616e-02 2.091607424261368239e-02 1.026910000000000045e-01 3.417377154692127772e-02 2.452206740212162922e-02 3.417377154692127772e-02 1.632909999999999917e-01
5.253899999999999543e-02 2.436349775540013612e-02 2.792099909468078595e-02 2.436349775540013612e-02 1.026910000000000045e-01 3.848072615653757439e-02 2.792099909468077901e-02 3.848072615653757439e-02 1.632909999999999917e-01
5.253899999999999543e-02 2.618782332721211054e-02 2.977380703602148723e-02 2.618782332721211054e-02 1.026910000000000045e-01 4.476530118979817757e-02 2.977380703602148029e-02 4.476530118979817757e-02 1.632909999999999917e-01
5.253899999999999543e-02 2.910220010326513077e-02 3.516751112029593840e-02 2.910220010326513077e-02 1.026910000000000045e-01 5.278970992608737756e-02 3.516751112029593146e-02 5.278970992608737756e-02 1.632909999999999917e-01
5.253899999999999543e-02 3.122607934192203963e-02 3.745799294126415241e-02 3.122607934192203963e-02 1.026910000000000045e-01 5.578721372108307042e-02 3.745799294126414547e-02 5.578721372108307042e-02 1.632909999999999917e-01
5.253899999999999543e-02 3.733153641992733446e-02 4.188472487015455770e-02 3.733153641992733446e-02 1.026910000000000045e-01 6.188132185255502266e-02 4.188472487015455076e-02 6.188132185255502266e-02 1.632909999999999917e-01
5.253899999999999543e-02 3.920066725809603220e-02 4.358389385976803310e-02 3.920066725809603220e-02 1.026910000000000045e-01 6.908125332989505096e-02 4.358389385976802616e-02 6.908125332989505096e-02 1.632909999999999917e-01
5.253899999999999543e-02 4.108495008669770659e-02 4.620367125758177013e-02 4.108495008669770659e-02 1.026910000000000045e-01 7.179639824358684252e-02 4.620367125758175625e-02 7.179639824358684252e-02 1.632909999999999917e-01
5.253899999999999543e-02 4.563369493549701561e-02 5.249962695813022162e-02 4.563369493549701561e-02 1.026910000000000045e-01 7.692048329502025605e-02 5.249962695813020774e-02 7.692048329502025605e-02 1.632909999999999917e-01
5.253899999999999543e-02 4.682079864491738019e-02 5.630132922731209688e-02 4.682079864491738019e-02 1.026910000000000045e-01 8.607642069179062549e-02 5.630132922731208994e-02 8.607642069179062549e-02 1.632909999999999917e-01
5.253899999999999543e-02 5.096266570549198155e-02 6.002261160207619101e-02 5.096266570549198155e-02 1.026910000000000045e-01 8.918851833889746006e-02 6.002261160207617713e-02 8.918851833889746006e-02 1.632909999999999917e-01
5.253899999999999543e-02 5.438864227657183581e-02 6.245655656079672491e-02 5.438864227657183581e-02 1.026910000000000045e-01 9.696211954218583728e-02 6.245655656079671797e-02 9.696211954218583728e-02 1.632909999999999917e-01
5.253899999999999543e-02 5.782533408300372102e-02 6.472116092066973470e-02 5.782533408300372102e-02 1.026910000000000045e-01 1.025241078821093610e-01 6.472116092066972082e-02 1.025241078821093610e-01 1.632909999999999917e-01
5.253899999999999543e-02 5.915699999999998737e-02 6.709300000000001374e-02 5.915699999999998737e-02 1.026910000000000045e-01 1.038589999999999930e-01 6.709299999999999986e-02 1.038589999999999930e-01 1.632909999999999917e-01
c: 
2.403000000000000025e+00
2.080000000000000071e+00
1.461999999999999966e+00
