CDF: 
2.300000000000000100e-01 3.699999999999999956e-01 6.800000000000000488e-01 1.000000000000000000e+00
1.499999999999999944e-01 4.500000000000000111e-01 8.100000000000000533e-01 1.000000000000000000e+00
2.399999999999999911e-01 4.099999999999999756e-01 9.399999999999999467e-01 1.000000000000000000e+00
sigma: 
1.524159999999999959e-01 4.684999000390947278e-03 3.683348844818731382e-03 4.684999000390946411e-03 1.043639999999999846e-01 1.824541838720864948e-03 3.683348844818731382e-03 1.824541838720865382e-03 5.796399999999998776e-02
1.524159999999999959e-01 7.336627046405148032e-03 7.050269102141892667e-03 7.336627046405147165e-03 1.043639999999999846e-01 3.778762207469784154e-03 7.050269102141892667e-03 3.778762207469785021e-03 5.796399999999998776e-02
1.524159999999999959e-01 1.209697936352669215e-02 8.265305262347618157e-03 1.209697936352669041e-02 1.043639999999999846e-01 6.739965681436391361e-03 8.265305262347618157e-03 6.739965681436392228e-03 5.796399999999998776e-02
1.524159999999999959e-01 1.864507949295525838e-02 1.270233073880463852e-02 1.864507949295525491e-02 1.043639999999999846e-01 1.120593770397426865e-02 1.270233073880463852e-02 1.120593770397427039e-02 5.796399999999998776e-02
1.524159999999999959e-01 2.353849557096873019e-02 1.548611568241899626e-02 2.353849557096872672e-02 1.043639999999999846e-01 1.412075461707518187e-02 1.548611568241899626e-02 1.412075461707518534e-02 5.796399999999998776e-02
1.524159999999999959e-01 3.191304160146432589e-02 2.102767675560990659e-02 3.191304160146431895e-02 1.043639999999999846e-01 1.567647182637535094e-02 2.102767675560990659e-02 1.567647182637535441e-02 5.796399999999998776e-02
1.524159999999999959e-01 3.485801500578922935e-02 2.504449869052408420e-02 3.485801500578922935e-02 1.043639999999999846e-01 2.135411943361937778e-02 2.504449869052408420e-02 2.135411943361938472e-02 5.796399999999998776e-02
1.524159999999999959e-01 4.301701761879450636e-02 2.808194553793456200e-02 4.301701761879449942e-02 1.043639999999999846e-01 2.334548697284719379e-02 2.808194553793456200e-02 2.334548697284720073e-02 5.796399999999998776e-02
1.524159999999999959e-01 4.474225522381072850e-02 3.061997390118090245e-02 4.474225522381072156e-02 1.043639999999999846e-01 2.736312536006541007e-02 3.061997390118090245e-02 2.736312536006541701e-02 5.796399999999998776e-02
1.524159999999999959e-01 5.031058492573055319e-02 3.722864322696733258e-02 5.031058492573054625e-02 1.043639999999999846e-01 2.865892235287779977e-02 3.722864322696733258e-02 2.865892235287780671e-02 5.796399999999998776e-02
1.524159999999999959e-01 5.952508180086408390e-02 3.951031827867951263e-02 5.952508180086407696e-02 1.043639999999999846e-01 3.283632618543787934e-02 3.951031827867951263e-02 3.283632618543788628e-02 5.796399999999998776e-02
1.524159999999999959e-01 6.210405723442432441e-02 4.295075559054202519e-02 6.210405723442431747e-02 1.043639999999999846e-01 3.679890954235728873e-02 4.295075559054202519e-02 3.679890954235729567e-02 5.796399999999998776e-02
1.524159999999999959e-01 6.725827741212471456e-02 4.763656082244927675e-02 6.725827741212471456e-02 1.043639999999999846e-01 3.948097587593786539e-02 4.763656082244927675e-02 3.948097587593787233e-02 5.796399999999998776e-02
1.524159999999999959e-01 7.631820836715889900e-02 5.003057628861633244e-02 7.631820836715888512e-02 1.043639999999999846e-01 4.315954616849416309e-02 5.003057628861633244e-02 4.315954616849417697e-02 5.796399999999998776e-02
1.524159999999999959e-01 7.941132510831412639e-02 5.303832868258212541e-02 7.941132510831412639e-02 1.043639999999999846e-01 4.357556086831782666e-02 5.303832868258212541e-02 4.357556086831783360e-02 5.796399999999998776e-02
1.524159999999999959e-01 8.663423479271241401e-02 5.735906067717855966e-02 8.663423479271240013e-02 1.043639999999999846e-01 4.743649822897083590e-02 5.735906067717855966e-02 4.743649822897084284e-02 5.796399999999998776e-02
1.524159999999999959e-01 9.337668632474317720e-02 6.261638695388178910e-02 9.337668632474317720e-02 1.043639999999999846e-01 5.090645856850801315e-02 6.261638695388178910e-02 5.090645856850802703e-02 5.796399999999998776e-02
1.524159999999999959e-01 9.801220875757921114e-02 6.468427371850320184e-02 9.801220875757919726e-02 1.043639999999999846e-01 5.513042196788726923e-02 6.468427371850320184e-02 5.513042196788728311e-02 5.796399999999998776e-02
1.524159999999999959e-01 1.008798552920985442e-01 6.779090492785849742e-02 1.008798552920985303e-01 1.043639999999999846e-01 5.775599107975903229e-02 6.779090492785849742e-02 5.775599107975904617e-02 5.796399999999998776e-02
1.524159999999999959e-01 1.048320000000000085e-01 7.116799999999998128e-02 1.048319999999999946e-01 1.043639999999999846e-01 5.903599999999999126e-02 7.116799999999998128e-02 5.903600000000000514e-02 5.796399999999998776e-02
c: 
1.905999999999999917e+00
1.199999999999999956e+00
1.258999999999999897e+00
