CDF: 
1.400000000000000133e-01 7.399999999999999911e-01 8.199999999999999512e-01 1.000000000000000000e+00
1.300000000000000044e-01 3.200000000000000067e-01 5.899999999999999689e-01 1.000000000000000000e+00
2.600000000000000089e-01 7.600000000000000089e-01 8.399999999999999689e-01 1.000000000000000000e+00
sigma: 
1.235039999999999888e-01 1.855731265279104676e-03 5.454361255024137677e-03 1.855731265279104026e-03 1.761000000000000065e-01 6.512316476235292936e-04 5.454361255024137677e-03 6.512316476235291852e-04 1.174439999999999928e-01
1.235039999999999888e-01 5.305565199039092433e-03 7.455437438642158708e-03 5.305565199039090699e-03 1.761000000000000065e-01 6.789043804207544122e-03 7.455437438642158708e-03 6.789043804207543255e-03 1.174439999999999928e-01
1.235039999999999888e-01 1.375634516050745597e-02 1.552102957694985463e-02 1.375634516050745250e-02 1.761000000000000065e-01 9.628667939231299114e-03 1.552102957694985463e-02 9.628667939231297379e-03 1.174439999999999928e-01
1.235039999999999888e-01 1.494570309528386702e-02 1.874189383523431826e-02 1.494570309528386182e-02 1.761000000000000065e-01 1.632872875640705920e-02 1.874189383523431826e-02 1.632872875640705920e-02 1.174439999999999928e-01
1.235039999999999888e-01 2.084615657355252602e-02 2.880454285482829738e-02 2.084615657355251908e-02 1.761000000000000065e-01 2.344076496713578747e-02 2.880454285482829738e-02 2.344076496713578053e-02 1.174439999999999928e-01
1.235039999999999888e-01 2.746516223199087225e-02 3.330885528978444476e-02 2.746516223199086532e-02 1.761000000000000065e-01 2.433631666155122025e-02 3.330885528978444476e-02 2.433631666155121331e-02 1.174439999999999928e-01
1.235039999999999888e-01 3.310974109856597292e-02 3.713920873297671399e-02 3.310974109856596598e-02 1.761000000000000065e-01 3.302028669733592103e-02 3.713920873297671399e-02 3.302028669733591409e-02 1.174439999999999928e-01
1.235039999999999888e-01 3.536516187125457455e-02 4.544603969890691209e-02 3.536516187125456762e-02 1.761000000000000065e-01 3.494771462041570964e-02 4.544603969890691209e-02 3.494771462041570270e-02 1.174439999999999928e-01
1.235039999999999888e-01 4.455360243164851325e-02 5.397995016424388115e-02 4.455360243164849937e-02 1.761000000000000065e-01 3.880215201420358917e-02 5.397995016424388115e-02 3.880215201420358223e-02 1.174439999999999928e-01
1.235039999999999888e-01 4.924108442716438466e-02 6.004618416548659215e-02 4.924108442716437078e-02 1.761000000000000065e-01 4.655025292801371478e-02 6.004618416548659215e-02 4.655025292801370090e-02 1.174439999999999928e-01
1.235039999999999888e-01 5.125114741901648507e-02 6.163540531816788515e-02 5.125114741901646426e-02 1.761000000000000065e-01 4.811873913316994794e-02 6.163540531816788515e-02 4.811873913316994100e-02 1.174439999999999928e-01
1.235039999999999888e-01 5.865193802436699522e-02 7.057050253459287714e-02 5.865193802436697440e-02 1.761000000000000065e-01 5.706021399537055533e-02 7.057050253459287714e-02 5.706021399537054145e-02 1.174439999999999928e-01
1.235039999999999888e-01 6.070370764953682274e-02 7.537084699802817922e-02 6.070370764953680887e-02 1.761000000000000065e-01 5.750653797711093029e-02 7.537084699802817922e-02 5.750653797711091642e-02 1.174439999999999928e-01
1.235039999999999888e-01 6.754239378867181454e-02 8.116305151542650698e-02 6.754239378867178678e-02 1.761000000000000065e-01 6.443502475434241539e-02 8.116305151542650698e-02 6.443502475434240151e-02 1.174439999999999928e-01
1.235039999999999888e-01 7.014361089215402634e-02 9.052043233792597676e-02 7.014361089215401246e-02 1.761000000000000065e-01 6.735430195417108079e-02 9.052043233792597676e-02 6.735430195417106691e-02 1.174439999999999928e-01
1.235039999999999888e-01 7.778652992142037759e-02 9.206529082413085485e-02 7.778652992142034983e-02 1.761000000000000065e-01 7.413832577792477119e-02 9.206529082413085485e-02 7.413832577792475731e-02 1.174439999999999928e-01
1.235039999999999888e-01 8.375513505117666846e-02 1.002136942637504996e-01 8.375513505117664070e-02 1.761000000000000065e-01 7.855848896626026201e-02 1.002136942637504996e-01 7.855848896626024813e-02 1.174439999999999928e-01
1.235039999999999888e-01 8.497078820498084328e-02 1.067339396980514221e-01 8.497078820498081553e-02 1.761000000000000065e-01 8.523580900336927280e-02 1.067339396980514221e-01 8.523580900336925892e-02 1.174439999999999928e-01
1.235039999999999888e-01 8.986839025272090609e-02 1.102979784608962704e-01 8.986839025272087833e-02 1.761000000000000065e-01 9.003108395651822360e-02 1.102979784608962704e-01 9.003108395651820972e-02 1.174439999999999928e-01
1.235039999999999888e-01 9.426000000000001044e-02 1.150240000000000012e-01 9.425999999999998269e-02 1.761000000000000065e-01 9.036000000000000976e-02 1.150240000000000012e-01 9.035999999999999588e-02 1.174439999999999928e-01
c: 
2.607000000000000206e+00
2.962000000000000188e+00
2.250999999999999890e+00
