CDF: 
1.100000000000000006e-01 5.600000000000000533e-01 6.500000000000000222e-01 1.000000000000000000e+00
1.000000000000000056e-01 1.199999999999999956e-01 7.199999999999999734e-01 1.000000000000000000e+00
1.799999999999999933e-01 4.500000000000000111e-01 7.700000000000000178e-01 1.000000000000000000e+00
sigma: 
1.845160000000000133e-01 2.691821494792166064e-03 1.806743754793483118e-03 2.691821494792166064e-03 1.207560000000000300e-01 2.918091212860008093e-03 1.806743754793482901e-03 2.918091212860007659e-03 1.368910000000000127e-01
1.845160000000000133e-01 1.094376493268500901e-02 1.143226164839967161e-02 1.094376493268500901e-02 1.207560000000000300e-01 1.029326596735273026e-02 1.143226164839966988e-02 1.029326596735272853e-02 1.368910000000000127e-01
1.845160000000000133e-01 1.643256803172613023e-02 1.551274298422228998e-02 1.643256803172613023e-02 1.207560000000000300e-01 1.668541161589599808e-02 1.551274298422228651e-02 1.668541161589599461e-02 1.368910000000000127e-01
1.845160000000000133e-01 2.026915917262869793e-02 2.309652268334000044e-02 2.026915917262869793e-02 1.207560000000000300e-01 2.381460395609455091e-02 2.309652268333999697e-02 2.381460395609454744e-02 1.368910000000000127e-01
1.845160000000000133e-01 2.805317979755993923e-02 3.200797546017666168e-02 2.805317979755993923e-02 1.207560000000000300e-01 2.837498986420586289e-02 3.200797546017665474e-02 2.837498986420585942e-02 1.368910000000000127e-01
1.845160000000000133e-01 3.373124665768855585e-02 3.934428360154638288e-02 3.373124665768855585e-02 1.207560000000000300e-01 3.423183359999092124e-02 3.934428360154636900e-02 3.423183359999092124e-02 1.368910000000000127e-01
1.845160000000000133e-01 4.261758021988273221e-02 4.287120269859132776e-02 4.261758021988273221e-02 1.207560000000000300e-01 3.925450470610074294e-02 4.287120269859132082e-02 3.925450470610073600e-02 1.368910000000000127e-01
1.845160000000000133e-01 5.123773758375114312e-02 5.234722584286576746e-02 5.123773758375114312e-02 1.207560000000000300e-01 4.450081159938373832e-02 5.234722584286575359e-02 4.450081159938373138e-02 1.368910000000000127e-01
1.845160000000000133e-01 5.660433352347157832e-02 6.197297430311381194e-02 5.660433352347157832e-02 1.207560000000000300e-01 5.250525981927485486e-02 6.197297430311379807e-02 5.250525981927484792e-02 1.368910000000000127e-01
1.845160000000000133e-01 6.202023575912600506e-02 6.868874563107903175e-02 6.202023575912600506e-02 1.207560000000000300e-01 5.869124104884119314e-02 6.868874563107901787e-02 5.869124104884118620e-02 1.368910000000000127e-01
1.845160000000000133e-01 6.794995175628229522e-02 7.584896747301123066e-02 6.794995175628229522e-02 1.207560000000000300e-01 6.315042685769885200e-02 7.584896747301121678e-02 6.315042685769883812e-02 1.368910000000000127e-01
1.845160000000000133e-01 8.041462943751083448e-02 8.168955603611022243e-02 8.041462943751083448e-02 1.207560000000000300e-01 7.196725274997720079e-02 8.168955603611019467e-02 7.196725274997718691e-02 1.368910000000000127e-01
1.845160000000000133e-01 8.502778567885281580e-02 8.592015580117254303e-02 8.502778567885281580e-02 1.207560000000000300e-01 7.329588727699652695e-02 8.592015580117251528e-02 7.329588727699652695e-02 1.368910000000000127e-01
1.845160000000000133e-01 8.977340451179645353e-02 9.417998681839695463e-02 8.977340451179645353e-02 1.207560000000000300e-01 8.406667726782118821e-02 9.417998681839694075e-02 8.406667726782118821e-02 1.368910000000000127e-01
1.845160000000000133e-01 9.782301751706318216e-02 1.012108772323217637e-01 9.782301751706318216e-02 1.207560000000000300e-01 8.745861348632930077e-02 1.012108772323217498e-01 8.745861348632930077e-02 1.368910000000000127e-01
1.845160000000000133e-01 1.019781488863128194e-01 1.048076416296894464e-01 1.019781488863128194e-01 1.207560000000000300e-01 9.274998946664640698e-02 1.048076416296894187e-01 9.274998946664639310e-02 1.368910000000000127e-01
1.845160000000000133e-01 1.119472019092772191e-01 1.162198871238901698e-01 1.119472019092772191e-01 1.207560000000000300e-01 1.016450755375387510e-01 1.162198871238901560e-01 1.016450755375387371e-01 1.368910000000000127e-01
1.845160000000000133e-01 1.204056552097254595e-01 1.231325626807798224e-01 1.204056552097254595e-01 1.207560000000000300e-01 1.072976768858570906e-01 1.231325626807797946e-01 1.072976768858570767e-01 1.368910000000000127e-01
1.845160000000000133e-01 1.227925082004415885e-01 1.287346682340415049e-01 1.227925082004415885e-01 1.207560000000000300e-01 1.107379915328971648e-01 1.287346682340414772e-01 1.107379915328971509e-01 1.368910000000000127e-01
1.845160000000000133e-01 1.274360000000000215e-01 1.311340000000000283e-01 1.274360000000000215e-01 1.207560000000000300e-01 1.143140000000000128e-01 1.311340000000000006e-01 1.143139999999999989e-01 1.368910000000000127e-01
c: 
1.300999999999999934e+00
1.375999999999999890e+00
1.941999999999999948e+00
