CDF: 
2.800000000000000266e-01 4.799999999999999822e-01 6.300000000000000044e-01 1.000000000000000000e+00
4.299999999999999933e-01 5.500000000000000444e-01 7.399999999999999911e-01 1.000000000000000000e+00
2.399999999999999911e-01 4.199999999999999845e-01 5.699999999999999512e-01 1.000000000000000000e+00
sigma: 
1.810999999999999832e-01 1.170625599578620918e-03 5.817731552427892090e-03 1.170625599578621135e-03 1.656000000000000250e-01 3.960191383521092330e-04 5.817731552427892090e-03 3.960191383521092330e-04 1.845239999999999658e-01
1.810999999999999832e-01 1.113477736525996832e-02 1.166216367747953918e-02 1.113477736525997006e-02 1.656000000000000250e-01 1.521591684283308578e-02 1.166216367747953918e-02 1.521591684283308578e-02 1.845239999999999658e-01
1.810999999999999832e-01 1.894189126322968000e-02 2.289958468995594021e-02 1.894189126322968347e-02 1.656000000000000250e-01 2.237026288542653951e-02 2.289958468995594021e-02 2.237026288542653951e-02 1.845239999999999658e-01
1.810999999999999832e-01 2.749915018775837480e-02 3.070586892238771556e-02 2.749915018775837827e-02 1.656000000000000250e-01 2.575967982574814061e-02 3.070586892238771556e-02 2.575967982574814061e-02 1.845239999999999658e-01
1.810999999999999832e-01 3.397933230118845016e-02 3.760584652604260364e-02 3.397933230118845710e-02 1.656000000000000250e-01 3.615671712665318588e-02 3.760584652604260364e-02 3.615671712665318588e-02 1.845239999999999658e-01
1.810999999999999832e-01 4.260106496678630478e-02 4.802967037635392372e-02 4.260106496678631172e-02 1.656000000000000250e-01 4.482531161232040928e-02 4.802967037635392372e-02 4.482531161232040928e-02 1.845239999999999658e-01
1.810999999999999832e-01 5.122119804507277441e-02 5.714110309636972335e-02 5.122119804507278829e-02 1.656000000000000250e-01 5.020432590652301047e-02 5.714110309636972335e-02 5.020432590652301047e-02 1.845239999999999658e-01
1.810999999999999832e-01 6.442772919615512295e-02 7.116212831925620985e-02 6.442772919615512295e-02 1.656000000000000250e-01 6.211774293185506196e-02 7.116212831925620985e-02 6.211774293185506196e-02 1.845239999999999658e-01
1.810999999999999832e-01 7.170885168306184720e-02 8.003680391038549280e-02 7.170885168306186108e-02 1.656000000000000250e-01 6.976508243277854127e-02 8.003680391038549280e-02 6.976508243277854127e-02 1.845239999999999658e-01
1.810999999999999832e-01 7.376607139796793888e-02 8.707358519549589226e-02 7.376607139796795276e-02 1.656000000000000250e-01 7.426911500214578021e-02 8.707358519549589226e-02 7.426911500214578021e-02 1.845239999999999658e-01
1.810999999999999832e-01 8.506062831772724653e-02 9.065515583612671069e-02 8.506062831772726041e-02 1.656000000000000250e-01 8.372832258952554729e-02 9.065515583612671069e-02 8.372832258952554729e-02 1.845239999999999658e-01
1.810999999999999832e-01 9.090296247102472305e-02 1.039929068109858162e-01 9.090296247102473692e-02 1.656000000000000250e-01 8.890832858105719716e-02 1.039929068109858162e-01 8.890832858105719716e-02 1.845239999999999658e-01
1.810999999999999832e-01 9.898842988318899694e-02 1.149707214591505489e-01 9.898842988318901082e-02 1.656000000000000250e-01 9.875956439000191378e-02 1.149707214591505489e-01 9.875956439000191378e-02 1.845239999999999658e-01
1.810999999999999832e-01 1.074536014150928587e-01 1.212762809259395613e-01 1.074536014150928726e-01 1.656000000000000250e-01 1.107135229409342975e-01 1.212762809259395613e-01 1.107135229409342975e-01 1.845239999999999658e-01
1.810999999999999832e-01 1.178770305392029399e-01 1.339282707610195688e-01 1.178770305392029538e-01 1.656000000000000250e-01 1.151095707905656212e-01 1.339282707610195688e-01 1.151095707905656212e-01 1.845239999999999658e-01
1.810999999999999832e-01 1.249412296721355564e-01 1.396826863784358386e-01 1.249412296721355703e-01 1.656000000000000250e-01 1.231958046755050745e-01 1.396826863784358386e-01 1.231958046755050745e-01 1.845239999999999658e-01
1.810999999999999832e-01 1.355792721204872320e-01 1.520354048636011757e-01 1.355792721204872320e-01 1.656000000000000250e-01 1.353204083503090904e-01 1.520354048636011757e-01 1.353204083503090904e-01 1.845239999999999658e-01
1.810999999999999832e-01 1.460049352910804399e-01 1.536863623403649515e-01 1.460049352910804676e-01 1.656000000000000250e-01 1.359257382788206237e-01 1.536863623403649515e-01 1.359257382788206237e-01 1.845239999999999658e-01
1.810999999999999832e-01 1.540574502364810139e-01 1.659041311028268129e-01 1.540574502364810416e-01 1.656000000000000250e-01 1.451206441705624461e-01 1.659041311028268129e-01 1.451206441705624461e-01 1.845239999999999658e-01
1.810999999999999832e-01 1.552000000000000046e-01 1.715800000000000103e-01 1.552000000000000324e-01 1.656000000000000250e-01 1.514400000000000190e-01 1.715800000000000103e-01 1.514400000000000190e-01 1.845239999999999658e-01
c: 
1.393999999999999906e+00
2.770999999999999908e+00
2.033999999999999808e+00
