CDF: 
1.900000000000000022e-01 3.599999999999999867e-01 5.999999999999999778e-01 1.000000000000000000e+00
2.899999999999999800e-01 3.400000000000000244e-01 6.300000000000000044e-01 1.000000000000000000e+00
1.700000000000000122e-01 5.799999999999999600e-01 6.700000000000000400e-01 1.000000000000000000e+00
sigma: 
1.643000000000000016e-01 7.969156212431657144e-03 6.326964748308214464e-04 7.969156212431658878e-03 1.723840000000000094e-01 2.284598120830833717e-03 6.326964748308214464e-04 2.284598120830833717e-03 1.600960000000000161e-01
1.643000000000000016e-01 9.930246948833666362e-03 1.206094754441320097e-02 9.930246948833668097e-03 1.723840000000000094e-01 1.032853940348558291e-02 1.206094754441320097e-02 1.032853940348558291e-02 1.600960000000000161e-01
1.643000000000000016e-01 2.008870633705710576e-02 1.668305062416410370e-02 2.008870633705710923e-02 1.723840000000000094e-01 1.652043602268262260e-02 1.668305062416410370e-02 1.652043602268262260e-02 1.600960000000000161e-01
1.643000000000000016e-01 2.630441533204585028e-02 3.010351502412587227e-02 2.630441533204585375e-02 1.723840000000000094e-01 2.792659387963164486e-02 3.010351502412587227e-02 2.792659387963164486e-02 1.600960000000000161e-01
1.643000000000000016e-01 3.538716836653099662e-02 3.444413228223548729e-02 3.538716836653100356e-02 1.723840000000000094e-01 3.899856772467850258e-02 3.444413228223548729e-02 3.899856772467850258e-02 1.600960000000000161e-01
1.643000000000000016e-01 4.412801162863715793e-02 4.518678737969705761e-02 4.412801162863716486e-02 1.723840000000000094e-01 4.500691968545676019e-02 4.518678737969705761e-02 4.500691968545676019e-02 1.600960000000000161e-01
1.643000000000000016e-01 5.166726801281183029e-02 4.943424127565020088e-02 5.166726801281183723e-02 1.723840000000000094e-01 5.541797773895640322e-02 4.943424127565020088e-02 5.541797773895640322e-02 1.600960000000000161e-01
1.643000000000000016e-01 6.609319023816725980e-02 5.982633826276598926e-02 6.609319023816727368e-02 1.723840000000000094e-01 5.731347122991819337e-02 5.982633826276598926e-02 5.731347122991819337e-02 1.600960000000000161e-01
1.643000000000000016e-01 7.142021876475784792e-02 6.641020809793254931e-02 7.142021876475786180e-02 1.723840000000000094e-01 6.745680178398395788e-02 6.641020809793254931e-02 6.745680178398395788e-02 1.600960000000000161e-01
1.643000000000000016e-01 7.693027805218251303e-02 7.443728128856831605e-02 7.693027805218252690e-02 1.723840000000000094e-01 7.341496913637657329e-02 7.443728128856831605e-02 7.341496913637657329e-02 1.600960000000000161e-01
1.643000000000000016e-01 9.082242642948089306e-02 8.075128461674917213e-02 9.082242642948090694e-02 1.723840000000000094e-01 8.345196208723321130e-02 8.075128461674917213e-02 8.345196208723321130e-02 1.600960000000000161e-01
1.643000000000000016e-01 9.942325289358251716e-02 8.590197406722255291e-02 9.942325289358254492e-02 1.723840000000000094e-01 9.197151642860780518e-02 8.590197406722255291e-02 9.197151642860780518e-02 1.600960000000000161e-01
1.643000000000000016e-01 1.069483057078917526e-01 1.007546387720864578e-01 1.069483057078917665e-01 1.723840000000000094e-01 1.046210466790553767e-01 1.007546387720864578e-01 1.046210466790553767e-01 1.600960000000000161e-01
1.643000000000000016e-01 1.162459872934186178e-01 1.085183474276968513e-01 1.162459872934186456e-01 1.723840000000000094e-01 1.066660304843413537e-01 1.085183474276968513e-01 1.066660304843413537e-01 1.600960000000000161e-01
1.643000000000000016e-01 1.204248181352779445e-01 1.151855740466829758e-01 1.204248181352779584e-01 1.723840000000000094e-01 1.193778327507686449e-01 1.151855740466829758e-01 1.193778327507686449e-01 1.600960000000000161e-01
1.643000000000000016e-01 1.355590041523093425e-01 1.223035310699373129e-01 1.355590041523093703e-01 1.723840000000000094e-01 1.209979919007175136e-01 1.223035310699373129e-01 1.209979919007175136e-01 1.600960000000000161e-01
1.643000000000000016e-01 1.362035099662121940e-01 1.249470258807774958e-01 1.362035099662122217e-01 1.723840000000000094e-01 1.299409943678198898e-01 1.249470258807774958e-01 1.299409943678198898e-01 1.600960000000000161e-01
1.643000000000000016e-01 1.450951316243533629e-01 1.356232567348527318e-01 1.450951316243533906e-01 1.723840000000000094e-01 1.440996517830751278e-01 1.356232567348527318e-01 1.440996517830751278e-01 1.600960000000000161e-01
1.643000000000000016e-01 1.556836287037781930e-01 1.463186220347713618e-01 1.556836287037782207e-01 1.723840000000000094e-01 1.510952131252608910e-01 1.463186220347713618e-01 1.510952131252608910e-01 1.600960000000000161e-01
1.643000000000000016e-01 1.611199999999999855e-01 1.481600000000000139e-01 1.611200000000000132e-01 1.723840000000000094e-01 1.529920000000000169e-01 1.481600000000000139e-01 1.529920000000000169e-01 1.600960000000000161e-01
c: 
2.797000000000000153e+00
2.431999999999999940e+00
1.933999999999999941e+00
