CDF: 
1.700000000000000122e-01 6.899999999999999467e-01 8.199999999999999512e-01 1.000000000000000000e+00
4.099999999999999756e-01 8.000000000000000444e-01 9.000000000000000222e-01 1.000000000000000000e+00
1.900000000000000022e-01 5.699999999999999512e-01 5.999999999999999778e-01 1.000000000000000000e+00
sigma: 
1.087039999999999951e-01 3.991486479837009355e-03 4.760873020418463246e-04 3.991486479837010222e-03 8.407600000000001184e-02 7.096788507479924978e-04 4.760873020418463246e-04 7.096788507479924978e-04 1.818559999999999899e-01
1.087039999999999951e-01 8.601279919308573579e-03 7.468174071682332112e-03 8.601279919308575314e-03 8.407600000000001184e-02 7.205823446880553484e-03 7.468174071682332112e-03 7.205823446880553484e-03 1.818559999999999899e-01
1.087039999999999951e-01 1.223490940269986171e-02 1.161952695386269351e-02 1.223490940269986345e-02 8.407600000000001184e-02 1.023658625167188363e-02 1.161952695386269351e-02 1.023658625167188363e-02 1.818559999999999899e-01
1.087039999999999951e-01 1.402847207604868661e-02 1.695298285532143359e-02 1.402847207604869008e-02 8.407600000000001184e-02 1.614412528977931735e-02 1.695298285532143359e-02 1.614412528977931735e-02 1.818559999999999899e-01
1.087039999999999951e-01 1.958653051184826646e-02 2.222037235291379753e-02 1.958653051184826993e-02 8.407600000000001184e-02 2.052150505192871024e-02 2.222037235291379753e-02 2.052150505192871024e-02 1.818559999999999899e-01
1.087039999999999951e-01 2.269908758453353242e-02 2.923582990956909849e-02 2.269908758453353589e-02 8.407600000000001184e-02 2.272153478823830258e-02 2.923582990956909849e-02 2.272153478823830258e-02 1.818559999999999899e-01
1.087039999999999951e-01 2.654089462796260790e-02 3.616976328261663903e-02 2.654089462796261484e-02 8.407600000000001184e-02 2.722773035733441066e-02 3.616976328261663903e-02 2.722773035733441066e-02 1.818559999999999899e-01
1.087039999999999951e-01 3.310084423973895518e-02 4.333895327959040589e-02 3.310084423973896212e-02 8.407600000000001184e-02 3.185347762339685307e-02 4.333895327959040589e-02 3.185347762339685307e-02 1.818559999999999899e-01
1.087039999999999951e-01 3.757914175997537076e-02 4.655195217022874143e-02 3.757914175997537770e-02 8.407600000000001184e-02 3.588027642856892602e-02 4.655195217022874143e-02 3.588027642856892602e-02 1.818559999999999899e-01
1.087039999999999951e-01 4.130142558150012855e-02 5.064760162036153340e-02 4.130142558150013549e-02 8.407600000000001184e-02 4.031191929418393577e-02 5.064760162036153340e-02 4.031191929418393577e-02 1.818559999999999899e-01
1.087039999999999951e-01 4.655828970664188660e-02 5.865955145227795542e-02 4.655828970664189354e-02 8.407600000000001184e-02 4.759496152326044005e-02 5.865955145227795542e-02 4.759496152326044005e-02 1.818559999999999899e-01
1.087039999999999951e-01 5.096080923033632915e-02 6.426446522829072638e-02 5.096080923033633608e-02 8.407600000000001184e-02 5.203865564438169000e-02 6.426446522829072638e-02 5.203865564438169000e-02 1.818559999999999899e-01
1.087039999999999951e-01 5.528400909136964303e-02 6.903161801703092126e-02 5.528400909136964997e-02 8.407600000000001184e-02 5.208781747039267079e-02 6.903161801703092126e-02 5.208781747039267079e-02 1.818559999999999899e-01
1.087039999999999951e-01 5.849579328744446832e-02 7.271905348458784779e-02 5.849579328744448220e-02 8.407600000000001184e-02 5.902767549854863460e-02 7.271905348458784779e-02 5.902767549854863460e-02 1.818559999999999899e-01
1.087039999999999951e-01 6.140990526581809744e-02 7.651385869936302986e-02 6.140990526581810438e-02 8.407600000000001184e-02 6.407851854711879569e-02 7.651385869936302986e-02 6.407851854711879569e-02 1.818559999999999899e-01
1.087039999999999951e-01 6.896982443990308520e-02 8.324237513990595527e-02 6.896982443990308520e-02 8.407600000000001184e-02 6.767590849153337640e-02 8.324237513990595527e-02 6.767590849153337640e-02 1.818559999999999899e-01
1.087039999999999951e-01 7.095612624083594278e-02 9.004682506213371185e-02 7.095612624083595665e-02 8.407600000000001184e-02 7.043401977693708460e-02 9.004682506213371185e-02 7.043401977693708460e-02 1.818559999999999899e-01
1.087039999999999951e-01 7.423028188241402592e-02 9.419534234082084512e-02 7.423028188241403980e-02 8.407600000000001184e-02 7.470217684881190479e-02 9.419534234082084512e-02 7.470217684881190479e-02 1.818559999999999899e-01
1.087039999999999951e-01 7.801051031039876738e-02 1.008836099839726108e-01 7.801051031039878125e-02 8.407600000000001184e-02 8.153333427409166501e-02 1.008836099839726108e-01 8.153333427409166501e-02 1.818559999999999899e-01
1.087039999999999951e-01 8.195199999999999707e-02 1.036320000000000019e-01 8.195200000000001095e-02 8.407600000000001184e-02 8.241600000000000315e-02 1.036320000000000019e-01 8.241600000000000315e-02 1.818559999999999899e-01
c: 
1.925000000000000044e+00
1.324999999999999956e+00
1.631000000000000005e+00
