CDF: 
2.200000000000000011e-01 4.299999999999999933e-01 5.899999999999999689e-01 1.000000000000000000e+00
1.100000000000000006e-01 1.700000000000000122e-01 5.400000000000000355e-01 1.000000000000000000e+00
2.899999999999999800e-01 5.000000000000000000e-01 6.300000000000000044e-01 1.000000000000000000e+00
sigma: 
1.970590000000000119e-01 6.019528238267364724e-03 9.161305872299444278e-03 6.019528238267365591e-03 1.609710000000000307e-01 3.762044445786353122e-03 9.161305872299444278e-03 3.762044445786353122e-03 1.989000000000000212e-01
1.970590000000000119e-01 1.419797045268244261e-02 1.967039946884673735e-02 1.419797045268244434e-02 1.609710000000000307e-01 1.313446717392791757e-02 1.967039946884673735e-02 1.313446717392791757e-02 1.989000000000000212e-01
1.970590000000000119e-01 1.948545846710606627e-02 1.991622055594542695e-02 1.948545846710606974e-02 1.609710000000000307e-01 1.933152426179386360e-02 1.991622055594542695e-02 1.933152426179386360e-02 1.989000000000000212e-01
1.970590000000000119e-01 3.319177437122767388e-02 3.496191527433389901e-02 3.319177437122768082e-02 1.609710000000000307e-01 3.063876718709945476e-02 3.496191527433389901e-02 3.063876718709945476e-02 1.989000000000000212e-01
1.970590000000000119e-01 3.936024171385227310e-02 4.782060703317625450e-02 3.936024171385228004e-02 1.609710000000000307e-01 3.758391904592409127e-02 4.782060703317625450e-02 3.758391904592409127e-02 1.989000000000000212e-01
1.970590000000000119e-01 4.956829358297706878e-02 5.700372336900840636e-02 4.956829358297707572e-02 1.609710000000000307e-01 4.930549264352353245e-02 5.700372336900840636e-02 4.930549264352353245e-02 1.989000000000000212e-01
1.970590000000000119e-01 6.064334270875559874e-02 6.783848095983417703e-02 6.064334270875561261e-02 1.609710000000000307e-01 5.200371515266091066e-02 6.783848095983417703e-02 5.200371515266091066e-02 1.989000000000000212e-01
1.970590000000000119e-01 6.497605215161107728e-02 6.987994014092795136e-02 6.497605215161109116e-02 1.609710000000000307e-01 6.197102230721449057e-02 6.987994014092795136e-02 6.197102230721449057e-02 1.989000000000000212e-01
1.970590000000000119e-01 7.719047274387284829e-02 8.225430784222892422e-02 7.719047274387286217e-02 1.609710000000000307e-01 7.057503377039349435e-02 8.225430784222892422e-02 7.057503377039349435e-02 1.989000000000000212e-01
1.970590000000000119e-01 7.843384460747904185e-02 9.281052010064357038e-02 7.843384460747905573e-02 1.609710000000000307e-01 8.127360697142468893e-02 9.281052010064357038e-02 8.127360697142468893e-02 1.989000000000000212e-01
1.970590000000000119e-01 8.854844672785422421e-02 1.031907340955154212e-01 8.854844672785423809e-02 1.609710000000000307e-01 9.155752546450948715e-02 1.031907340955154212e-01 9.155752546450948715e-02 1.989000000000000212e-01
1.970590000000000119e-01 9.606292718282286036e-02 1.158290486839531480e-01 9.606292718282287424e-02 1.609710000000000307e-01 9.309100998879972499e-02 1.158290486839531480e-01 9.309100998879972499e-02 1.989000000000000212e-01
1.970590000000000119e-01 1.055540403045183845e-01 1.188973989411744037e-01 1.055540403045183984e-01 1.609710000000000307e-01 1.029509167146277770e-01 1.188973989411744037e-01 1.029509167146277770e-01 1.989000000000000212e-01
1.970590000000000119e-01 1.177366598395873931e-01 1.328455120714835680e-01 1.177366598395874209e-01 1.609710000000000307e-01 1.153670453888810676e-01 1.328455120714835680e-01 1.153670453888810676e-01 1.989000000000000212e-01
1.970590000000000119e-01 1.225288380460874127e-01 1.398847579381295725e-01 1.225288380460874266e-01 1.609710000000000307e-01 1.185209263502970817e-01 1.398847579381295725e-01 1.185209263502970817e-01 1.989000000000000212e-01
1.970590000000000119e-01 1.338100759348228863e-01 1.528417187838116142e-01 1.338100759348229141e-01 1.609710000000000307e-01 1.273533648892141712e-01 1.528417187838116142e-01 1.273533648892141712e-01 1.989000000000000212e-01
1.970590000000000119e-01 1.428306300734482337e-01 1.620459202278589639e-01 1.428306300734482615e-01 1.609710000000000307e-01 1.372875726507666316e-01 1.620459202278589639e-01 1.372875726507666316e-01 1.989000000000000212e-01
1.970590000000000119e-01 1.540593165185163149e-01 1.707335997269418815e-01 1.540593165185163427e-01 1.609710000000000307e-01 1.428879309528780228e-01 1.707335997269418815e-01 1.428879309528780228e-01 1.989000000000000212e-01
1.970590000000000119e-01 1.641504359963852910e-01 1.840459979970036075e-01 1.641504359963853188e-01 1.609710000000000307e-01 1.533908195168060540e-01 1.840459979970036075e-01 1.533908195168060540e-01 1.989000000000000212e-01
1.970590000000000119e-01 1.648169999999999913e-01 1.876300000000000190e-01 1.648170000000000190e-01 1.609710000000000307e-01 1.587900000000000422e-01 1.876300000000000190e-01 1.587900000000000422e-01 1.989000000000000212e-01
c: 
1.606999999999999984e+00
1.131000000000000005e+00
2.684000000000000163e+00
