CDF: 
1.100000000000000006e-01 6.099999999999999867e-01 7.700000000000000178e-01 1.000000000000000000e+00
2.000000000000000111e-01 5.400000000000000355e-01 8.000000000000000444e-01 1.000000000000000000e+00
4.400000000000000022e-01 6.400000000000000133e-01 7.399999999999999911e-01 1.000000000000000000e+00
sigma: 
1.418159999999999976e-01 2.923775741878265402e-03 6.762825562335079629e-03 2.923775741878265402e-03 1.294560000000000155e-01 4.725093345663934630e-03 6.762825562335079629e-03 4.725093345663934630e-03 1.748999999999999444e-01
1.418159999999999976e-01 8.012131445543437674e-03 1.267514724486356464e-02 8.012131445543437674e-03 1.294560000000000155e-01 1.326404194744707984e-02 1.267514724486356464e-02 1.326404194744707984e-02 1.748999999999999444e-01
1.418159999999999976e-01 1.906566971350832571e-02 1.584323571813840009e-02 1.906566971350832571e-02 1.294560000000000155e-01 1.794056661207828196e-02 1.584323571813840009e-02 1.794056661207828196e-02 1.748999999999999444e-01
1.418159999999999976e-01 2.244823731726332261e-02 2.916597296094996031e-02 2.244823731726332261e-02 1.294560000000000155e-01 2.463725784595060045e-02 2.916597296094996031e-02 2.463725784595060045e-02 1.748999999999999444e-01
1.418159999999999976e-01 3.096775025026540784e-02 3.147623981270851468e-02 3.096775025026540784e-02 1.294560000000000155e-01 3.511361858269942265e-02 3.147623981270851468e-02 3.511361858269942265e-02 1.748999999999999444e-01
1.418159999999999976e-01 3.889671449570356043e-02 4.353180759873608030e-02 3.889671449570356043e-02 1.294560000000000155e-01 3.546409772290808754e-02 4.353180759873608030e-02 3.546409772290808754e-02 1.748999999999999444e-01
1.418159999999999976e-01 4.107330204238566346e-02 5.276160444870708205e-02 4.107330204238566346e-02 1.294560000000000155e-01 4.359049892728094483e-02 5.276160444870708205e-02 4.359049892728094483e-02 1.748999999999999444e-01
1.418159999999999976e-01 5.068390010489616515e-02 5.813263305468611281e-02 5.068390010489616515e-02 1.294560000000000155e-01 5.021660545490108651e-02 5.813263305468611281e-02 5.021660545490108651e-02 1.748999999999999444e-01
1.418159999999999976e-01 5.656286543271063505e-02 6.318625624916192340e-02 5.656286543271063505e-02 1.294560000000000155e-01 6.072747064036787545e-02 6.318625624916192340e-02 6.072747064036787545e-02 1.748999999999999444e-01
1.418159999999999976e-01 6.028467174749002622e-02 7.523554284500004463e-02 6.028467174749002622e-02 1.294560000000000155e-01 6.657668255010032454e-02 7.523554284500004463e-02 6.657668255010032454e-02 1.748999999999999444e-01
1.418159999999999976e-01 7.170886305557001850e-02 8.338547570952663246e-02 7.170886305557001850e-02 1.294560000000000155e-01 7.732973903453846387e-02 8.338547570952663246e-02 7.732973903453846387e-02 1.748999999999999444e-01
1.418159999999999976e-01 7.389313718361320560e-02 9.336852313706454909e-02 7.389313718361320560e-02 1.294560000000000155e-01 8.176022394713870767e-02 9.336852313706454909e-02 8.176022394713870767e-02 1.748999999999999444e-01
1.418159999999999976e-01 8.559234743497455555e-02 9.496112049441370051e-02 8.559234743497455555e-02 1.294560000000000155e-01 9.185451073109907050e-02 9.496112049441370051e-02 9.185451073109907050e-02 1.748999999999999444e-01
1.418159999999999976e-01 8.683528466200481077e-02 1.064119606214401215e-01 8.683528466200481077e-02 1.294560000000000155e-01 9.374454022180540858e-02 1.064119606214401215e-01 9.374454022180540858e-02 1.748999999999999444e-01
1.418159999999999976e-01 9.651749237785088587e-02 1.140658148213491430e-01 9.651749237785088587e-02 1.294560000000000155e-01 9.959687962744723233e-02 1.140658148213491430e-01 9.959687962744723233e-02 1.748999999999999444e-01
1.418159999999999976e-01 1.001547204774578398e-01 1.234638259986723802e-01 1.001547204774578398e-01 1.294560000000000155e-01 1.084126970054472422e-01 1.234638259986723802e-01 1.084126970054472422e-01 1.748999999999999444e-01
1.418159999999999976e-01 1.094558942443174671e-01 1.273070163884480466e-01 1.094558942443174671e-01 1.294560000000000155e-01 1.168430657760593794e-01 1.273070163884480466e-01 1.168430657760593794e-01 1.748999999999999444e-01
1.418159999999999976e-01 1.150435614476585794e-01 1.395506656412504320e-01 1.150435614476585794e-01 1.294560000000000155e-01 1.237276710203675661e-01 1.395506656412504320e-01 1.237276710203675661e-01 1.748999999999999444e-01
1.418159999999999976e-01 1.233801271715457143e-01 1.485295549315003294e-01 1.233801271715457143e-01 1.294560000000000155e-01 1.303894349165337641e-01 1.485295549315003294e-01 1.303894349165337641e-01 1.748999999999999444e-01
1.418159999999999976e-01 1.265640000000000098e-01 1.489199999999999968e-01 1.265640000000000098e-01 1.294560000000000155e-01 1.342799999999999827e-01 1.489199999999999968e-01 1.342799999999999827e-01 1.748999999999999444e-01
c: 
1.606999999999999984e+00
1.401000000000000023e+00
1.754000000000000004e+00
