CDF: 
3.400000000000000244e-01 5.500000000000000444e-01 8.000000000000000444e-01 1.000000000000000000e+00
3.699999999999999956e-01 4.899999999999999911e-01 7.500000000000000000e-01 1.000000000000000000e+00
1.700000000000000122e-01 2.899999999999999800e-01 6.400000000000000133e-01 1.000000000000000000e+00
sigma: 
1.369839999999999947e-01 4.285091719022649133e-03 5.220300273464578873e-03 4.285091719022648266e-03 1.590000000000000024e-01 5.266600938425423928e-03 5.220300273464578873e-03 5.266600938425424795e-03 1.651710000000000123e-01
1.369839999999999947e-01 1.265024372107170433e-02 9.656124254687006164e-03 1.265024372107170260e-02 1.590000000000000024e-01 8.613035484760266439e-03 9.656124254687006164e-03 8.613035484760268173e-03 1.651710000000000123e-01
1.369839999999999947e-01 1.980311021447751091e-02 1.793677394366842773e-02 1.980311021447750744e-02 1.590000000000000024e-01 1.848439361507080506e-02 1.793677394366842773e-02 1.848439361507080853e-02 1.651710000000000123e-01
1.369839999999999947e-01 2.224552345847530949e-02 1.960647066329146773e-02 2.224552345847530602e-02 1.590000000000000024e-01 2.430900774745991394e-02 1.960647066329146773e-02 2.430900774745991741e-02 1.651710000000000123e-01
1.369839999999999947e-01 3.050754672880361118e-02 3.132008521706276111e-02 3.050754672880360424e-02 1.590000000000000024e-01 3.113321557925772046e-02 3.132008521706276111e-02 3.113321557925772740e-02 1.651710000000000123e-01
1.369839999999999947e-01 4.230749820898451613e-02 3.348031802735664669e-02 4.230749820898450919e-02 1.590000000000000024e-01 4.038102627825475299e-02 3.348031802735664669e-02 4.038102627825475993e-02 1.651710000000000123e-01
1.369839999999999947e-01 4.724440206705037004e-02 4.174851113885938436e-02 4.724440206705035616e-02 1.590000000000000024e-01 4.489234736781932966e-02 4.174851113885938436e-02 4.489234736781933660e-02 1.651710000000000123e-01
1.369839999999999947e-01 5.069508052902042816e-02 4.795677721374998204e-02 5.069508052902042122e-02 1.590000000000000024e-01 5.406780740527190876e-02 4.795677721374998204e-02 5.406780740527191570e-02 1.651710000000000123e-01
1.369839999999999947e-01 6.313398776007504709e-02 5.720975179956559742e-02 6.313398776007503321e-02 1.590000000000000024e-01 6.136635626993460629e-02 5.720975179956559742e-02 6.136635626993461323e-02 1.651710000000000123e-01
1.369839999999999947e-01 6.660241028567162602e-02 5.951243529671440546e-02 6.660241028567161214e-02 1.590000000000000024e-01 7.087344943950268927e-02 5.951243529671440546e-02 7.087344943950270315e-02 1.651710000000000123e-01
1.369839999999999947e-01 7.636890188619582798e-02 6.518829346338891884e-02 7.636890188619581410e-02 1.590000000000000024e-01 7.817496715553780284e-02 6.518829346338891884e-02 7.817496715553781672e-02 1.651710000000000123e-01
1.369839999999999947e-01 8.239332394710244256e-02 7.062822500915975910e-02 8.239332394710242868e-02 1.590000000000000024e-01 8.017311909153561345e-02 7.062822500915975910e-02 8.017311909153562732e-02 1.651710000000000123e-01
1.369839999999999947e-01 8.950404171636079653e-02 7.912962729488703939e-02 8.950404171636078265e-02 1.590000000000000024e-01 9.250100272943917457e-02 7.912962729488703939e-02 9.250100272943918844e-02 1.651710000000000123e-01
1.369839999999999947e-01 9.267318605115290597e-02 8.710187107036065912e-02 9.267318605115289210e-02 1.590000000000000024e-01 1.013923815898075953e-01 8.710187107036065912e-02 1.013923815898076231e-01 1.651710000000000123e-01
1.369839999999999947e-01 1.037089992905194102e-01 8.963444094723282962e-02 1.037089992905193964e-01 1.590000000000000024e-01 1.079261703272295925e-01 8.963444094723282962e-02 1.079261703272296202e-01 1.651710000000000123e-01
1.369839999999999947e-01 1.130572425682890292e-01 9.580470579105265783e-02 1.130572425682890153e-01 1.590000000000000024e-01 1.122504427330814486e-01 9.580470579105265783e-02 1.122504427330814764e-01 1.651710000000000123e-01
1.369839999999999947e-01 1.172742914620233667e-01 1.020764603379491070e-01 1.172742914620233390e-01 1.590000000000000024e-01 1.223402899814797773e-01 1.020764603379491070e-01 1.223402899814797912e-01 1.651710000000000123e-01
1.369839999999999947e-01 1.223415397944472571e-01 1.106281404693365139e-01 1.223415397944472294e-01 1.590000000000000024e-01 1.302390203101098654e-01 1.106281404693365139e-01 1.302390203101098931e-01 1.651710000000000123e-01
1.369839999999999947e-01 1.333416350597254607e-01 1.154998992509624345e-01 1.333416350597254330e-01 1.590000000000000024e-01 1.311707196265138042e-01 1.154998992509624345e-01 1.311707196265138320e-01 1.651710000000000123e-01
1.369839999999999947e-01 1.353600000000000081e-01 1.212080000000000102e-01 1.353599999999999803e-01 1.590000000000000024e-01 1.379199999999999871e-01 1.212080000000000102e-01 1.379200000000000148e-01 1.651710000000000123e-01
c: 
2.660000000000000142e+00
1.786999999999999922e+00
1.471000000000000085e+00
