CDF: 
3.300000000000000155e-01 3.800000000000000044e-01 5.799999999999999600e-01 1.000000000000000000e+00
1.799999999999999933e-01 5.500000000000000444e-01 7.800000000000000266e-01 1.000000000000000000e+00
1.900000000000000022e-01 2.999999999999999889e-01 5.100000000000000089e-01 1.000000000000000000e+00
sigma: 
2.032749999999999557e-01 3.612947295190687032e-03 5.126793686217144671e-04 3.612947295190687032e-03 1.381239999999999968e-01 2.375600857909706230e-03 5.126793686217145755e-04 2.375600857909706230e-03 1.919040000000000190e-01
2.032749999999999557e-01 1.352962939496651397e-02 1.182273198305061092e-02 1.352962939496651397e-02 1.381239999999999968e-01 9.007186277949641093e-03 1.182273198305061265e-02 9.007186277949641093e-03 1.919040000000000190e-01
2.032749999999999557e-01 1.718366623217446390e-02 2.840070919190222642e-02 1.718366623217446390e-02 1.381239999999999968e-01 1.299496862990502828e-02 2.840070919190222989e-02 1.299496862990502828e-02 1.919040000000000190e-01
2.032749999999999557e-01 2.386611467288411725e-02 3.789673936596847648e-02 2.386611467288411725e-02 1.381239999999999968e-01 2.348142300067048577e-02 3.789673936596848342e-02 2.348142300067048577e-02 1.919040000000000190e-01
2.032749999999999557e-01 2.880723447061491263e-02 4.169165261673500600e-02 2.880723447061491263e-02 1.381239999999999968e-01 2.455538345908310494e-02 4.169165261673501294e-02 2.455538345908310494e-02 1.919040000000000190e-01
2.032749999999999557e-01 3.832964998546228158e-02 4.992282610291368800e-02 3.832964998546228158e-02 1.381239999999999968e-01 3.446238954178876268e-02 4.992282610291369493e-02 3.446238954178876268e-02 1.919040000000000190e-01
2.032749999999999557e-01 4.518939043792718352e-02 6.447801835401702208e-02 4.518939043792718352e-02 1.381239999999999968e-01 4.164660252247033567e-02 6.447801835401703596e-02 4.164660252247033567e-02 1.919040000000000190e-01
2.032749999999999557e-01 5.256028177940973850e-02 6.892252052692862674e-02 5.256028177940973850e-02 1.381239999999999968e-01 4.466027854471189829e-02 6.892252052692864062e-02 4.466027854471189829e-02 1.919040000000000190e-01
2.032749999999999557e-01 5.996894932635704611e-02 8.120253274397117027e-02 5.996894932635704611e-02 1.381239999999999968e-01 5.320422419075748754e-02 8.120253274397118415e-02 5.320422419075748754e-02 1.919040000000000190e-01
2.032749999999999557e-01 6.237869649180239479e-02 8.961955045800697184e-02 6.237869649180239479e-02 1.381239999999999968e-01 5.792089400180348152e-02 8.961955045800698572e-02 5.792089400180348152e-02 1.919040000000000190e-01
2.032749999999999557e-01 6.971452016182563827e-02 9.988669554275084184e-02 6.971452016182563827e-02 1.381239999999999968e-01 6.697780983335313576e-02 9.988669554275085571e-02 6.697780983335313576e-02 1.919040000000000190e-01
2.032749999999999557e-01 8.007538634533090116e-02 1.140541548398825294e-01 8.007538634533090116e-02 1.381239999999999968e-01 6.943635473593956497e-02 1.140541548398825433e-01 6.943635473593956497e-02 1.919040000000000190e-01
2.032749999999999557e-01 8.445026449467001040e-02 1.224487393352385323e-01 8.445026449467001040e-02 1.381239999999999968e-01 7.716352933004430592e-02 1.224487393352385600e-01 7.716352933004430592e-02 1.919040000000000190e-01
2.032749999999999557e-01 8.998389241623140633e-02 1.249194263532342614e-01 8.998389241623140633e-02 1.381239999999999968e-01 8.297529252298276037e-02 1.249194263532342752e-01 8.297529252298276037e-02 1.919040000000000190e-01
2.032749999999999557e-01 9.763936791932653625e-02 1.408819838533760249e-01 9.763936791932653625e-02 1.381239999999999968e-01 8.666142566465924457e-02 1.408819838533760527e-01 8.666142566465924457e-02 1.919040000000000190e-01
2.032749999999999557e-01 1.060384518682652016e-01 1.519116337865620281e-01 1.060384518682652016e-01 1.381239999999999968e-01 9.320528885146656117e-02 1.519116337865620558e-01 9.320528885146656117e-02 1.919040000000000190e-01
2.032749999999999557e-01 1.134505470526727122e-01 1.601502600490550821e-01 1.134505470526727122e-01 1.381239999999999968e-01 1.017380469811575705e-01 1.601502600490551098e-01 1.017380469811575705e-01 1.919040000000000190e-01
2.032749999999999557e-01 1.176134522304998625e-01 1.677641826212788179e-01 1.176134522304998625e-01 1.381239999999999968e-01 1.094024040821007515e-01 1.677641826212788456e-01 1.094024040821007515e-01 1.919040000000000190e-01
2.032749999999999557e-01 1.257650154118490071e-01 1.756853535707954550e-01 1.257650154118490071e-01 1.381239999999999968e-01 1.156788569879533685e-01 1.756853535707954828e-01 1.156788569879533685e-01 1.919040000000000190e-01
2.032749999999999557e-01 1.301899999999999724e-01 1.806599999999999873e-01 1.301899999999999724e-01 1.381239999999999968e-01 1.165360000000000007e-01 1.806600000000000150e-01 1.165360000000000007e-01 1.919040000000000190e-01
c: 
2.604999999999999982e+00
1.127999999999999892e+00
2.734999999999999876e+00
