CDF: 
3.900000000000000133e-01 5.000000000000000000e-01 7.600000000000000089e-01 1.000000000000000000e+00
4.799999999999999822e-01 6.999999999999999556e-01 8.599999999999999867e-01 1.000000000000000000e+00
5.699999999999999512e-01 6.300000000000000044e-01 6.400000000000000133e-01 1.000000000000000000e+00
sigma: 
1.562590000000000368e-01 3.585148251920280450e-03 8.153697404210285583e-04 3.585148251920280450e-03 1.125000000000000305e-01 3.287881897583913322e-03 8.153697404210285583e-04 3.287881897583913755e-03 2.253390000000000115e-01
1.562590000000000368e-01 8.137731548966853357e-03 1.263746586201626963e-02 8.137731548966853357e-03 1.125000000000000305e-01 8.553883876799695321e-03 1.263746586201626963e-02 8.553883876799697056e-03 2.253390000000000115e-01
1.562590000000000368e-01 1.340532388410999726e-02 2.307413562233600821e-02 1.340532388410999726e-02 1.125000000000000305e-01 1.750840886814301195e-02 2.307413562233600821e-02 1.750840886814301542e-02 2.253390000000000115e-01
1.562590000000000368e-01 1.997064088202363252e-02 3.088812254608286345e-02 1.997064088202363252e-02 1.125000000000000305e-01 2.242234409021643532e-02 3.088812254608286345e-02 2.242234409021643879e-02 2.253390000000000115e-01
1.562590000000000368e-01 2.855291334168116521e-02 4.058967367160951772e-02 2.855291334168116521e-02 1.125000000000000305e-01 2.579077796424739111e-02 4.058967367160951772e-02 2.579077796424739111e-02 2.253390000000000115e-01
1.562590000000000368e-01 3.451855629813882498e-02 4.728178741147449210e-02 3.451855629813882498e-02 1.125000000000000305e-01 3.558189857370694376e-02 4.728178741147449210e-02 3.558189857370694376e-02 2.253390000000000115e-01
1.562590000000000368e-01 3.925241609818820587e-02 5.349283682044791294e-02 3.925241609818820587e-02 1.125000000000000305e-01 3.780402681095922784e-02 5.349283682044791294e-02 3.780402681095923478e-02 2.253390000000000115e-01
1.562590000000000368e-01 4.703179831951483786e-02 6.204339939613424948e-02 4.703179831951483786e-02 1.125000000000000305e-01 4.872689974383199313e-02 6.204339939613424948e-02 4.872689974383200007e-02 2.253390000000000115e-01
1.562590000000000368e-01 5.008899138760074254e-02 7.239523964214907015e-02 5.008899138760074254e-02 1.125000000000000305e-01 5.044268031107401046e-02 7.239523964214907015e-02 5.044268031107401740e-02 2.253390000000000115e-01
1.562590000000000368e-01 5.615875846310230957e-02 7.631120973561346388e-02 5.615875846310230957e-02 1.125000000000000305e-01 5.888656373550290452e-02 7.631120973561346388e-02 5.888656373550291145e-02 2.253390000000000115e-01
1.562590000000000368e-01 6.476739415707886971e-02 8.939351332256985361e-02 6.476739415707886971e-02 1.125000000000000305e-01 6.571631964464866305e-02 8.939351332256985361e-02 6.571631964464867692e-02 2.253390000000000115e-01
1.562590000000000368e-01 6.883756804372785643e-02 9.701825291105291293e-02 6.883756804372785643e-02 1.125000000000000305e-01 6.887443269773033117e-02 9.701825291105291293e-02 6.887443269773034504e-02 2.253390000000000115e-01
1.562590000000000368e-01 7.693604093865769045e-02 1.052481708582350961e-01 7.693604093865769045e-02 1.125000000000000305e-01 7.733704227015576749e-02 1.052481708582350961e-01 7.733704227015576749e-02 2.253390000000000115e-01
1.562590000000000368e-01 8.253824057964766203e-02 1.133400668495459646e-01 8.253824057964766203e-02 1.125000000000000305e-01 8.505261737400753030e-02 1.133400668495459646e-01 8.505261737400754418e-02 2.253390000000000115e-01
1.562590000000000368e-01 8.596591074204130989e-02 1.186645144553822029e-01 8.596591074204130989e-02 1.125000000000000305e-01 9.038277081812387537e-02 1.186645144553822029e-01 9.038277081812388924e-02 2.253390000000000115e-01
1.562590000000000368e-01 9.093880780254692819e-02 1.252732600292162657e-01 9.093880780254692819e-02 1.125000000000000305e-01 9.694388085928330734e-02 1.252732600292162657e-01 9.694388085928332122e-02 2.253390000000000115e-01
1.562590000000000368e-01 9.976070092769143138e-02 1.379992810459006736e-01 9.976070092769143138e-02 1.125000000000000305e-01 9.950800938402813711e-02 1.379992810459006736e-01 9.950800938402815099e-02 2.253390000000000115e-01
1.562590000000000368e-01 1.057123438602416282e-01 1.443316909649772495e-01 1.057123438602416282e-01 1.125000000000000305e-01 1.109235930398726477e-01 1.443316909649772495e-01 1.109235930398726616e-01 2.253390000000000115e-01
1.562590000000000368e-01 1.079356147928880322e-01 1.518927514978030968e-01 1.079356147928880322e-01 1.125000000000000305e-01 1.154218199337341960e-01 1.518927514978030968e-01 1.154218199337342099e-01 2.253390000000000115e-01
1.562590000000000368e-01 1.125100000000000267e-01 1.572990000000000221e-01 1.125100000000000267e-01 1.125000000000000305e-01 1.174100000000000005e-01 1.572990000000000221e-01 1.174100000000000144e-01 2.253390000000000115e-01
c: 
2.536999999999999922e+00
2.755999999999999783e+00
1.260999999999999899e+00
