CDF: 
1.499999999999999944e-01 4.500000000000000111e-01 7.900000000000000355e-01 1.000000000000000000e+00
1.600000000000000033e-01 3.300000000000000155e-01 5.600000000000000533e-01 1.000000000000000000e+00
4.199999999999999845e-01 8.199999999999999512e-01 9.200000000000000400e-01 1.000000000000000000e+00
sigma: 
1.115639999999999826e-01 3.699919541920547363e-03 1.819187536708093979e-04 3.699919541920547363e-03 1.632440000000000002e-01 5.752484066292079447e-04 1.819187536708093437e-04 5.752484066292079447e-04 7.200000000000000844e-02
1.115639999999999826e-01 8.099733749306651034e-03 4.682387084823449140e-03 8.099733749306651034e-03 1.632440000000000002e-01 4.653588977952386775e-03 4.682387084823448273e-03 4.653588977952386775e-03 7.200000000000000844e-02
1.115639999999999826e-01 1.213842602959800537e-02 1.042927841099234448e-02 1.213842602959800537e-02 1.632440000000000002e-01 8.456592735906454453e-03 1.042927841099234101e-02 8.456592735906454453e-03 7.200000000000000844e-02
1.115639999999999826e-01 2.027890716929062198e-02 1.226532626132947369e-02 2.027890716929062198e-02 1.632440000000000002e-01 1.186395039027777695e-02 1.226532626132947196e-02 1.186395039027777695e-02 7.200000000000000844e-02
1.115639999999999826e-01 2.490117170923775505e-02 1.889795010722566601e-02 2.490117170923775505e-02 1.632440000000000002e-01 1.793610226863387447e-02 1.889795010722566254e-02 1.793610226863387447e-02 7.200000000000000844e-02
1.115639999999999826e-01 3.082277771624387236e-02 2.060132431477679216e-02 3.082277771624387236e-02 1.632440000000000002e-01 1.875691061098993390e-02 2.060132431477678869e-02 1.875691061098993390e-02 7.200000000000000844e-02
1.115639999999999826e-01 3.675773291474130483e-02 2.610012472756341115e-02 3.675773291474130483e-02 1.632440000000000002e-01 2.271798169445137308e-02 2.610012472756340768e-02 2.271798169445137308e-02 7.200000000000000844e-02
1.115639999999999826e-01 4.102902711104217809e-02 2.969865711041123207e-02 4.102902711104217809e-02 1.632440000000000002e-01 2.667653926691375063e-02 2.969865711041122514e-02 2.667653926691375063e-02 7.200000000000000844e-02
1.115639999999999826e-01 4.648222702173303994e-02 3.304407218334686619e-02 4.648222702173303994e-02 1.632440000000000002e-01 3.213833917368848214e-02 3.304407218334685925e-02 3.213833917368848214e-02 7.200000000000000844e-02
1.115639999999999826e-01 5.212570026077888163e-02 3.777206378356728206e-02 5.212570026077888163e-02 1.632440000000000002e-01 3.553166901630277347e-02 3.777206378356727512e-02 3.553166901630277347e-02 7.200000000000000844e-02
1.115639999999999826e-01 5.770379777192900100e-02 3.953049266667429257e-02 5.770379777192900100e-02 1.632440000000000002e-01 3.889373823956571857e-02 3.953049266667428563e-02 3.889373823956571857e-02 7.200000000000000844e-02
1.115639999999999826e-01 6.649383175976603111e-02 4.591997468476037569e-02 6.649383175976603111e-02 1.632440000000000002e-01 4.361046998487688037e-02 4.591997468476036875e-02 4.361046998487688037e-02 7.200000000000000844e-02
1.115639999999999826e-01 7.253231117244353376e-02 4.636368600843714105e-02 7.253231117244353376e-02 1.632440000000000002e-01 4.747753967993739721e-02 4.636368600843713411e-02 4.747753967993739721e-02 7.200000000000000844e-02
1.115639999999999826e-01 7.387900010585929378e-02 5.235080791266200073e-02 7.387900010585929378e-02 1.632440000000000002e-01 4.881523512520153513e-02 5.235080791266199379e-02 4.881523512520153513e-02 7.200000000000000844e-02
1.115639999999999826e-01 8.288561678722060344e-02 5.694358691708416992e-02 8.288561678722060344e-02 1.632440000000000002e-01 5.183332061269892155e-02 5.694358691708416298e-02 5.183332061269892155e-02 7.200000000000000844e-02
1.115639999999999826e-01 8.678986423566957542e-02 5.978726952380987447e-02 8.678986423566957542e-02 1.632440000000000002e-01 5.648532831869697984e-02 5.978726952380986753e-02 5.648532831869697984e-02 7.200000000000000844e-02
1.115639999999999826e-01 9.044463884132386555e-02 6.180152818872399617e-02 9.044463884132386555e-02 1.632440000000000002e-01 5.978092391521167698e-02 6.180152818872398229e-02 5.978092391521167698e-02 7.200000000000000844e-02
1.115639999999999826e-01 9.962393300710120636e-02 6.722211126207203180e-02 9.962393300710120636e-02 1.632440000000000002e-01 6.420319559463227854e-02 6.722211126207201792e-02 6.420319559463227854e-02 7.200000000000000844e-02
1.115639999999999826e-01 1.006523462924463902e-01 7.095928018555267003e-02 1.006523462924463902e-01 1.632440000000000002e-01 6.638311829735932257e-02 7.095928018555265615e-02 6.638311829735932257e-02 7.200000000000000844e-02
1.115639999999999826e-01 1.062039999999999929e-01 7.320000000000001505e-02 1.062039999999999929e-01 1.632440000000000002e-01 7.000000000000000666e-02 7.320000000000000118e-02 7.000000000000000666e-02 7.200000000000000844e-02
c: 
2.923000000000000043e+00
2.137999999999999901e+00
2.528000000000000025e+00
