CDF: 
2.000000000000000111e-01 5.400000000000000355e-01 5.799999999999999600e-01 1.000000000000000000e+00
2.300000000000000100e-01 4.600000000000000200e-01 6.199999999999999956e-01 1.000000000000000000e+00
3.099999999999999978e-01 3.400000000000000244e-01 3.499999999999999778e-01 1.000000000000000000e+00
sigma: 
2.098440000000000305e-01 9.547942533173106594e-03 1.690290048533303570e-03 9.547942533173106594e-03 1.932990000000000541e-01 1.771972221848449680e-03 1.690290048533303570e-03 1.771972221848449030e-03 2.208640000000000048e-01
2.098440000000000305e-01 1.974163589487580583e-02 1.136993554568381005e-02 1.974163589487580583e-02 1.932990000000000541e-01 8.756502756508325810e-03 1.136993554568381005e-02 8.756502756508322341e-03 2.208640000000000048e-01
2.098440000000000305e-01 2.120877645397994601e-02 1.936842201711939937e-02 2.120877645397994601e-02 1.932990000000000541e-01 1.714580606898357187e-02 1.936842201711939937e-02 1.714580606898356493e-02 2.208640000000000048e-01
2.098440000000000305e-01 3.788724737997167802e-02 2.607117070514323315e-02 3.788724737997167802e-02 1.932990000000000541e-01 2.789776350131643184e-02 2.607117070514323315e-02 2.789776350131642144e-02 2.208640000000000048e-01
2.098440000000000305e-01 4.648828262923431626e-02 3.414715088639476426e-02 4.648828262923431626e-02 1.932990000000000541e-01 3.032782833371699960e-02 3.414715088639476426e-02 3.032782833371698572e-02 2.208640000000000048e-01
2.098440000000000305e-01 5.049389761158165624e-02 4.189588718419860747e-02 5.049389761158165624e-02 1.932990000000000541e-01 4.062910165856072758e-02 4.189588718419860747e-02 4.062910165856071371e-02 2.208640000000000048e-01
2.098440000000000305e-01 6.618668392435086978e-02 5.139910346031256738e-02 6.618668392435086978e-02 1.932990000000000541e-01 5.058521385874453768e-02 5.139910346031256738e-02 5.058521385874451687e-02 2.208640000000000048e-01
2.098440000000000305e-01 7.434400395790609350e-02 5.972441681443813044e-02 7.434400395790609350e-02 1.932990000000000541e-01 5.375022983175215679e-02 5.972441681443813044e-02 5.375022983175213598e-02 2.208640000000000048e-01
2.098440000000000305e-01 8.299180154141189147e-02 6.567019882910414552e-02 8.299180154141189147e-02 1.932990000000000541e-01 6.185206300971151511e-02 6.567019882910414552e-02 6.185206300971148735e-02 2.208640000000000048e-01
2.098440000000000305e-01 9.397944687928773411e-02 7.468782050545416662e-02 9.397944687928773411e-02 1.932990000000000541e-01 6.872926471965362660e-02 7.468782050545416662e-02 6.872926471965359885e-02 2.208640000000000048e-01
2.098440000000000305e-01 1.033704772956014067e-01 8.203681340639989994e-02 1.033704772956014067e-01 1.932990000000000541e-01 7.597596269320260054e-02 8.203681340639989994e-02 7.597596269320257278e-02 2.208640000000000048e-01
2.098440000000000305e-01 1.182950837757915236e-01 8.970223105343771985e-02 1.182950837757915236e-01 1.932990000000000541e-01 8.348148787989878583e-02 8.970223105343771985e-02 8.348148787989875808e-02 2.208640000000000048e-01
2.098440000000000305e-01 1.222935906386291571e-01 9.976894289919602254e-02 1.222935906386291571e-01 1.932990000000000541e-01 9.319215821945658895e-02 9.976894289919602254e-02 9.319215821945656120e-02 2.208640000000000048e-01
2.098440000000000305e-01 1.327258623636212442e-01 1.004931219565262657e-01 1.327258623636212442e-01 1.932990000000000541e-01 1.036620739614291242e-01 1.004931219565262657e-01 1.036620739614290826e-01 2.208640000000000048e-01
2.098440000000000305e-01 1.463726981112302983e-01 1.150503062580012920e-01 1.463726981112302983e-01 1.932990000000000541e-01 1.120582291814905540e-01 1.150503062580012920e-01 1.120582291814905124e-01 2.208640000000000048e-01
2.098440000000000305e-01 1.502627277613626522e-01 1.170781978841448911e-01 1.502627277613626522e-01 1.932990000000000541e-01 1.186730208435280293e-01 1.170781978841448911e-01 1.186730208435279876e-01 2.208640000000000048e-01
2.098440000000000305e-01 1.674378121351380311e-01 1.288597438517907756e-01 1.674378121351380311e-01 1.932990000000000541e-01 1.252111437337602440e-01 1.288597438517907756e-01 1.252111437337601885e-01 2.208640000000000048e-01
2.098440000000000305e-01 1.792870120367974773e-01 1.311166385881690488e-01 1.792870120367974773e-01 1.932990000000000541e-01 1.323525856324692107e-01 1.311166385881690488e-01 1.323525856324691830e-01 2.208640000000000048e-01
2.098440000000000305e-01 1.823175303260969604e-01 1.413738631016052683e-01 1.823175303260969604e-01 1.932990000000000541e-01 1.420502676085085014e-01 1.413738631016052683e-01 1.420502676085084459e-01 2.208640000000000048e-01
2.098440000000000305e-01 1.901340000000000252e-01 1.459040000000000059e-01 1.901340000000000252e-01 1.932990000000000541e-01 1.437440000000000384e-01 1.459040000000000059e-01 1.437439999999999829e-01 2.208640000000000048e-01
c: 
2.790999999999999925e+00
2.470000000000000195e+00
1.237000000000000099e+00
