CDF: 
6.300000000000000044e-01 6.600000000000000311e-01 7.600000000000000089e-01 1.000000000000000000e+00
3.200000000000000067e-01 3.599999999999999867e-01 6.999999999999999556e-01 1.000000000000000000e+00
1.499999999999999944e-01 2.399999999999999911e-01 2.700000000000000178e-01 1.000000000000000000e+00
sigma: 
1.754039999999999766e-01 2.980086672325167607e-03 1.090438219369537507e-03 2.980086672325167607e-03 1.588640000000000052e-01 2.605275844178164216e-03 1.090438219369537724e-03 2.605275844178163783e-03 1.607999999999999985e-01
1.754039999999999766e-01 1.009735026667027760e-02 4.663600905560626869e-03 1.009735026667027760e-02 1.588640000000000052e-01 9.484174134879560375e-03 4.663600905560627737e-03 9.484174134879556906e-03 1.607999999999999985e-01
1.754039999999999766e-01 1.919258282019987993e-02 7.795406777989210764e-03 1.919258282019987993e-02 1.588640000000000052e-01 1.517373105164076391e-02 7.795406777989212499e-03 1.517373105164076044e-02 1.607999999999999985e-01
1.754039999999999766e-01 3.032910427170126821e-02 1.288818895338783924e-02 3.032910427170126821e-02 1.588640000000000052e-01 2.162802747487286778e-02 1.288818895338784097e-02 2.162802747487286084e-02 1.607999999999999985e-01
1.754039999999999766e-01 3.834752549386812037e-02 1.492553281467702379e-02 3.834752549386812037e-02 1.588640000000000052e-01 2.673361684671676439e-02 1.492553281467702553e-02 2.673361684671675745e-02 1.607999999999999985e-01
1.754039999999999766e-01 3.911272159679255594e-02 1.841522995992440556e-02 3.911272159679255594e-02 1.588640000000000052e-01 3.313161317895439717e-02 1.841522995992440903e-02 3.313161317895439023e-02 1.607999999999999985e-01
1.754039999999999766e-01 5.254691255603613498e-02 2.337043300263029130e-02 5.254691255603613498e-02 1.588640000000000052e-01 3.915291502115070266e-02 2.337043300263029477e-02 3.915291502115069572e-02 1.607999999999999985e-01
1.754039999999999766e-01 5.818743247275821873e-02 2.743619948253698745e-02 5.818743247275821873e-02 1.588640000000000052e-01 4.151337212020023149e-02 2.743619948253699439e-02 4.151337212020022455e-02 1.607999999999999985e-01
1.754039999999999766e-01 6.832639661056670588e-02 3.017104983466051618e-02 6.832639661056670588e-02 1.588640000000000052e-01 4.980860798517686150e-02 3.017104983466051965e-02 4.980860798517684762e-02 1.607999999999999985e-01
1.754039999999999766e-01 7.353125255764099422e-02 3.383038324513408523e-02 7.353125255764099422e-02 1.588640000000000052e-01 5.202669625662234565e-02 3.383038324513409217e-02 5.202669625662233177e-02 1.607999999999999985e-01
1.754039999999999766e-01 8.162364896136785342e-02 3.839313671165878183e-02 8.162364896136785342e-02 1.588640000000000052e-01 5.911304888212311898e-02 3.839313671165878877e-02 5.911304888212309816e-02 1.607999999999999985e-01
1.754039999999999766e-01 8.670225785796249751e-02 4.140284568136781695e-02 8.670225785796249751e-02 1.588640000000000052e-01 6.184534668891139564e-02 4.140284568136782389e-02 6.184534668891137482e-02 1.607999999999999985e-01
1.754039999999999766e-01 9.274799320209989317e-02 4.401566987357670435e-02 9.274799320209989317e-02 1.588640000000000052e-01 7.264042610114820886e-02 4.401566987357671823e-02 7.264042610114818110e-02 1.607999999999999985e-01
1.754039999999999766e-01 1.051328731066417527e-01 4.733504803502098374e-02 1.051328731066417527e-01 1.588640000000000052e-01 7.626616031435982934e-02 4.733504803502099068e-02 7.626616031435980159e-02 1.607999999999999985e-01
1.754039999999999766e-01 1.125976087017679234e-01 5.281360681044607042e-02 1.125976087017679234e-01 1.588640000000000052e-01 8.058458443175746388e-02 5.281360681044608429e-02 8.058458443175745001e-02 1.607999999999999985e-01
1.754039999999999766e-01 1.176869277977123512e-01 5.508880663374961240e-02 1.176869277977123512e-01 1.588640000000000052e-01 8.702443321073492777e-02 5.508880663374961933e-02 8.702443321073490001e-02 1.607999999999999985e-01
1.754039999999999766e-01 1.300390503057879121e-01 5.874206139706517754e-02 1.300390503057879121e-01 1.588640000000000052e-01 9.168015890240817367e-02 5.874206139706519142e-02 9.168015890240814592e-02 1.607999999999999985e-01
1.754039999999999766e-01 1.308136345742154372e-01 6.327826771099284708e-02 1.308136345742154372e-01 1.588640000000000052e-01 9.669068592650881255e-02 6.327826771099286096e-02 9.669068592650878480e-02 1.607999999999999985e-01
1.754039999999999766e-01 1.415846397317646888e-01 6.697805408098467250e-02 1.415846397317646888e-01 1.588640000000000052e-01 1.027663566000477924e-01 6.697805408098468638e-02 1.027663566000477646e-01 1.607999999999999985e-01
1.754039999999999766e-01 1.458159999999999734e-01 6.863999999999999269e-02 1.458159999999999734e-01 1.588640000000000052e-01 1.065600000000000158e-01 6.864000000000000656e-02 1.065599999999999881e-01 1.607999999999999985e-01
c: 
2.790999999999999925e+00
1.542000000000000037e+00
2.579000000000000181e+00
