CDF: 
1.900000000000000022e-01 4.500000000000000111e-01 5.100000000000000089e-01 1.000000000000000000e+00
2.099999999999999922e-01 4.699999999999999734e-01 5.699999999999999512e-01 1.000000000000000000e+00
4.199999999999999845e-01 4.600000000000000200e-01 7.900000000000000355e-01 1.000000000000000000e+00
sigma: 
2.128440000000000054e-01 1.137823351969495913e-03 4.646874478699694090e-03 1.137823351969495696e-03 2.054039999999999477e-01 2.602486073397405116e-03 4.646874478699693223e-03 2.602486073397405116e-03 1.421310000000000073e-01
2.128440000000000054e-01 1.718560164955195910e-02 1.140072806235096700e-02 1.718560164955195563e-02 2.054039999999999477e-01 8.246581587920786063e-03 1.140072806235096527e-02 8.246581587920786063e-03 1.421310000000000073e-01
2.128440000000000054e-01 2.702122235452893498e-02 1.784705038476877559e-02 2.702122235452893151e-02 2.054039999999999477e-01 1.853296428032136581e-02 1.784705038476877212e-02 1.853296428032136581e-02 1.421310000000000073e-01
2.128440000000000054e-01 3.677277598965623950e-02 2.368063188887730222e-02 3.677277598965623256e-02 2.054039999999999477e-01 2.498438681057175634e-02 2.368063188887729875e-02 2.498438681057175634e-02 1.421310000000000073e-01
2.128440000000000054e-01 4.600941664771636408e-02 3.097975447745924746e-02 4.600941664771635714e-02 2.054039999999999477e-01 2.854936798622235636e-02 3.097975447745924052e-02 2.854936798622235636e-02 1.421310000000000073e-01
2.128440000000000054e-01 5.428684071589026661e-02 3.682316681249953039e-02 5.428684071589025967e-02 2.054039999999999477e-01 3.964148456273090121e-02 3.682316681249952345e-02 3.964148456273090121e-02 1.421310000000000073e-01
2.128440000000000054e-01 6.311894118423370947e-02 4.211511106542958904e-02 6.311894118423369560e-02 2.054039999999999477e-01 4.732075327117498537e-02 4.211511106542958210e-02 4.732075327117498537e-02 1.421310000000000073e-01
2.128440000000000054e-01 7.451768217322414511e-02 5.300920629126653488e-02 7.451768217322413124e-02 2.054039999999999477e-01 5.216956716499743935e-02 5.300920629126652101e-02 5.216956716499743935e-02 1.421310000000000073e-01
2.128440000000000054e-01 9.239655678606506495e-02 5.952676636923542874e-02 9.239655678606505107e-02 2.054039999999999477e-01 6.062239964785137714e-02 5.952676636923541487e-02 6.062239964785137714e-02 1.421310000000000073e-01
2.128440000000000054e-01 9.427705709821859736e-02 6.810447781522795119e-02 9.427705709821858349e-02 2.054039999999999477e-01 6.840510514535706743e-02 6.810447781522793731e-02 6.840510514535706743e-02 1.421310000000000073e-01
2.128440000000000054e-01 1.027876775538131005e-01 7.330434003309560520e-02 1.027876775538130866e-01 2.054039999999999477e-01 7.297108998242426980e-02 7.330434003309559132e-02 7.297108998242426980e-02 1.421310000000000073e-01
2.128440000000000054e-01 1.213565810621399649e-01 7.883509631191620848e-02 1.213565810621399510e-01 2.054039999999999477e-01 7.736735062489091819e-02 7.883509631191619460e-02 7.736735062489091819e-02 1.421310000000000073e-01
2.128440000000000054e-01 1.275608167265733783e-01 8.709513454534099919e-02 1.275608167265733506e-01 2.054039999999999477e-01 8.651337333916676864e-02 8.709513454534098531e-02 8.651337333916676864e-02 1.421310000000000073e-01
2.128440000000000054e-01 1.364509177326408973e-01 9.612425706846505769e-02 1.364509177326408695e-01 2.054039999999999477e-01 9.238625991414059491e-02 9.612425706846504381e-02 9.238625991414059491e-02 1.421310000000000073e-01
2.128440000000000054e-01 1.462840832164896132e-01 9.881619624404999747e-02 1.462840832164895855e-01 2.054039999999999477e-01 1.011454298179893241e-01 9.881619624404996971e-02 1.011454298179893241e-01 1.421310000000000073e-01
2.128440000000000054e-01 1.635692714277930115e-01 1.093399668573427908e-01 1.635692714277930115e-01 2.054039999999999477e-01 1.059335351528909175e-01 1.093399668573427769e-01 1.059335351528909175e-01 1.421310000000000073e-01
2.128440000000000054e-01 1.678792125983151196e-01 1.147011678774196158e-01 1.678792125983150918e-01 2.054039999999999477e-01 1.161181588976695073e-01 1.147011678774195881e-01 1.161181588976695073e-01 1.421310000000000073e-01
2.128440000000000054e-01 1.835996378552705033e-01 1.211118751232116014e-01 1.835996378552704755e-01 2.054039999999999477e-01 1.265393619857425600e-01 1.211118751232115737e-01 1.265393619857425600e-01 1.421310000000000073e-01
2.128440000000000054e-01 1.942343470070149736e-01 1.277031351725484432e-01 1.942343470070149458e-01 2.054039999999999477e-01 1.308638744335447746e-01 1.277031351725484154e-01 1.308638744335447746e-01 1.421310000000000073e-01
2.128440000000000054e-01 1.950759999999999994e-01 1.319580000000000197e-01 1.950759999999999716e-01 2.054039999999999477e-01 1.335819999999999785e-01 1.319579999999999920e-01 1.335819999999999785e-01 1.421310000000000073e-01
c: 
1.991000000000000103e+00
1.245999999999999996e+00
1.752999999999999892e+00
