CDF: 
1.900000000000000022e-01 4.799999999999999822e-01 5.999999999999999778e-01 1.000000000000000000e+00
1.400000000000000133e-01 2.300000000000000100e-01 2.399999999999999911e-01 1.000000000000000000e+00
3.400000000000000244e-01 6.300000000000000044e-01 7.099999999999999645e-01 1.000000000000000000e+00
sigma: 
1.747640000000000304e-01 5.293538372277657028e-03 7.497473841407209690e-03 5.293538372277657028e-03 1.536760000000000070e-01 3.221609929825864152e-03 7.497473841407209690e-03 3.221609929825863718e-03 1.699999999999999845e-01
1.747640000000000304e-01 8.729821896277611612e-03 1.452584952410528388e-02 8.729821896277609877e-03 1.536760000000000070e-01 6.114336895213851562e-03 1.452584952410528388e-02 6.114336895213849828e-03 1.699999999999999845e-01
1.747640000000000304e-01 1.188055987132709268e-02 2.012244808149434711e-02 1.188055987132709095e-02 1.536760000000000070e-01 9.851424577224494883e-03 2.012244808149434711e-02 9.851424577224493148e-03 1.699999999999999845e-01
1.747640000000000304e-01 1.658958191712403898e-02 3.088858528771694714e-02 1.658958191712403898e-02 1.536760000000000070e-01 1.583640950614914264e-02 3.088858528771694714e-02 1.583640950614914264e-02 1.699999999999999845e-01
1.747640000000000304e-01 2.440728427249477459e-02 3.886364916298317568e-02 2.440728427249477112e-02 1.536760000000000070e-01 1.802135569566603798e-02 3.886364916298317568e-02 1.802135569566603451e-02 1.699999999999999845e-01
1.747640000000000304e-01 3.145452341478629371e-02 4.300903730685538828e-02 3.145452341478628677e-02 1.536760000000000070e-01 2.530320160632340554e-02 4.300903730685538828e-02 2.530320160632340207e-02 1.699999999999999845e-01
1.747640000000000304e-01 3.635611835127434965e-02 5.315349549843154109e-02 3.635611835127434271e-02 1.536760000000000070e-01 2.837594312423107404e-02 5.315349549843154109e-02 2.837594312423106710e-02 1.699999999999999845e-01
1.747640000000000304e-01 3.954181785593623849e-02 5.879014217060350017e-02 3.954181785593623155e-02 1.536760000000000070e-01 3.155321107344689902e-02 5.879014217060350017e-02 3.155321107344689902e-02 1.699999999999999845e-01
1.747640000000000304e-01 4.432270926641396214e-02 7.093125999967039852e-02 4.432270926641395520e-02 1.536760000000000070e-01 3.775608842873184878e-02 7.093125999967039852e-02 3.775608842873184184e-02 1.699999999999999845e-01
1.747640000000000304e-01 5.198967332623188192e-02 7.281987655010770111e-02 5.198967332623187498e-02 1.536760000000000070e-01 4.027774766180238636e-02 7.281987655010770111e-02 4.027774766180237942e-02 1.699999999999999845e-01
1.747640000000000304e-01 5.723084975705532151e-02 8.391256675463365511e-02 5.723084975705530764e-02 1.536760000000000070e-01 4.789207605791553218e-02 8.391256675463365511e-02 4.789207605791551831e-02 1.699999999999999845e-01
1.747640000000000304e-01 5.993219838289245982e-02 9.400234951977493036e-02 5.993219838289245288e-02 1.536760000000000070e-01 5.070762788306718005e-02 9.400234951977493036e-02 5.070762788306717311e-02 1.699999999999999845e-01
1.747640000000000304e-01 6.506894777849302203e-02 9.686515401826599481e-02 6.506894777849302203e-02 1.536760000000000070e-01 5.244557233974690008e-02 9.686515401826599481e-02 5.244557233974689314e-02 1.699999999999999845e-01
1.747640000000000304e-01 7.186975899071262885e-02 1.072026004905385355e-01 7.186975899071261498e-02 1.536760000000000070e-01 5.883939752941085705e-02 1.072026004905385355e-01 5.883939752941085011e-02 1.699999999999999845e-01
1.747640000000000304e-01 8.043082101271659123e-02 1.152277820143386422e-01 8.043082101271659123e-02 1.536760000000000070e-01 6.339121550319512521e-02 1.152277820143386422e-01 6.339121550319512521e-02 1.699999999999999845e-01
1.747640000000000304e-01 8.406547875230786782e-02 1.263909927897644836e-01 8.406547875230785394e-02 1.536760000000000070e-01 6.894251485464633622e-02 1.263909927897644836e-01 6.894251485464632234e-02 1.699999999999999845e-01
1.747640000000000304e-01 9.053140525994717025e-02 1.310640526390368932e-01 9.053140525994715637e-02 1.536760000000000070e-01 7.263930658311820721e-02 1.310640526390368932e-01 7.263930658311820721e-02 1.699999999999999845e-01
1.747640000000000304e-01 9.231642369028221495e-02 1.375906454472293761e-01 9.231642369028220108e-02 1.536760000000000070e-01 7.541335592207942806e-02 1.375906454472293761e-01 7.541335592207941418e-02 1.699999999999999845e-01
1.747640000000000304e-01 9.751812851731432585e-02 1.487838559718239195e-01 9.751812851731431198e-02 1.536760000000000070e-01 8.034913625114541158e-02 1.487838559718239195e-01 8.034913625114539770e-02 1.699999999999999845e-01
1.747640000000000304e-01 1.027080000000000076e-01 1.509199999999999986e-01 1.027079999999999937e-01 1.536760000000000070e-01 8.284000000000001085e-02 1.509199999999999986e-01 8.283999999999999697e-02 1.699999999999999845e-01
c: 
2.104999999999999982e+00
1.808000000000000052e+00
1.762000000000000011e+00
