CDF: 
2.000000000000000111e-01 4.600000000000000200e-01 9.399999999999999467e-01 1.000000000000000000e+00
3.400000000000000244e-01 3.499999999999999778e-01 8.900000000000000133e-01 1.000000000000000000e+00
1.499999999999999944e-01 7.099999999999999645e-01 7.399999999999999911e-01 1.000000000000000000e+00
sigma: 
5.478399999999999243e-02 6.490145484767408622e-04 2.399101308300294853e-03 6.490145484767408622e-04 8.921600000000000363e-02 3.800286199780776933e-03 2.399101308300294853e-03 3.800286199780777367e-03 1.397439999999999793e-01
5.478399999999999243e-02 5.190059655265192272e-03 5.113223358158026748e-03 5.190059655265192272e-03 8.921600000000000363e-02 5.041911933163206912e-03 5.113223358158026748e-03 5.041911933163207779e-03 1.397439999999999793e-01
5.478399999999999243e-02 7.652875189929844377e-03 8.302055088458066417e-03 7.652875189929844377e-03 8.921600000000000363e-02 1.051788746237021337e-02 8.302055088458066417e-03 1.051788746237021510e-02 1.397439999999999793e-01
5.478399999999999243e-02 1.037080415395891242e-02 1.180074647481369962e-02 1.037080415395891242e-02 8.921600000000000363e-02 1.557568619498671952e-02 1.180074647481369962e-02 1.557568619498672126e-02 1.397439999999999793e-01
5.478399999999999243e-02 1.293920371100332201e-02 1.428453551272139757e-02 1.293920371100332201e-02 8.921600000000000363e-02 2.052226844821775087e-02 1.428453551272139757e-02 2.052226844821775434e-02 1.397439999999999793e-01
5.478399999999999243e-02 1.597024335053460337e-02 1.758372837237360056e-02 1.597024335053460337e-02 8.921600000000000363e-02 2.401275806189931070e-02 1.758372837237360056e-02 2.401275806189931417e-02 1.397439999999999793e-01
5.478399999999999243e-02 1.984319215073159295e-02 2.014170643959532769e-02 1.984319215073159295e-02 8.921600000000000363e-02 2.710480496695435657e-02 2.014170643959532769e-02 2.710480496695436350e-02 1.397439999999999793e-01
5.478399999999999243e-02 2.300714446084813070e-02 2.283764273335423672e-02 2.300714446084813070e-02 8.921600000000000363e-02 2.922998470813094329e-02 2.283764273335423672e-02 2.922998470813094676e-02 1.397439999999999793e-01
5.478399999999999243e-02 2.588742543679248623e-02 2.625010459491219222e-02 2.588742543679248623e-02 8.921600000000000363e-02 3.602878340387082740e-02 2.625010459491219222e-02 3.602878340387083433e-02 1.397439999999999793e-01
5.478399999999999243e-02 2.902407572813006653e-02 2.818394747169165188e-02 2.902407572813006653e-02 8.921600000000000363e-02 4.026336179231115170e-02 2.818394747169165188e-02 4.026336179231115864e-02 1.397439999999999793e-01
5.478399999999999243e-02 3.094864031324119635e-02 3.292031345551456323e-02 3.094864031324119635e-02 8.921600000000000363e-02 4.362420850366793834e-02 3.292031345551456323e-02 4.362420850366794528e-02 1.397439999999999793e-01
5.478399999999999243e-02 3.410994439251086724e-02 3.466672699842011235e-02 3.410994439251086724e-02 8.921600000000000363e-02 4.651921057550897215e-02 3.466672699842011235e-02 4.651921057550897909e-02 1.397439999999999793e-01
5.478399999999999243e-02 3.919571391408695898e-02 3.898898671542740113e-02 3.919571391408695898e-02 8.921600000000000363e-02 5.175237893457504401e-02 3.898898671542740113e-02 5.175237893457505789e-02 1.397439999999999793e-01
5.478399999999999243e-02 4.243476149868311009e-02 4.186825092587657948e-02 4.243476149868311009e-02 8.921600000000000363e-02 5.462994359248429799e-02 4.186825092587657948e-02 5.462994359248430493e-02 1.397439999999999793e-01
5.478399999999999243e-02 4.387248228185795101e-02 4.364609514014408664e-02 4.387248228185795101e-02 8.921600000000000363e-02 6.107994996551063122e-02 4.364609514014408664e-02 6.107994996551064509e-02 1.397439999999999793e-01
5.478399999999999243e-02 4.848897376754166683e-02 4.725861822476638135e-02 4.848897376754166683e-02 8.921600000000000363e-02 6.378755576104888636e-02 4.725861822476638135e-02 6.378755576104888636e-02 1.397439999999999793e-01
5.478399999999999243e-02 5.119983793248419207e-02 4.960977107720920820e-02 5.119983793248419207e-02 8.921600000000000363e-02 6.628542044308463610e-02 4.960977107720920820e-02 6.628542044308464998e-02 1.397439999999999793e-01
5.478399999999999243e-02 5.404561007945200141e-02 5.510153294989347805e-02 5.404561007945200141e-02 8.921600000000000363e-02 7.021988468656779891e-02 5.510153294989347805e-02 7.021988468656781279e-02 1.397439999999999793e-01
5.478399999999999243e-02 5.559795815924661183e-02 5.790940421206289962e-02 5.559795815924661183e-02 8.921600000000000363e-02 7.622896245649947444e-02 5.790940421206289962e-02 7.622896245649948832e-02 1.397439999999999793e-01
5.478399999999999243e-02 5.828799999999999953e-02 5.846400000000000208e-02 5.828799999999999953e-02 8.921600000000000363e-02 7.804799999999999238e-02 5.846400000000000208e-02 7.804800000000000626e-02 1.397439999999999793e-01
c: 
1.901999999999999913e+00
1.080000000000000071e+00
2.782000000000000028e+00
