CDF: 
2.000000000000000111e-01 2.999999999999999889e-01 8.199999999999999512e-01 1.000000000000000000e+00
6.999999999999999556e-01 7.700000000000000178e-01 8.800000000000000044e-01 1.000000000000000000e+00
5.999999999999999778e-01 7.800000000000000266e-01 9.399999999999999467e-01 1.000000000000000000e+00
sigma: 
1.007359999999999783e-01 2.168708021411354554e-03 2.177835571713708420e-03 2.168708021411354554e-03 1.087160000000000071e-01 3.593213998100906227e-03 2.177835571713708420e-03 3.593213998100906227e-03 6.719999999999999585e-02
1.007359999999999783e-01 8.707439300268234733e-03 5.017812021765805271e-03 8.707439300268236468e-03 1.087160000000000071e-01 6.752875664788061602e-03 5.017812021765805271e-03 6.752875664788061602e-03 6.719999999999999585e-02
1.007359999999999783e-01 1.026361944782436426e-02 8.942497205509115574e-03 1.026361944782436600e-02 1.087160000000000071e-01 1.131368307394530447e-02 8.942497205509115574e-03 1.131368307394530447e-02 6.719999999999999585e-02
1.007359999999999783e-01 1.776725009518209664e-02 1.152543735306705772e-02 1.776725009518210011e-02 1.087160000000000071e-01 1.529880677541519546e-02 1.152543735306705772e-02 1.529880677541519546e-02 6.719999999999999585e-02
1.007359999999999783e-01 2.235825530149234894e-02 1.653761204399606041e-02 2.235825530149235241e-02 1.087160000000000071e-01 1.772613741840863011e-02 1.653761204399606041e-02 1.772613741840863011e-02 6.719999999999999585e-02
1.007359999999999783e-01 2.555032920396016830e-02 1.991106511126661954e-02 2.555032920396017176e-02 1.087160000000000071e-01 2.304085333298484806e-02 1.991106511126661954e-02 2.304085333298484806e-02 6.719999999999999585e-02
1.007359999999999783e-01 2.918577273322854257e-02 2.224938533340789157e-02 2.918577273322854951e-02 1.087160000000000071e-01 2.447225297689478718e-02 2.224938533340789157e-02 2.447225297689478718e-02 6.719999999999999585e-02
1.007359999999999783e-01 3.339708654393510473e-02 2.569667458941336108e-02 3.339708654393511167e-02 1.087160000000000071e-01 3.027790776380274301e-02 2.569667458941336108e-02 3.027790776380274301e-02 6.719999999999999585e-02
1.007359999999999783e-01 3.652342174477075931e-02 2.851116389972239984e-02 3.652342174477076625e-02 1.087160000000000071e-01 3.211018564674055636e-02 2.851116389972239984e-02 3.211018564674055636e-02 6.719999999999999585e-02
1.007359999999999783e-01 4.177014824104377522e-02 3.258890629406076267e-02 4.177014824104378216e-02 1.087160000000000071e-01 3.889752031790445763e-02 3.258890629406076267e-02 3.889752031790445763e-02 6.719999999999999585e-02
1.007359999999999783e-01 4.663563936260482767e-02 3.532727283442291949e-02 4.663563936260483461e-02 1.087160000000000071e-01 4.210039246088438658e-02 3.532727283442291949e-02 4.210039246088438658e-02 6.719999999999999585e-02
1.007359999999999783e-01 5.084771977631876577e-02 3.695225954950932812e-02 5.084771977631877271e-02 1.087160000000000071e-01 4.540095170383087742e-02 3.695225954950932812e-02 4.540095170383087742e-02 6.719999999999999585e-02
1.007359999999999783e-01 5.511322652694793101e-02 4.147446505987845145e-02 5.511322652694793794e-02 1.087160000000000071e-01 5.058693925329421637e-02 4.147446505987845145e-02 5.058693925329421637e-02 6.719999999999999585e-02
1.007359999999999783e-01 5.936036431139424252e-02 4.574640417643464907e-02 5.936036431139425640e-02 1.087160000000000071e-01 5.160741031018545311e-02 4.574640417643464907e-02 5.160741031018545311e-02 6.719999999999999585e-02
1.007359999999999783e-01 6.595765993690891338e-02 4.680606397473897895e-02 6.595765993690892726e-02 1.087160000000000071e-01 5.784694324380901254e-02 4.680606397473897895e-02 5.784694324380901254e-02 6.719999999999999585e-02
1.007359999999999783e-01 6.983125804837041206e-02 5.085869113707394695e-02 6.983125804837042594e-02 1.087160000000000071e-01 6.315167074722691232e-02 5.085869113707394695e-02 6.315167074722691232e-02 6.719999999999999585e-02
1.007359999999999783e-01 7.402459174383267670e-02 5.515527960431380883e-02 7.402459174383269058e-02 1.087160000000000071e-01 6.343637589959509604e-02 5.515527960431380883e-02 6.343637589959509604e-02 6.719999999999999585e-02
1.007359999999999783e-01 7.985474200415464130e-02 5.820045472518401569e-02 7.985474200415464130e-02 1.087160000000000071e-01 6.761907706003793261e-02 5.820045472518401569e-02 6.761907706003793261e-02 6.719999999999999585e-02
1.007359999999999783e-01 8.092362921109627627e-02 6.061510436067053809e-02 8.092362921109629015e-02 1.087160000000000071e-01 7.167331878254744326e-02 6.061510436067053809e-02 7.167331878254744326e-02 6.719999999999999585e-02
1.007359999999999783e-01 8.497599999999999598e-02 6.351999999999999313e-02 8.497600000000000986e-02 1.087160000000000071e-01 7.511999999999999234e-02 6.351999999999999313e-02 7.511999999999999234e-02 6.719999999999999585e-02
c: 
2.490000000000000213e+00
2.759999999999999787e+00
1.475999999999999979e+00
