CDF: 
1.000000000000000056e-01 4.799999999999999822e-01 5.799999999999999600e-01 1.000000000000000000e+00
3.599999999999999867e-01 8.199999999999999512e-01 8.399999999999999689e-01 1.000000000000000000e+00
2.500000000000000000e-01 5.200000000000000178e-01 7.199999999999999734e-01 1.000000000000000000e+00
sigma: 
1.946559999999999957e-01 2.576101516990941288e-03 6.141650561257395828e-03 2.576101516990941288e-03 1.214560000000000084e-01 2.779334480463454101e-05 6.141650561257395828e-03 2.779334480463454440e-05 1.660110000000000197e-01
1.946559999999999957e-01 8.831477401591014686e-03 8.155926648935071452e-03 8.831477401591014686e-03 1.214560000000000084e-01 8.362696462175387563e-03 8.155926648935071452e-03 8.362696462175389298e-03 1.660110000000000197e-01
1.946559999999999957e-01 1.302667280059501519e-02 1.649152952484456147e-02 1.302667280059501519e-02 1.214560000000000084e-01 1.609445183382151798e-02 1.649152952484456147e-02 1.609445183382152145e-02 1.660110000000000197e-01
1.946559999999999957e-01 1.642361520279877335e-02 2.473029591705809549e-02 1.642361520279877335e-02 1.214560000000000084e-01 2.036170374151222845e-02 2.473029591705809549e-02 2.036170374151223192e-02 1.660110000000000197e-01
1.946559999999999957e-01 2.241464410846177868e-02 3.339629737221367495e-02 2.241464410846177868e-02 1.214560000000000084e-01 2.356543212923698991e-02 3.339629737221367495e-02 2.356543212923699337e-02 1.660110000000000197e-01
1.946559999999999957e-01 2.802886780096257302e-02 4.262073273344159363e-02 2.802886780096257302e-02 1.214560000000000084e-01 3.189016551355172702e-02 4.262073273344159363e-02 3.189016551355172702e-02 1.660110000000000197e-01
1.946559999999999957e-01 3.202475439243294975e-02 4.966003279653542768e-02 3.202475439243294975e-02 1.214560000000000084e-01 3.548640671152111098e-02 4.966003279653542768e-02 3.548640671152111098e-02 1.660110000000000197e-01
1.946559999999999957e-01 3.515569316632530944e-02 5.650721272148935548e-02 3.515569316632530944e-02 1.214560000000000084e-01 4.268980352189958444e-02 5.650721272148935548e-02 4.268980352189959138e-02 1.660110000000000197e-01
1.946559999999999957e-01 4.294805601612448204e-02 7.181526281318259541e-02 4.294805601612448204e-02 1.214560000000000084e-01 4.718983925943255608e-02 7.181526281318259541e-02 4.718983925943256302e-02 1.660110000000000197e-01
1.946559999999999957e-01 4.737705651449795885e-02 7.617230344088939120e-02 4.737705651449795885e-02 1.214560000000000084e-01 5.216046442574325676e-02 7.617230344088939120e-02 5.216046442574326369e-02 1.660110000000000197e-01
1.946559999999999957e-01 4.846938122821561890e-02 8.756512442230234006e-02 4.846938122821561890e-02 1.214560000000000084e-01 5.938305921944668497e-02 8.756512442230234006e-02 5.938305921944669191e-02 1.660110000000000197e-01
1.946559999999999957e-01 5.607770768368722236e-02 9.049009478006755924e-02 5.607770768368722236e-02 1.214560000000000084e-01 6.572030275190389459e-02 9.049009478006755924e-02 6.572030275190389459e-02 1.660110000000000197e-01
1.946559999999999957e-01 5.974735292307832568e-02 9.804011544516888499e-02 5.974735292307832568e-02 1.214560000000000084e-01 6.706235283517755774e-02 9.804011544516888499e-02 6.706235283517757162e-02 1.660110000000000197e-01
1.946559999999999957e-01 6.381032386065595141e-02 1.112885249298071894e-01 6.381032386065595141e-02 1.214560000000000084e-01 7.340029132331177264e-02 1.112885249298071894e-01 7.340029132331178652e-02 1.660110000000000197e-01
1.946559999999999957e-01 6.936756726085198388e-02 1.182857124980353780e-01 6.936756726085198388e-02 1.214560000000000084e-01 8.250460854354019213e-02 1.182857124980353780e-01 8.250460854354020601e-02 1.660110000000000197e-01
1.946559999999999957e-01 7.528397087731117376e-02 1.205479022831894703e-01 7.528397087731117376e-02 1.214560000000000084e-01 8.501490998653653264e-02 1.205479022831894703e-01 8.501490998653654652e-02 1.660110000000000197e-01
1.946559999999999957e-01 7.898639878573819606e-02 1.339192058955040454e-01 7.898639878573819606e-02 1.214560000000000084e-01 9.193485516876179209e-02 1.339192058955040454e-01 9.193485516876180597e-02 1.660110000000000197e-01
1.946559999999999957e-01 8.506124703155960864e-02 1.383892338961476287e-01 8.506124703155960864e-02 1.214560000000000084e-01 9.796342613792059784e-02 1.383892338961476287e-01 9.796342613792061171e-02 1.660110000000000197e-01
1.946559999999999957e-01 8.974519699877893386e-02 1.459819130446626811e-01 8.974519699877893386e-02 1.214560000000000084e-01 1.003764888939797234e-01 1.459819130446626811e-01 1.003764888939797373e-01 1.660110000000000197e-01
1.946559999999999957e-01 9.074400000000000521e-02 1.518039999999999945e-01 9.074400000000000521e-02 1.214560000000000084e-01 1.057960000000000012e-01 1.518039999999999945e-01 1.057960000000000150e-01 1.660110000000000197e-01
c: 
2.225000000000000089e+00
1.399000000000000021e+00
2.388999999999999790e+00
