CDF: 
1.700000000000000122e-01 2.899999999999999800e-01 3.900000000000000133e-01 1.000000000000000000e+00
3.599999999999999867e-01 4.000000000000000222e-01 4.600000000000000200e-01 1.000000000000000000e+00
2.700000000000000178e-01 5.300000000000000266e-01 7.600000000000000089e-01 1.000000000000000000e+00
sigma: 
1.765240000000000142e-01 2.957260069168588142e-03 3.789593756716665737e-04 2.957260069168587708e-03 2.240159999999999929e-01 3.735886776443500968e-03 3.789593756716665737e-04 3.735886776443500101e-03 1.397440000000000071e-01
1.765240000000000142e-01 1.571507019433839372e-02 8.528909118344021531e-03 1.571507019433839372e-02 2.240159999999999929e-01 8.412977717281420326e-03 8.528909118344021531e-03 8.412977717281418591e-03 1.397440000000000071e-01
1.765240000000000142e-01 2.426544938484549371e-02 1.356196171530694473e-02 2.426544938484549024e-02 2.240159999999999929e-01 1.662290184220508241e-02 1.356196171530694473e-02 1.662290184220507894e-02 1.397440000000000071e-01
1.765240000000000142e-01 2.978320121902987283e-02 2.109014710737291617e-02 2.978320121902986936e-02 2.240159999999999929e-01 2.563731178898637220e-02 2.109014710737291617e-02 2.563731178898636873e-02 1.397440000000000071e-01
1.765240000000000142e-01 4.000727109431345685e-02 2.336767407712086325e-02 4.000727109431344991e-02 2.240159999999999929e-01 2.877020364770724661e-02 2.336767407712086325e-02 2.877020364770723967e-02 1.397440000000000071e-01
1.765240000000000142e-01 5.421589163714854442e-02 3.176677384166419482e-02 5.421589163714853749e-02 2.240159999999999929e-01 3.643244122188678269e-02 3.176677384166419482e-02 3.643244122188677575e-02 1.397440000000000071e-01
1.765240000000000142e-01 6.403644858852189370e-02 3.684356935899343183e-02 6.403644858852187982e-02 2.240159999999999929e-01 4.658015298775711188e-02 3.684356935899343183e-02 4.658015298775709800e-02 1.397440000000000071e-01
1.765240000000000142e-01 7.394814801816243510e-02 4.483895143389091120e-02 7.394814801816242122e-02 2.240159999999999929e-01 5.099030120142059030e-02 4.483895143389091120e-02 5.099030120142058337e-02 1.397440000000000071e-01
1.765240000000000142e-01 8.633734651459826215e-02 5.178718915628125613e-02 8.633734651459824827e-02 2.240159999999999929e-01 5.732088564706455669e-02 5.178718915628125613e-02 5.732088564706454281e-02 1.397440000000000071e-01
1.765240000000000142e-01 9.527828687372712213e-02 5.781922214450187919e-02 9.527828687372710825e-02 2.240159999999999929e-01 6.834078519890481040e-02 5.781922214450187919e-02 6.834078519890479653e-02 1.397440000000000071e-01
1.765240000000000142e-01 1.033447533081122832e-01 5.938065051270213085e-02 1.033447533081122693e-01 2.240159999999999929e-01 7.474806506711459408e-02 5.938065051270213085e-02 7.474806506711458021e-02 1.397440000000000071e-01
1.765240000000000142e-01 1.147453665575632609e-01 6.497693569792895030e-02 1.147453665575632331e-01 2.240159999999999929e-01 7.853309168796723805e-02 6.497693569792895030e-02 7.853309168796722417e-02 1.397440000000000071e-01
1.765240000000000142e-01 1.232958120847912065e-01 7.064588093134291369e-02 1.232958120847911926e-01 2.240159999999999929e-01 8.741032515396242319e-02 7.064588093134291369e-02 8.741032515396239544e-02 1.397440000000000071e-01
1.765240000000000142e-01 1.292617807184260337e-01 7.856743195535935420e-02 1.292617807184260059e-01 2.240159999999999929e-01 9.603596480358177201e-02 7.856743195535935420e-02 9.603596480358175813e-02 1.397440000000000071e-01
1.765240000000000142e-01 1.403610319374677950e-01 8.613524222893188809e-02 1.403610319374677673e-01 2.240159999999999929e-01 9.851294102897399652e-02 8.613524222893188809e-02 9.851294102897396876e-02 1.397440000000000071e-01
1.765240000000000142e-01 1.460580891999706810e-01 8.926251889359079761e-02 1.460580891999706532e-01 2.240159999999999929e-01 1.110424586889946219e-01 8.926251889359079761e-02 1.110424586889945942e-01 1.397440000000000071e-01
1.765240000000000142e-01 1.541997187952876824e-01 9.759882909806882889e-02 1.541997187952876547e-01 2.240159999999999929e-01 1.155323526949380147e-01 9.759882909806882889e-02 1.155323526949379870e-01 1.397440000000000071e-01
1.765240000000000142e-01 1.690274246283271775e-01 1.018508352014684260e-01 1.690274246283271498e-01 2.240159999999999929e-01 1.190373744855832000e-01 1.018508352014684260e-01 1.190373744855831722e-01 1.397440000000000071e-01
1.765240000000000142e-01 1.781776683509106729e-01 1.053149510035162884e-01 1.781776683509106451e-01 2.240159999999999929e-01 1.297626328972595888e-01 1.053149510035162884e-01 1.297626328972595611e-01 1.397440000000000071e-01
1.765240000000000142e-01 1.828720000000000345e-01 1.099839999999999984e-01 1.828720000000000068e-01 2.240159999999999929e-01 1.327520000000000366e-01 1.099839999999999984e-01 1.327520000000000089e-01 1.397440000000000071e-01
c: 
2.995999999999999996e+00
1.909999999999999920e+00
1.631999999999999895e+00
