CDF: 
5.899999999999999689e-01 6.300000000000000044e-01 6.700000000000000400e-01 1.000000000000000000e+00
1.100000000000000006e-01 3.499999999999999778e-01 5.500000000000000444e-01 1.000000000000000000e+00
1.700000000000000122e-01 2.800000000000000266e-01 3.200000000000000067e-01 1.000000000000000000e+00
sigma: 
2.126840000000000397e-01 1.875105526659318978e-03 1.253176805598399998e-03 1.875105526659318978e-03 1.575159999999999894e-01 4.553782928096662165e-03 1.253176805598400214e-03 4.553782928096660430e-03 1.752760000000000151e-01
2.126840000000000397e-01 1.185138985816161332e-02 1.039341811678559657e-02 1.185138985816161332e-02 1.575159999999999894e-01 8.612836074337205244e-03 1.039341811678559657e-02 8.612836074337203510e-03 1.752760000000000151e-01
2.126840000000000397e-01 2.198341226686201244e-02 1.312588100190890603e-02 2.198341226686201244e-02 1.575159999999999894e-01 1.955466108694164235e-02 1.312588100190890776e-02 1.955466108694163888e-02 1.752760000000000151e-01
2.126840000000000397e-01 3.100204978702992761e-02 1.977626826815513314e-02 3.100204978702992761e-02 1.575159999999999894e-01 2.254057408848773522e-02 1.977626826815513661e-02 2.254057408848773175e-02 1.752760000000000151e-01
2.126840000000000397e-01 3.232678223333572409e-02 2.174737220995209483e-02 3.232678223333572409e-02 1.575159999999999894e-01 2.712102017403506329e-02 2.174737220995209830e-02 2.712102017403505635e-02 1.752760000000000151e-01
2.126840000000000397e-01 4.546133401127230161e-02 2.847494459756912122e-02 4.546133401127230161e-02 1.575159999999999894e-01 3.560452264836017067e-02 2.847494459756912469e-02 3.560452264836016373e-02 1.752760000000000151e-01
2.126840000000000397e-01 4.858588188634539035e-02 3.220933308237494685e-02 4.858588188634539035e-02 1.575159999999999894e-01 4.362808051082472244e-02 3.220933308237495379e-02 4.362808051082471550e-02 1.752760000000000151e-01
2.126840000000000397e-01 5.545231148934821191e-02 3.847605796531318456e-02 5.545231148934821191e-02 1.575159999999999894e-01 4.829248726829205030e-02 3.847605796531319150e-02 4.829248726829204336e-02 1.752760000000000151e-01
2.126840000000000397e-01 6.979600921874529185e-02 4.597479816964943761e-02 6.979600921874529185e-02 1.575159999999999894e-01 6.046193232339435591e-02 4.597479816964943761e-02 6.046193232339434204e-02 1.752760000000000151e-01
2.126840000000000397e-01 7.107626941218293803e-02 4.838289278228198598e-02 7.107626941218293803e-02 1.575159999999999894e-01 6.418150758377025311e-02 4.838289278228199292e-02 6.418150758377023923e-02 1.752760000000000151e-01
2.126840000000000397e-01 8.354021711417961016e-02 5.679380164359291994e-02 8.354021711417961016e-02 1.575159999999999894e-01 7.210178086602962721e-02 5.679380164359292688e-02 7.210178086602961334e-02 1.752760000000000151e-01
2.126840000000000397e-01 9.038294860116710683e-02 5.856036751821346725e-02 9.038294860116710683e-02 1.575159999999999894e-01 7.677795896243919116e-02 5.856036751821348113e-02 7.677795896243917728e-02 1.752760000000000151e-01
2.126840000000000397e-01 9.877995363063341028e-02 6.483739640734115239e-02 9.877995363063341028e-02 1.575159999999999894e-01 8.620314049148128377e-02 6.483739640734116627e-02 8.620314049148125601e-02 1.752760000000000151e-01
2.126840000000000397e-01 1.028268908734553122e-01 7.013898691055223122e-02 1.028268908734553122e-01 1.575159999999999894e-01 8.859065718426140101e-02 7.013898691055224510e-02 8.859065718426137326e-02 1.752760000000000151e-01
2.126840000000000397e-01 1.145243463119508809e-01 7.621240303224702251e-02 1.145243463119508809e-01 1.575159999999999894e-01 1.006635120526187810e-01 7.621240303224703638e-02 1.006635120526187671e-01 1.752760000000000151e-01
2.126840000000000397e-01 1.224461993663147064e-01 8.291874518427247431e-02 1.224461993663147064e-01 1.575159999999999894e-01 1.078316816679554258e-01 8.291874518427248819e-02 1.078316816679553980e-01 1.752760000000000151e-01
2.126840000000000397e-01 1.328074700873023706e-01 8.488390260986555802e-02 1.328074700873023706e-01 1.575159999999999894e-01 1.132931971215700578e-01 8.488390260986557190e-02 1.132931971215700301e-01 1.752760000000000151e-01
2.126840000000000397e-01 1.353100734481005873e-01 9.042822083929176469e-02 1.353100734481005873e-01 1.575159999999999894e-01 1.210920427000111432e-01 9.042822083929177857e-02 1.210920427000111155e-01 1.752760000000000151e-01
2.126840000000000397e-01 1.432467416854592002e-01 9.477036980412995026e-02 1.432467416854592002e-01 1.575159999999999894e-01 1.252119805616689896e-01 9.477036980412996414e-02 1.252119805616689618e-01 1.752760000000000151e-01
2.126840000000000397e-01 1.493880000000000208e-01 9.982799999999998619e-02 1.493880000000000208e-01 1.575159999999999894e-01 1.285960000000000159e-01 9.982800000000000007e-02 1.285959999999999881e-01 1.752760000000000151e-01
c: 
2.494000000000000217e+00
2.282999999999999918e+00
2.587000000000000188e+00
