CDF: 
4.600000000000000200e-01 5.500000000000000444e-01 6.400000000000000133e-01 1.000000000000000000e+00
8.000000000000000167e-02 5.300000000000000266e-01 6.999999999999999556e-01 1.000000000000000000e+00
1.799999999999999933e-01 2.600000000000000089e-01 2.899999999999999800e-01 1.000000000000000000e+00
sigma: 
2.121840000000000392e-01 8.806139077370617879e-03 5.134274457506973147e-04 8.806139077370617879e-03 1.629840000000000177e-01 3.761211048492078823e-03 5.134274457506973147e-04 3.761211048492078823e-03 1.849709999999999965e-01
2.121840000000000392e-01 1.220758630638868643e-02 8.678042097843383096e-03 1.220758630638868643e-02 1.629840000000000177e-01 6.681394920886177431e-03 8.678042097843383096e-03 6.681394920886177431e-03 1.849709999999999965e-01
2.121840000000000392e-01 2.018220413427989149e-02 1.486767277274566972e-02 2.018220413427989149e-02 1.629840000000000177e-01 1.267511653622322224e-02 1.486767277274566972e-02 1.267511653622322224e-02 1.849709999999999965e-01
2.121840000000000392e-01 3.435385631482811702e-02 2.000163169215857240e-02 3.435385631482811702e-02 1.629840000000000177e-01 1.506616943465072592e-02 2.000163169215857240e-02 1.506616943465072592e-02 1.849709999999999965e-01
2.121840000000000392e-01 4.111028508375209889e-02 2.405590811687958672e-02 4.111028508375209889e-02 1.629840000000000177e-01 2.000113687797721099e-02 2.405590811687958672e-02 2.000113687797721099e-02 1.849709999999999965e-01
2.121840000000000392e-01 5.223733085000012433e-02 2.852658338309946653e-02 5.223733085000012433e-02 1.629840000000000177e-01 2.543029500081375391e-02 2.852658338309946653e-02 2.543029500081375391e-02 1.849709999999999965e-01
2.121840000000000392e-01 5.422704013913194621e-02 3.484122349566332738e-02 5.422704013913194621e-02 1.629840000000000177e-01 2.878525845984808082e-02 3.484122349566332738e-02 2.878525845984808082e-02 1.849709999999999965e-01
2.121840000000000392e-01 7.045494369401868184e-02 4.172088315624053467e-02 7.045494369401868184e-02 1.629840000000000177e-01 3.713218530925461308e-02 4.172088315624053467e-02 3.713218530925461308e-02 1.849709999999999965e-01
2.121840000000000392e-01 7.583321406741241888e-02 4.876649938059628847e-02 7.583321406741241888e-02 1.629840000000000177e-01 3.951871394719508324e-02 4.876649938059628847e-02 3.951871394719508324e-02 1.849709999999999965e-01
2.121840000000000392e-01 8.954787746846205876e-02 5.463489593293924251e-02 8.954787746846205876e-02 1.629840000000000177e-01 4.388572707862040123e-02 5.463489593293924251e-02 4.388572707862040123e-02 1.849709999999999965e-01
2.121840000000000392e-01 9.254586780163309712e-02 5.943275938204478637e-02 9.254586780163309712e-02 1.629840000000000177e-01 4.782013887028756238e-02 5.943275938204478637e-02 4.782013887028756238e-02 1.849709999999999965e-01
2.121840000000000392e-01 1.057791130257233203e-01 6.718772244716640640e-02 1.057791130257233203e-01 1.629840000000000177e-01 5.521632264713182553e-02 6.718772244716640640e-02 5.521632264713182553e-02 1.849709999999999965e-01
2.121840000000000392e-01 1.166854626086574614e-01 7.159712236425404275e-02 1.166854626086574614e-01 1.629840000000000177e-01 5.765626484026532134e-02 7.159712236425404275e-02 5.765626484026532134e-02 1.849709999999999965e-01
2.121840000000000392e-01 1.215954437939159027e-01 7.904853847129235389e-02 1.215954437939159027e-01 1.629840000000000177e-01 6.143646749004792046e-02 7.904853847129235389e-02 6.143646749004792046e-02 1.849709999999999965e-01
2.121840000000000392e-01 1.290246560819494626e-01 8.477898824424756619e-02 1.290246560819494626e-01 1.629840000000000177e-01 6.920461694073939962e-02 8.477898824424756619e-02 6.920461694073939962e-02 1.849709999999999965e-01
2.121840000000000392e-01 1.366801770963147478e-01 8.970838947775973404e-02 1.366801770963147478e-01 1.629840000000000177e-01 7.472488233431820448e-02 8.970838947775973404e-02 7.472488233431820448e-02 1.849709999999999965e-01
2.121840000000000392e-01 1.514340106178485301e-01 9.561222552496337346e-02 1.514340106178485301e-01 1.629840000000000177e-01 7.519961642218521425e-02 9.561222552496337346e-02 7.519961642218521425e-02 1.849709999999999965e-01
2.121840000000000392e-01 1.599822778687136904e-01 9.904558441601356289e-02 1.599822778687136904e-01 1.629840000000000177e-01 8.077356557662938863e-02 9.904558441601356289e-02 8.077356557662938863e-02 1.849709999999999965e-01
2.121840000000000392e-01 1.648844486402848142e-01 1.043392764718685251e-01 1.648844486402848142e-01 1.629840000000000177e-01 8.835664956412667137e-02 1.043392764718685251e-01 8.835664956412667137e-02 1.849709999999999965e-01
2.121840000000000392e-01 1.705840000000000134e-01 1.081080000000000096e-01 1.705840000000000134e-01 1.629840000000000177e-01 8.880799999999999805e-02 1.081080000000000096e-01 8.880799999999999805e-02 1.849709999999999965e-01
c: 
1.731999999999999984e+00
1.919999999999999929e+00
2.575000000000000178e+00
