CDF: 
4.600000000000000200e-01 5.100000000000000089e-01 6.099999999999999867e-01 1.000000000000000000e+00
2.600000000000000089e-01 4.899999999999999911e-01 7.600000000000000089e-01 1.000000000000000000e+00
5.300000000000000266e-01 8.299999999999999600e-01 8.800000000000000044e-01 1.000000000000000000e+00
sigma: 
2.188749999999999862e-01 5.374418325962294213e-03 3.647311357387115322e-04 5.374418325962294213e-03 1.482640000000000069e-01 1.711384978815110817e-03 3.647311357387115322e-04 1.711384978815111034e-03 1.002749999999999891e-01
2.188749999999999862e-01 1.161405339215600650e-02 8.115428778929900666e-03 1.161405339215600650e-02 1.482640000000000069e-01 6.108487996951735693e-03 8.115428778929900666e-03 6.108487996951736561e-03 1.002749999999999891e-01
2.188749999999999862e-01 1.874906730334286592e-02 1.287536888637815999e-02 1.874906730334286592e-02 1.482640000000000069e-01 1.252597078564386505e-02 1.287536888637815999e-02 1.252597078564386679e-02 1.002749999999999891e-01
2.188749999999999862e-01 2.766255158508477280e-02 1.709758194896306843e-02 2.766255158508477280e-02 1.482640000000000069e-01 1.938407355866868589e-02 1.709758194896306843e-02 1.938407355866868936e-02 1.002749999999999891e-01
2.188749999999999862e-01 3.708899611870601631e-02 1.994792069074266191e-02 3.708899611870601631e-02 1.482640000000000069e-01 2.351629726739080245e-02 1.994792069074266191e-02 2.351629726739080592e-02 1.002749999999999891e-01
2.188749999999999862e-01 4.389942294119320715e-02 2.725984279296972748e-02 4.389942294119320715e-02 1.482640000000000069e-01 2.453203958021678288e-02 2.725984279296972748e-02 2.453203958021678635e-02 1.002749999999999891e-01
2.188749999999999862e-01 5.390473003631044563e-02 3.137903313329148264e-02 5.390473003631044563e-02 1.482640000000000069e-01 2.989773110940044040e-02 3.137903313329148264e-02 2.989773110940044734e-02 1.002749999999999891e-01
2.188749999999999862e-01 6.077514335675881368e-02 3.525654695078783707e-02 6.077514335675881368e-02 1.482640000000000069e-01 3.770637751358688755e-02 3.525654695078783707e-02 3.770637751358688755e-02 1.002749999999999891e-01
2.188749999999999862e-01 6.529368126270204686e-02 4.122775358589627487e-02 6.529368126270204686e-02 1.482640000000000069e-01 3.964802941936092923e-02 4.122775358589627487e-02 3.964802941936093617e-02 1.002749999999999891e-01
2.188749999999999862e-01 7.759560342527242749e-02 4.665451879475838309e-02 7.759560342527242749e-02 1.482640000000000069e-01 4.500714129641902872e-02 4.665451879475838309e-02 4.500714129641903566e-02 1.002749999999999891e-01
2.188749999999999862e-01 8.040642761962617235e-02 5.042520733777841602e-02 8.040642761962617235e-02 1.482640000000000069e-01 5.005687651118325560e-02 5.042520733777841602e-02 5.005687651118326253e-02 1.002749999999999891e-01
2.188749999999999862e-01 8.915728887510987466e-02 5.376295688794762578e-02 8.915728887510987466e-02 1.482640000000000069e-01 5.694011585207109372e-02 5.376295688794762578e-02 5.694011585207110065e-02 1.002749999999999891e-01
2.188749999999999862e-01 9.705815026824837766e-02 5.886723968439647181e-02 9.705815026824837766e-02 1.482640000000000069e-01 6.110417720374856920e-02 5.886723968439647181e-02 6.110417720374857614e-02 1.002749999999999891e-01
2.188749999999999862e-01 1.064749780496062614e-01 6.190559513081947407e-02 1.064749780496062614e-01 1.482640000000000069e-01 6.669739489806461585e-02 6.190559513081947407e-02 6.669739489806461585e-02 1.002749999999999891e-01
2.188749999999999862e-01 1.157354315970855196e-01 6.693445903474655456e-02 1.157354315970855196e-01 1.482640000000000069e-01 7.055849667639198242e-02 6.693445903474655456e-02 7.055849667639199629e-02 1.002749999999999891e-01
2.188749999999999862e-01 1.222945115123886262e-01 7.144720270141999285e-02 1.222945115123886262e-01 1.482640000000000069e-01 7.557761858865262583e-02 7.144720270141999285e-02 7.557761858865263971e-02 1.002749999999999891e-01
2.188749999999999862e-01 1.295201297586429379e-01 7.518050760715538905e-02 1.295201297586429379e-01 1.482640000000000069e-01 7.791125965217433891e-02 7.518050760715538905e-02 7.791125965217435279e-02 1.002749999999999891e-01
2.188749999999999862e-01 1.374875914346583572e-01 8.247121740546388413e-02 1.374875914346583572e-01 1.482640000000000069e-01 8.658454467838254398e-02 8.247121740546388413e-02 8.658454467838255786e-02 1.002749999999999891e-01
2.188749999999999862e-01 1.483246992157138955e-01 8.714763271861132587e-02 1.483246992157138955e-01 1.482640000000000069e-01 8.787511920947788102e-02 8.714763271861132587e-02 8.787511920947789490e-02 1.002749999999999891e-01
2.188749999999999862e-01 1.486999999999999988e-01 8.927499999999999325e-02 1.486999999999999988e-01 1.482640000000000069e-01 9.213999999999998580e-02 8.927499999999999325e-02 9.213999999999999968e-02 1.002749999999999891e-01
c: 
2.616999999999999993e+00
2.160000000000000142e+00
2.004000000000000004e+00
