CDF: 
2.099999999999999922e-01 4.500000000000000111e-01 4.799999999999999822e-01 1.000000000000000000e+00
2.800000000000000266e-01 4.899999999999999911e-01 7.700000000000000178e-01 1.000000000000000000e+00
1.799999999999999933e-01 5.100000000000000089e-01 5.600000000000000533e-01 1.000000000000000000e+00
sigma: 
2.192909999999999859e-01 6.142775204393773232e-03 5.588326992705595041e-03 6.142775204393772365e-03 1.450750000000000095e-01 2.132596393766764478e-03 5.588326992705595041e-03 2.132596393766764478e-03 2.096560000000000090e-01
2.192909999999999859e-01 1.262751000159319237e-02 2.006105331620888776e-02 1.262751000159319063e-02 1.450750000000000095e-01 1.252217682762717110e-02 2.006105331620888776e-02 1.252217682762717110e-02 2.096560000000000090e-01
2.192909999999999859e-01 1.592034437044556952e-02 2.435374728040919784e-02 1.592034437044556605e-02 1.450750000000000095e-01 1.588478422052872971e-02 2.435374728040919784e-02 1.588478422052872971e-02 2.096560000000000090e-01
2.192909999999999859e-01 2.534812384522167755e-02 3.854351788002693957e-02 2.534812384522167061e-02 1.450750000000000095e-01 2.643324817154387926e-02 3.854351788002693957e-02 2.643324817154387926e-02 2.096560000000000090e-01
2.192909999999999859e-01 3.415993652896568561e-02 4.412318975649653918e-02 3.415993652896567867e-02 1.450750000000000095e-01 3.063734522326955895e-02 4.412318975649653918e-02 3.063734522326955895e-02 2.096560000000000090e-01
2.192909999999999859e-01 3.589909110033236150e-02 5.865240004553587405e-02 3.589909110033235456e-02 1.450750000000000095e-01 3.958887460225298666e-02 5.865240004553587405e-02 3.958887460225298666e-02 2.096560000000000090e-01
2.192909999999999859e-01 4.491889161482695569e-02 6.796459020186118583e-02 4.491889161482694182e-02 1.450750000000000095e-01 4.843594464849620973e-02 6.796459020186118583e-02 4.843594464849620973e-02 2.096560000000000090e-01
2.192909999999999859e-01 5.399915684860551873e-02 7.174166165665726846e-02 5.399915684860551179e-02 1.450750000000000095e-01 5.228837803857078192e-02 7.174166165665726846e-02 5.228837803857078192e-02 2.096560000000000090e-01
2.192909999999999859e-01 6.125105424657329573e-02 8.691182026320998233e-02 6.125105424657328879e-02 1.450750000000000095e-01 6.002229209203067961e-02 8.691182026320998233e-02 6.002229209203067961e-02 2.096560000000000090e-01
2.192909999999999859e-01 6.537414501878767437e-02 9.759447215500412220e-02 6.537414501878766049e-02 1.450750000000000095e-01 7.060776852454959951e-02 9.759447215500412220e-02 7.060776852454959951e-02 2.096560000000000090e-01
2.192909999999999859e-01 7.550800831562799742e-02 1.048239080298640213e-01 7.550800831562798354e-02 1.450750000000000095e-01 7.293982693333612988e-02 1.048239080298640213e-01 7.293982693333612988e-02 2.096560000000000090e-01
2.192909999999999859e-01 8.289120128180457736e-02 1.166498170941841633e-01 8.289120128180456348e-02 1.450750000000000095e-01 8.318160576355962399e-02 1.166498170941841633e-01 8.318160576355962399e-02 2.096560000000000090e-01
2.192909999999999859e-01 8.642996259513191504e-02 1.268834166163192168e-01 8.642996259513190116e-02 1.450750000000000095e-01 9.336409883469469484e-02 1.268834166163192168e-01 9.336409883469469484e-02 2.096560000000000090e-01
2.192909999999999859e-01 9.532716599415955172e-02 1.363625712046161176e-01 9.532716599415952397e-02 1.450750000000000095e-01 9.980056367399374462e-02 1.363625712046161176e-01 9.980056367399374462e-02 2.096560000000000090e-01
2.192909999999999859e-01 9.844898682869850093e-02 1.430693017618239471e-01 9.844898682869847317e-02 1.450750000000000095e-01 1.072474380708962061e-01 1.430693017618239471e-01 1.072474380708962061e-01 2.096560000000000090e-01
2.192909999999999859e-01 1.079975157943473540e-01 1.526098315351517021e-01 1.079975157943473263e-01 1.450750000000000095e-01 1.089537199849164584e-01 1.526098315351517021e-01 1.089537199849164584e-01 2.096560000000000090e-01
2.192909999999999859e-01 1.129962385010713222e-01 1.639174874080588651e-01 1.129962385010712944e-01 1.450750000000000095e-01 1.171296803742799403e-01 1.639174874080588651e-01 1.171296803742799403e-01 2.096560000000000090e-01
2.192909999999999859e-01 1.187994931445587876e-01 1.730001486283739842e-01 1.187994931445587599e-01 1.450750000000000095e-01 1.271001690485350777e-01 1.730001486283739842e-01 1.271001690485350777e-01 2.096560000000000090e-01
2.192909999999999859e-01 1.296135584901254023e-01 1.851633101001523007e-01 1.296135584901253746e-01 1.450750000000000095e-01 1.350282605995070662e-01 1.851633101001523007e-01 1.350282605995070662e-01 2.096560000000000090e-01
2.192909999999999859e-01 1.323450000000000182e-01 1.914359999999999951e-01 1.323449999999999904e-01 1.450750000000000095e-01 1.367200000000000082e-01 1.914359999999999951e-01 1.367200000000000082e-01 2.096560000000000090e-01
c: 
2.660000000000000142e+00
1.804999999999999938e+00
1.187999999999999945e+00
