CDF: 
1.300000000000000044e-01 4.000000000000000222e-01 5.899999999999999689e-01 1.000000000000000000e+00
2.800000000000000266e-01 6.800000000000000488e-01 8.100000000000000533e-01 1.000000000000000000e+00
1.400000000000000133e-01 6.300000000000000044e-01 7.199999999999999734e-01 1.000000000000000000e+00
sigma: 
1.857639999999999847e-01 4.485420476286783829e-03 2.322325934270523008e-03 4.485420476286782962e-03 1.333389999999999853e-01 2.580328958828333793e-03 2.322325934270523008e-03 2.580328958828333793e-03 1.662639999999999674e-01
1.857639999999999847e-01 7.723971209850447397e-03 9.004073683403241574e-03 7.723971209850444795e-03 1.333389999999999853e-01 1.149392747057237027e-02 9.004073683403241574e-03 1.149392747057237027e-02 1.662639999999999674e-01
1.857639999999999847e-01 1.226296722961969440e-02 1.787497917295091665e-02 1.226296722961969093e-02 1.333389999999999853e-01 1.971917570422171070e-02 1.787497917295091665e-02 1.971917570422171070e-02 1.662639999999999674e-01
1.857639999999999847e-01 2.061958945460622486e-02 2.608973377603158311e-02 2.061958945460622139e-02 1.333389999999999853e-01 2.207137610329511918e-02 2.608973377603158311e-02 2.207137610329511918e-02 1.662639999999999674e-01
1.857639999999999847e-01 2.849602407762637929e-02 3.262029926345078046e-02 2.849602407762637235e-02 1.333389999999999853e-01 2.933885936462514790e-02 3.262029926345078046e-02 2.933885936462514790e-02 1.662639999999999674e-01
1.857639999999999847e-01 2.978816942551808233e-02 3.801080444818908527e-02 2.978816942551807539e-02 1.333389999999999853e-01 3.668466039275952717e-02 3.801080444818908527e-02 3.668466039275952717e-02 1.662639999999999674e-01
1.857639999999999847e-01 3.727111127106107202e-02 4.603260285062788643e-02 3.727111127106106508e-02 1.333389999999999853e-01 4.189810786037030665e-02 4.603260285062788643e-02 4.189810786037030665e-02 1.662639999999999674e-01
1.857639999999999847e-01 4.381317612770752046e-02 5.891566566887246337e-02 4.381317612770750658e-02 1.333389999999999853e-01 4.913116278882135451e-02 5.891566566887246337e-02 4.913116278882135451e-02 1.662639999999999674e-01
1.857639999999999847e-01 4.937320237450606997e-02 6.421099753419283462e-02 4.937320237450605609e-02 1.333389999999999853e-01 5.940971351876593587e-02 6.421099753419283462e-02 5.940971351876593587e-02 1.662639999999999674e-01
1.857639999999999847e-01 5.537218037707756363e-02 6.921815495689111197e-02 5.537218037707754975e-02 1.333389999999999853e-01 6.157991996265278767e-02 6.921815495689111197e-02 6.157991996265278767e-02 1.662639999999999674e-01
1.857639999999999847e-01 5.972490648506666860e-02 8.262483916702983988e-02 5.972490648506665473e-02 1.333389999999999853e-01 7.480594950045656166e-02 8.262483916702983988e-02 7.480594950045656166e-02 1.662639999999999674e-01
1.857639999999999847e-01 6.999300481204630275e-02 9.006168837887396084e-02 6.999300481204628888e-02 1.333389999999999853e-01 7.808578203617562441e-02 9.006168837887396084e-02 7.808578203617562441e-02 1.662639999999999674e-01
1.857639999999999847e-01 7.132379817322237470e-02 9.430112003919267905e-02 7.132379817322234694e-02 1.333389999999999853e-01 8.271777349426151504e-02 9.430112003919267905e-02 8.271777349426151504e-02 1.662639999999999674e-01
1.857639999999999847e-01 7.844108663411489268e-02 1.027681406910642969e-01 7.844108663411486493e-02 1.333389999999999853e-01 9.531854216977653227e-02 1.027681406910642969e-01 9.531854216977653227e-02 1.662639999999999674e-01
1.857639999999999847e-01 8.652086167599618016e-02 1.093605795007857040e-01 8.652086167599615241e-02 1.333389999999999853e-01 9.955307517323244704e-02 1.093605795007857040e-01 9.955307517323244704e-02 1.662639999999999674e-01
1.857639999999999847e-01 9.215476195001258419e-02 1.161283802893410405e-01 9.215476195001255644e-02 1.333389999999999853e-01 1.067085923645285650e-01 1.161283802893410405e-01 1.067085923645285650e-01 1.662639999999999674e-01
1.857639999999999847e-01 9.876739271125861697e-02 1.232055854485707425e-01 9.876739271125858921e-02 1.333389999999999853e-01 1.128033350107880833e-01 1.232055854485707425e-01 1.128033350107880833e-01 1.662639999999999674e-01
1.857639999999999847e-01 1.018814410605126813e-01 1.342868058660960651e-01 1.018814410605126536e-01 1.333389999999999853e-01 1.177204476587522947e-01 1.342868058660960651e-01 1.177204476587522947e-01 1.662639999999999674e-01
1.857639999999999847e-01 1.081240798893429583e-01 1.359705773758277947e-01 1.081240798893429306e-01 1.333389999999999853e-01 1.296021129003440409e-01 1.359705773758277947e-01 1.296021129003440409e-01 1.662639999999999674e-01
1.857639999999999847e-01 1.120140000000000025e-01 1.434359999999999802e-01 1.120139999999999747e-01 1.333389999999999853e-01 1.298360000000000070e-01 1.434359999999999802e-01 1.298360000000000070e-01 1.662639999999999674e-01
c: 
2.632000000000000117e+00
1.921000000000000041e+00
1.304999999999999938e+00
