CDF: 
5.000000000000000278e-02 1.600000000000000033e-01 3.800000000000000044e-01 1.000000000000000000e+00
3.200000000000000067e-01 4.299999999999999933e-01 6.899999999999999467e-01 1.000000000000000000e+00
1.700000000000000122e-01 3.300000000000000155e-01 4.199999999999999845e-01 1.000000000000000000e+00
sigma: 
1.550910000000000066e-01 1.065900889838362984e-03 6.576752722293886973e-03 1.065900889838363201e-03 1.752990000000000104e-01 3.329869269436821003e-03 6.576752722293888707e-03 3.329869269436821003e-03 2.015710000000000002e-01
1.550910000000000066e-01 1.027908935542312316e-02 1.614840978409333785e-02 1.027908935542312489e-02 1.752990000000000104e-01 1.199889696095927938e-02 1.614840978409334479e-02 1.199889696095927938e-02 2.015710000000000002e-01
1.550910000000000066e-01 1.580196245700240046e-02 1.973539168243933564e-02 1.580196245700240046e-02 1.752990000000000104e-01 1.808499710566801796e-02 1.973539168243934258e-02 1.808499710566801796e-02 2.015710000000000002e-01
1.550910000000000066e-01 2.118883718195063368e-02 2.994864913439383713e-02 2.118883718195063368e-02 1.752990000000000104e-01 2.541692190534164744e-02 2.994864913439384754e-02 2.541692190534164744e-02 2.015710000000000002e-01
1.550910000000000066e-01 2.512853290863377789e-02 3.970695412875552277e-02 2.512853290863378136e-02 1.752990000000000104e-01 3.280602862533987113e-02 3.970695412875553665e-02 3.280602862533987113e-02 2.015710000000000002e-01
1.550910000000000066e-01 3.402669516612234074e-02 4.640325051928762684e-02 3.402669516612234768e-02 1.752990000000000104e-01 4.467366276938370545e-02 4.640325051928764766e-02 4.467366276938370545e-02 2.015710000000000002e-01
1.550910000000000066e-01 4.219856478724198084e-02 5.595756329806575446e-02 4.219856478724198084e-02 1.752990000000000104e-01 5.098026583744918322e-02 5.595756329806576834e-02 5.098026583744918322e-02 2.015710000000000002e-01
1.550910000000000066e-01 4.620301661317981201e-02 6.790196295573582008e-02 4.620301661317981895e-02 1.752990000000000104e-01 5.969232642349277251e-02 6.790196295573584784e-02 5.969232642349277251e-02 2.015710000000000002e-01
1.550910000000000066e-01 5.243926951225144628e-02 7.364317896249419904e-02 5.243926951225145322e-02 1.752990000000000104e-01 6.635546890053239943e-02 7.364317896249422679e-02 6.635546890053239943e-02 2.015710000000000002e-01
1.550910000000000066e-01 5.730294425424296845e-02 8.709691061171945248e-02 5.730294425424297539e-02 1.752990000000000104e-01 6.848457236739861898e-02 8.709691061171948023e-02 6.848457236739861898e-02 2.015710000000000002e-01
1.550910000000000066e-01 6.173433779848603448e-02 9.453356812261273778e-02 6.173433779848604142e-02 1.752990000000000104e-01 8.267139762162935279e-02 9.453356812261276554e-02 8.267139762162935279e-02 2.015710000000000002e-01
1.550910000000000066e-01 6.921781374687557831e-02 1.006556970714927446e-01 6.921781374687559218e-02 1.752990000000000104e-01 8.995606322391729026e-02 1.006556970714927723e-01 8.995606322391729026e-02 2.015710000000000002e-01
1.550910000000000066e-01 7.853830686721742504e-02 1.094124963461427652e-01 7.853830686721743892e-02 1.752990000000000104e-01 9.704564015382827202e-02 1.094124963461427930e-01 9.704564015382827202e-02 2.015710000000000002e-01
1.550910000000000066e-01 8.346110588677942144e-02 1.184483069541598238e-01 8.346110588677943531e-02 1.752990000000000104e-01 9.936132995638731480e-02 1.184483069541598654e-01 9.936132995638731480e-02 2.015710000000000002e-01
1.550910000000000066e-01 8.998401124573240928e-02 1.311861903362225856e-01 8.998401124573242316e-02 1.752990000000000104e-01 1.055471668562898563e-01 1.311861903362226134e-01 1.055471668562898563e-01 2.015710000000000002e-01
1.550910000000000066e-01 9.463719479844588667e-02 1.402101222193049557e-01 9.463719479844590055e-02 1.752990000000000104e-01 1.153732345444427598e-01 1.402101222193050112e-01 1.153732345444427598e-01 2.015710000000000002e-01
1.550910000000000066e-01 1.032977635752920231e-01 1.443628539885062345e-01 1.032977635752920370e-01 1.752990000000000104e-01 1.247256536731611715e-01 1.443628539885062900e-01 1.247256536731611715e-01 2.015710000000000002e-01
1.550910000000000066e-01 1.093416769103719571e-01 1.539953417252779289e-01 1.093416769103719710e-01 1.752990000000000104e-01 1.307271525163722359e-01 1.539953417252779844e-01 1.307271525163722359e-01 2.015710000000000002e-01
1.550910000000000066e-01 1.157006600388879314e-01 1.619844907227399322e-01 1.157006600388879453e-01 1.752990000000000104e-01 1.422300594628471415e-01 1.619844907227399877e-01 1.422300594628471415e-01 2.015710000000000002e-01
1.550910000000000066e-01 1.166969999999999952e-01 1.670689999999999675e-01 1.166970000000000091e-01 1.752990000000000104e-01 1.432229999999999892e-01 1.670690000000000230e-01 1.432229999999999892e-01 2.015710000000000002e-01
c: 
1.151999999999999913e+00
1.461000000000000076e+00
1.497000000000000108e+00
