CDF: 
1.700000000000000122e-01 4.600000000000000200e-01 9.000000000000000222e-01 1.000000000000000000e+00
6.400000000000000133e-01 8.299999999999999600e-01 9.100000000000000311e-01 1.000000000000000000e+00
4.500000000000000111e-01 6.800000000000000488e-01 7.500000000000000000e-01 1.000000000000000000e+00
sigma: 
7.044399999999999273e-02 2.748137686168222391e-03 2.810413329959952911e-03 2.748137686168221523e-03 8.480000000000001426e-02 2.703066012135944764e-04 2.810413329959952911e-03 2.703066012135944764e-04 1.654239999999999877e-01
7.044399999999999273e-02 4.251458269024129856e-03 7.601106365740515833e-03 4.251458269024128989e-03 8.480000000000001426e-02 5.153586657899542935e-03 7.601106365740515833e-03 5.153586657899542935e-03 1.654239999999999877e-01
7.044399999999999273e-02 8.276219479268806523e-03 1.054593346230846794e-02 8.276219479268804788e-03 8.480000000000001426e-02 1.463701077533977393e-02 1.054593346230846794e-02 1.463701077533977393e-02 1.654239999999999877e-01
7.044399999999999273e-02 1.165072198229512301e-02 1.586523975160115951e-02 1.165072198229512128e-02 8.480000000000001426e-02 1.610401887972437787e-02 1.586523975160115951e-02 1.610401887972437787e-02 1.654239999999999877e-01
7.044399999999999273e-02 1.753018137155010550e-02 2.092149661058504903e-02 1.753018137155010203e-02 8.480000000000001426e-02 2.435806699815847021e-02 2.092149661058504903e-02 2.435806699815847021e-02 1.654239999999999877e-01
7.044399999999999273e-02 1.873602314881920791e-02 2.447688290382165482e-02 1.873602314881920444e-02 8.480000000000001426e-02 2.684917520417298004e-02 2.447688290382165482e-02 2.684917520417298004e-02 1.654239999999999877e-01
7.044399999999999273e-02 2.218461342295209235e-02 2.578185376841594240e-02 2.218461342295208541e-02 8.480000000000001426e-02 3.102697205233821004e-02 2.578185376841594240e-02 3.102697205233821004e-02 1.654239999999999877e-01
7.044399999999999273e-02 2.595464207899592438e-02 3.219120099060669010e-02 2.595464207899592091e-02 8.480000000000001426e-02 3.861314754162804841e-02 3.219120099060669010e-02 3.861314754162804841e-02 1.654239999999999877e-01
7.044399999999999273e-02 3.117951175779578796e-02 3.683330830209286672e-02 3.117951175779578102e-02 8.480000000000001426e-02 3.946902572445925433e-02 3.683330830209286672e-02 3.946902572445925433e-02 1.654239999999999877e-01
7.044399999999999273e-02 3.475709104570639391e-02 4.195895156630743972e-02 3.475709104570638697e-02 8.480000000000001426e-02 4.829613324087660142e-02 4.195895156630743972e-02 4.829613324087660142e-02 1.654239999999999877e-01
7.044399999999999273e-02 3.555196176979606021e-02 4.441168995693032390e-02 3.555196176979605327e-02 8.480000000000001426e-02 5.214280300406436836e-02 4.441168995693032390e-02 5.214280300406436836e-02 1.654239999999999877e-01
7.044399999999999273e-02 4.059475130902793355e-02 5.022505997141075984e-02 4.059475130902791967e-02 8.480000000000001426e-02 5.423783419435021513e-02 5.022505997141075984e-02 5.423783419435021513e-02 1.654239999999999877e-01
7.044399999999999273e-02 4.492357944306485384e-02 5.512267453710746612e-02 4.492357944306484691e-02 8.480000000000001426e-02 5.921027610569409155e-02 5.512267453710746612e-02 5.921027610569409155e-02 1.654239999999999877e-01
7.044399999999999273e-02 4.899807891265260673e-02 5.617566875495438178e-02 4.899807891265259285e-02 8.480000000000001426e-02 6.862711542181504365e-02 5.617566875495438178e-02 6.862711542181504365e-02 1.654239999999999877e-01
7.044399999999999273e-02 4.966092899519396892e-02 6.032002005219342516e-02 4.966092899519395504e-02 8.480000000000001426e-02 7.121220784266679704e-02 6.032002005219342516e-02 7.121220784266679704e-02 1.654239999999999877e-01
7.044399999999999273e-02 5.441222551555814635e-02 6.667376795126093991e-02 5.441222551555813247e-02 8.480000000000001426e-02 7.772046818188026174e-02 6.667376795126093991e-02 7.772046818188026174e-02 1.654239999999999877e-01
7.044399999999999273e-02 5.785897341771224084e-02 7.241326484428206589e-02 5.785897341771222696e-02 8.480000000000001426e-02 8.347740446688577121e-02 7.241326484428206589e-02 8.347740446688577121e-02 1.654239999999999877e-01
7.044399999999999273e-02 6.173558934098696827e-02 7.505380017718628338e-02 6.173558934098696133e-02 8.480000000000001426e-02 8.661964355235994562e-02 7.505380017718628338e-02 8.661964355235994562e-02 1.654239999999999877e-01
7.044399999999999273e-02 6.468918180932106687e-02 7.717879066430798074e-02 6.468918180932105300e-02 8.480000000000001426e-02 8.965152510893949211e-02 7.717879066430798074e-02 8.965152510893949211e-02 1.654239999999999877e-01
7.044399999999999273e-02 6.696000000000000563e-02 8.098399999999998655e-02 6.695999999999999175e-02 8.480000000000001426e-02 9.335999999999999854e-02 8.098399999999998655e-02 9.335999999999999854e-02 1.654239999999999877e-01
c: 
1.713999999999999968e+00
1.260999999999999899e+00
1.354999999999999982e+00
