CDF: 
5.999999999999999778e-02 1.600000000000000033e-01 6.800000000000000488e-01 1.000000000000000000e+00
3.300000000000000155e-01 5.400000000000000355e-01 5.999999999999999778e-01 1.000000000000000000e+00
2.000000000000000111e-01 2.999999999999999889e-01 4.199999999999999845e-01 1.000000000000000000e+00
sigma: 
1.068960000000000049e-01 3.030813820719307876e-03 5.010807024045725415e-03 3.030813820719307442e-03 2.008440000000000225e-01 1.522478073643160432e-03 5.010807024045726282e-03 1.522478073643160432e-03 1.832959999999999590e-01
1.068960000000000049e-01 1.145772277708415401e-02 6.768631944884864575e-03 1.145772277708415401e-02 2.008440000000000225e-01 9.961447240639268938e-03 6.768631944884865442e-03 9.961447240639268938e-03 1.832959999999999590e-01
1.068960000000000049e-01 1.421428639975016311e-02 1.433923465619974837e-02 1.421428639975016138e-02 2.008440000000000225e-01 2.418167070384868653e-02 1.433923465619975184e-02 2.418167070384868653e-02 1.832959999999999590e-01
1.068960000000000049e-01 2.528276241208540082e-02 1.735834381324590295e-02 2.528276241208539735e-02 2.008440000000000225e-01 2.877333647583108292e-02 1.735834381324590642e-02 2.877333647583108292e-02 1.832959999999999590e-01
1.068960000000000049e-01 2.662207542555267148e-02 2.359347454912071040e-02 2.662207542555266801e-02 2.008440000000000225e-01 3.352339546882278365e-02 2.359347454912071387e-02 3.352339546882278365e-02 1.832959999999999590e-01
1.068960000000000049e-01 3.458850011663530677e-02 2.801182582092875267e-02 3.458850011663530677e-02 2.008440000000000225e-01 4.459241018604397783e-02 2.801182582092875614e-02 4.459241018604397783e-02 1.832959999999999590e-01
1.068960000000000049e-01 4.440094273531003388e-02 3.344311182404127031e-02 4.440094273531002694e-02 2.008440000000000225e-01 5.354131650261768904e-02 3.344311182404127725e-02 5.354131650261768904e-02 1.832959999999999590e-01
1.068960000000000049e-01 5.101930283079614270e-02 3.772432417100719804e-02 5.101930283079613576e-02 2.008440000000000225e-01 5.921131040485937136e-02 3.772432417100720498e-02 5.921131040485937136e-02 1.832959999999999590e-01
1.068960000000000049e-01 5.413324799502654272e-02 4.421351615979985522e-02 5.413324799502653578e-02 2.008440000000000225e-01 6.915176688777142922e-02 4.421351615979986216e-02 6.915176688777142922e-02 1.832959999999999590e-01
1.068960000000000049e-01 6.249902651487706379e-02 4.779014246289272488e-02 6.249902651487705685e-02 2.008440000000000225e-01 7.761032296449982271e-02 4.779014246289273182e-02 7.761032296449982271e-02 1.832959999999999590e-01
1.068960000000000049e-01 6.892157802286827395e-02 5.246653625467909837e-02 6.892157802286827395e-02 2.008440000000000225e-01 8.601370762525525904e-02 5.246653625467910531e-02 8.601370762525525904e-02 1.832959999999999590e-01
1.068960000000000049e-01 7.238628710228839358e-02 6.066305327216888615e-02 7.238628710228837970e-02 2.008440000000000225e-01 9.249396975346994842e-02 6.066305327216889309e-02 9.249396975346994842e-02 1.832959999999999590e-01
1.068960000000000049e-01 8.242557519747292782e-02 6.321783196222323375e-02 8.242557519747291395e-02 2.008440000000000225e-01 9.774142753419995389e-02 6.321783196222324763e-02 9.774142753419995389e-02 1.832959999999999590e-01
1.068960000000000049e-01 8.949850813437422448e-02 6.945702992588155544e-02 8.949850813437421060e-02 2.008440000000000225e-01 1.127377515212749509e-01 6.945702992588156932e-02 1.127377515212749509e-01 1.832959999999999590e-01
1.068960000000000049e-01 9.638979591163927829e-02 7.131546629034421492e-02 9.638979591163926441e-02 2.008440000000000225e-01 1.199998760170083584e-01 7.131546629034422879e-02 1.199998760170083584e-01 1.832959999999999590e-01
1.068960000000000049e-01 9.713496949804284464e-02 7.825757544597311544e-02 9.713496949804283076e-02 2.008440000000000225e-01 1.268841613009596692e-01 7.825757544597312931e-02 1.268841613009596692e-01 1.832959999999999590e-01
1.068960000000000049e-01 1.088397224118025780e-01 8.093383540873538839e-02 1.088397224118025780e-01 2.008440000000000225e-01 1.360003600546235425e-01 8.093383540873540227e-02 1.360003600546235425e-01 1.832959999999999590e-01
1.068960000000000049e-01 1.132004163687270470e-01 8.831220241691700723e-02 1.132004163687270332e-01 2.008440000000000225e-01 1.427141388352772822e-01 8.831220241691702111e-02 1.427141388352772822e-01 1.832959999999999590e-01
1.068960000000000049e-01 1.220341956730267990e-01 9.475118744210143940e-02 1.220341956730267852e-01 2.008440000000000225e-01 1.456600186344077230e-01 9.475118744210145327e-02 1.456600186344077230e-01 1.832959999999999590e-01
1.068960000000000049e-01 1.230320000000000163e-01 9.609600000000000086e-02 1.230320000000000025e-01 2.008440000000000225e-01 1.532320000000000071e-01 9.609600000000001474e-02 1.532320000000000071e-01 1.832959999999999590e-01
c: 
2.677000000000000046e+00
1.360000000000000098e+00
2.427999999999999936e+00
