CDF: 
2.399999999999999911e-01 4.400000000000000022e-01 5.500000000000000444e-01 1.000000000000000000e+00
2.999999999999999889e-01 3.599999999999999867e-01 6.600000000000000311e-01 1.000000000000000000e+00
8.999999999999999667e-02 1.400000000000000133e-01 7.099999999999999645e-01 1.000000000000000000e+00
sigma: 
2.088909999999999934e-01 2.778273643928680283e-03 5.231959989400176807e-04 2.778273643928680283e-03 1.775039999999999951e-01 2.287422633795165982e-03 5.231959989400176807e-04 2.287422633795165982e-03 1.246440000000000048e-01
2.088909999999999934e-01 1.262724831949159875e-02 1.250355948722639901e-02 1.262724831949159875e-02 1.775039999999999951e-01 1.071261857356562569e-02 1.250355948722639901e-02 1.071261857356562569e-02 1.246440000000000048e-01
2.088909999999999934e-01 2.312066961320587491e-02 1.276323067868635232e-02 2.312066961320587491e-02 1.775039999999999951e-01 1.512863074898695114e-02 1.276323067868635232e-02 1.512863074898695114e-02 1.246440000000000048e-01
2.088909999999999934e-01 3.432080295235095946e-02 2.222908477146375017e-02 3.432080295235095946e-02 1.775039999999999951e-01 2.472428222632627737e-02 2.222908477146375017e-02 2.472428222632627737e-02 1.246440000000000048e-01
2.088909999999999934e-01 3.938139879437194818e-02 2.975245821526552661e-02 3.938139879437194818e-02 1.775039999999999951e-01 2.891088787921348296e-02 2.975245821526552661e-02 2.891088787921348296e-02 1.246440000000000048e-01
2.088909999999999934e-01 4.950340507504121662e-02 3.747137785355156986e-02 4.950340507504121662e-02 1.775039999999999951e-01 3.934210979012878195e-02 3.747137785355156986e-02 3.934210979012878195e-02 1.246440000000000048e-01
2.088909999999999934e-01 6.084533456516322963e-02 4.337496407597375703e-02 6.084533456516322963e-02 1.775039999999999951e-01 4.419877871954134424e-02 4.337496407597375703e-02 4.419877871954134424e-02 1.246440000000000048e-01
2.088909999999999934e-01 6.317373570615182621e-02 4.472156637403034568e-02 6.317373570615182621e-02 1.775039999999999951e-01 5.026062758538300812e-02 4.472156637403034568e-02 5.026062758538300812e-02 1.246440000000000048e-01
2.088909999999999934e-01 7.597097042454387106e-02 5.491302106885773138e-02 7.597097042454387106e-02 1.775039999999999951e-01 5.905677444140861737e-02 5.491302106885773138e-02 5.905677444140861737e-02 1.246440000000000048e-01
2.088909999999999934e-01 8.673126598472041815e-02 6.115037473633242598e-02 8.673126598472041815e-02 1.775039999999999951e-01 6.621212925375928593e-02 6.115037473633242598e-02 6.621212925375928593e-02 1.246440000000000048e-01
2.088909999999999934e-01 9.084847496340076045e-02 6.438550638432022355e-02 9.084847496340076045e-02 1.775039999999999951e-01 6.953807875353593126e-02 6.438550638432022355e-02 6.953807875353593126e-02 1.246440000000000048e-01
2.088909999999999934e-01 1.030517776627252746e-01 7.104499788729505549e-02 1.030517776627252746e-01 1.775039999999999951e-01 7.694787958966187169e-02 7.104499788729505549e-02 7.694787958966187169e-02 1.246440000000000048e-01
2.088909999999999934e-01 1.103376695785204670e-01 7.668064139679474367e-02 1.103376695785204670e-01 1.775039999999999951e-01 8.533171417720443463e-02 7.668064139679474367e-02 8.533171417720443463e-02 1.246440000000000048e-01
2.088909999999999934e-01 1.210395601224163870e-01 8.642410378640207058e-02 1.210395601224163870e-01 1.775039999999999951e-01 9.145644905572823669e-02 8.642410378640207058e-02 9.145644905572823669e-02 1.246440000000000048e-01
2.088909999999999934e-01 1.265630151420101823e-01 8.853836798465274105e-02 1.265630151420101823e-01 1.775039999999999951e-01 9.803029532852593209e-02 8.853836798465274105e-02 9.803029532852593209e-02 1.246440000000000048e-01
2.088909999999999934e-01 1.340673572455360618e-01 9.654070518632497377e-02 1.340673572455360618e-01 1.775039999999999951e-01 1.085317420666900290e-01 9.654070518632497377e-02 1.085317420666900290e-01 1.246440000000000048e-01
2.088909999999999934e-01 1.438444186877913256e-01 1.007297354889253871e-01 1.438444186877913256e-01 1.775039999999999951e-01 1.137653372187479722e-01 1.007297354889253871e-01 1.137653372187479722e-01 1.246440000000000048e-01
2.088909999999999934e-01 1.492705806859099815e-01 1.123982151624279002e-01 1.492705806859099815e-01 1.775039999999999951e-01 1.229382421946135229e-01 1.123982151624279002e-01 1.229382421946135229e-01 1.246440000000000048e-01
2.088909999999999934e-01 1.654619248760302308e-01 1.183611378461577740e-01 1.654619248760302308e-01 1.775039999999999951e-01 1.262471385516024669e-01 1.183611378461577740e-01 1.262471385516024669e-01 1.246440000000000048e-01
2.088909999999999934e-01 1.665920000000000178e-01 1.195019999999999971e-01 1.665920000000000178e-01 1.775039999999999951e-01 1.306240000000000179e-01 1.195019999999999971e-01 1.306240000000000179e-01 1.246440000000000048e-01
c: 
2.750999999999999890e+00
2.887000000000000011e+00
1.762000000000000011e+00
