CDF: 
1.100000000000000006e-01 3.900000000000000133e-01 5.500000000000000444e-01 1.000000000000000000e+00
2.099999999999999922e-01 2.700000000000000178e-01 4.699999999999999734e-01 1.000000000000000000e+00
1.499999999999999944e-01 1.900000000000000022e-01 5.600000000000000533e-01 1.000000000000000000e+00
sigma: 
1.618999999999999884e-01 3.118037878018531731e-03 5.221590139765610239e-04 3.118037878018531297e-03 1.775160000000000071e-01 7.329845360235103663e-03 5.221590139765610239e-04 7.329845360235103663e-03 1.455839999999999912e-01
1.618999999999999884e-01 1.438234527024592931e-02 1.118628411214096612e-02 1.438234527024592757e-02 1.775160000000000071e-01 1.441347514735166931e-02 1.118628411214096612e-02 1.441347514735166931e-02 1.455839999999999912e-01
1.618999999999999884e-01 1.719364103356689488e-02 2.077837653420998645e-02 1.719364103356689141e-02 1.775160000000000071e-01 1.780271489240813423e-02 2.077837653420998645e-02 1.780271489240813423e-02 1.455839999999999912e-01
1.618999999999999884e-01 2.764012804754319153e-02 3.017671059635600520e-02 2.764012804754318806e-02 1.775160000000000071e-01 2.922812906837608110e-02 3.017671059635600520e-02 2.922812906837608110e-02 1.455839999999999912e-01
1.618999999999999884e-01 3.928364492671630043e-02 3.416461096348080706e-02 3.928364492671629349e-02 1.775160000000000071e-01 3.631436967880010552e-02 3.416461096348080706e-02 3.631436967880010552e-02 1.455839999999999912e-01
1.618999999999999884e-01 4.352718631135363975e-02 4.192763572268638772e-02 4.352718631135363281e-02 1.775160000000000071e-01 3.986145426295294864e-02 4.192763572268638772e-02 3.986145426295294864e-02 1.455839999999999912e-01
1.618999999999999884e-01 4.865833110584189686e-02 4.880559152457933370e-02 4.865833110584188992e-02 1.775160000000000071e-01 5.220482556415941000e-02 4.880559152457933370e-02 5.220482556415941000e-02 1.455839999999999912e-01
1.618999999999999884e-01 5.909143959656332212e-02 5.521136481592328615e-02 5.909143959656331518e-02 1.775160000000000071e-01 5.661838848340261521e-02 5.521136481592328615e-02 5.661838848340261521e-02 1.455839999999999912e-01
1.618999999999999884e-01 7.196258341664066305e-02 6.654677190275225251e-02 7.196258341664064917e-02 1.775160000000000071e-01 6.714135022407276276e-02 6.654677190275225251e-02 6.714135022407276276e-02 1.455839999999999912e-01
1.618999999999999884e-01 7.788899075519105375e-02 7.245887137751917673e-02 7.788899075519103987e-02 1.775160000000000071e-01 6.978856488023771343e-02 7.245887137751917673e-02 6.978856488023771343e-02 1.455839999999999912e-01
1.618999999999999884e-01 8.675932455353771444e-02 7.891587122196018489e-02 8.675932455353770056e-02 1.775160000000000071e-01 7.684706719660097662e-02 7.891587122196018489e-02 7.684706719660097662e-02 1.455839999999999912e-01
1.618999999999999884e-01 9.436068256475667326e-02 8.850907883364626805e-02 9.436068256475665939e-02 1.775160000000000071e-01 8.682010840198768620e-02 8.850907883364626805e-02 8.682010840198768620e-02 1.455839999999999912e-01
1.618999999999999884e-01 1.003118089857110290e-01 9.355759072743653759e-02 1.003118089857110151e-01 1.775160000000000071e-01 9.435589006505094856e-02 9.355759072743653759e-02 9.435589006505094856e-02 1.455839999999999912e-01
1.618999999999999884e-01 1.069297952526093998e-01 1.055007882570329625e-01 1.069297952526093859e-01 1.775160000000000071e-01 1.023532979979155794e-01 1.055007882570329625e-01 1.023532979979155794e-01 1.455839999999999912e-01
1.618999999999999884e-01 1.190827500937942374e-01 1.095254431285918872e-01 1.190827500937942096e-01 1.775160000000000071e-01 1.065862042481331706e-01 1.095254431285918872e-01 1.065862042481331706e-01 1.455839999999999912e-01
1.618999999999999884e-01 1.208163902342691276e-01 1.174103379368122840e-01 1.208163902342691137e-01 1.775160000000000071e-01 1.130194361079784188e-01 1.174103379368122840e-01 1.130194361079784188e-01 1.455839999999999912e-01
1.618999999999999884e-01 1.300600313546528830e-01 1.259932867550017654e-01 1.300600313546528553e-01 1.775160000000000071e-01 1.204816156863467574e-01 1.259932867550017654e-01 1.204816156863467574e-01 1.455839999999999912e-01
1.618999999999999884e-01 1.410342265414008811e-01 1.389697366337384887e-01 1.410342265414008533e-01 1.775160000000000071e-01 1.310710259602264338e-01 1.389697366337384887e-01 1.310710259602264338e-01 1.455839999999999912e-01
1.618999999999999884e-01 1.450744919884819073e-01 1.453825222288453733e-01 1.450744919884818795e-01 1.775160000000000071e-01 1.397766615336260010e-01 1.453825222288453733e-01 1.397766615336260010e-01 1.455839999999999912e-01
1.618999999999999884e-01 1.522600000000000064e-01 1.474800000000000000e-01 1.522599999999999787e-01 1.775160000000000071e-01 1.420879999999999921e-01 1.474800000000000000e-01 1.420879999999999921e-01 1.455839999999999912e-01
c: 
2.037999999999999812e+00
1.631999999999999895e+00
1.102999999999999980e+00
