CDF: 
4.299999999999999933e-01 5.999999999999999778e-01 6.700000000000000400e-01 1.000000000000000000e+00
5.999999999999999778e-02 3.300000000000000155e-01 7.099999999999999645e-01 1.000000000000000000e+00
1.700000000000000122e-01 1.900000000000000022e-01 5.699999999999999512e-01 1.000000000000000000e+00
sigma: 
2.025760000000000061e-01 5.344467695262554441e-03 2.008951165191387618e-03 5.344467695262554441e-03 1.411390000000000144e-01 3.315068131320492249e-03 2.008951165191387184e-03 3.315068131320493116e-03 1.662840000000000151e-01
2.025760000000000061e-01 1.512723289587417259e-02 9.183423059995305185e-03 1.512723289587417259e-02 1.411390000000000144e-01 1.202554699197973080e-02 9.183423059995303450e-03 1.202554699197973254e-02 1.662840000000000151e-01
2.025760000000000061e-01 1.965476856712121759e-02 2.222714147452697561e-02 1.965476856712121759e-02 1.411390000000000144e-01 1.338989173709336997e-02 2.222714147452697214e-02 1.338989173709337344e-02 1.662840000000000151e-01
2.025760000000000061e-01 2.699219265065197840e-02 2.632341156034726654e-02 2.699219265065197840e-02 1.411390000000000144e-01 2.507413803419892076e-02 2.632341156034726307e-02 2.507413803419892423e-02 1.662840000000000151e-01
2.025760000000000061e-01 3.725984303954155141e-02 3.414307953555149183e-02 3.725984303954155141e-02 1.411390000000000144e-01 3.046701481653546484e-02 3.414307953555149183e-02 3.046701481653547178e-02 1.662840000000000151e-01
2.025760000000000061e-01 4.644287612196991433e-02 4.731852211861276025e-02 4.644287612196991433e-02 1.411390000000000144e-01 3.662250757006359908e-02 4.731852211861275331e-02 3.662250757006360602e-02 1.662840000000000151e-01
2.025760000000000061e-01 5.698781910329792783e-02 5.282958122496078657e-02 5.698781910329792783e-02 1.411390000000000144e-01 4.148368177405224733e-02 5.282958122496077963e-02 4.148368177405226120e-02 1.662840000000000151e-01
2.025760000000000061e-01 6.272869460680295661e-02 5.982179116162538585e-02 6.272869460680295661e-02 1.411390000000000144e-01 4.750438866829374829e-02 5.982179116162537197e-02 4.750438866829375523e-02 1.662840000000000151e-01
2.025760000000000061e-01 6.971028262313541668e-02 6.817562543152232146e-02 6.971028262313541668e-02 1.411390000000000144e-01 5.743142948645813678e-02 6.817562543152230758e-02 5.743142948645815066e-02 1.662840000000000151e-01
2.025760000000000061e-01 7.708189897532524704e-02 7.805939940973498359e-02 7.708189897532524704e-02 1.411390000000000144e-01 6.092792590263433616e-02 7.805939940973496971e-02 6.092792590263435004e-02 1.662840000000000151e-01
2.025760000000000061e-01 8.471665317979211463e-02 8.735690365492010390e-02 8.471665317979211463e-02 1.411390000000000144e-01 6.932492970018171163e-02 8.735690365492009002e-02 6.932492970018172551e-02 1.662840000000000151e-01
2.025760000000000061e-01 9.580384200944190576e-02 9.823773262828396080e-02 9.580384200944190576e-02 1.411390000000000144e-01 7.466198358702744176e-02 9.823773262828393305e-02 7.466198358702745563e-02 1.662840000000000151e-01
2.025760000000000061e-01 1.011695373256940034e-01 1.011567425874125292e-01 1.011695373256940034e-01 1.411390000000000144e-01 8.134661951657029544e-02 1.011567425874125015e-01 8.134661951657030932e-02 1.662840000000000151e-01
2.025760000000000061e-01 1.073878537207563488e-01 1.114112307816169101e-01 1.073878537207563488e-01 1.411390000000000144e-01 8.658957022078100918e-02 1.114112307816168962e-01 8.658957022078102306e-02 1.662840000000000151e-01
2.025760000000000061e-01 1.155286863988192747e-01 1.203819395333178138e-01 1.155286863988192747e-01 1.411390000000000144e-01 9.607815362842753171e-02 1.203819395333177861e-01 9.607815362842755946e-02 1.662840000000000151e-01
2.025760000000000061e-01 1.272431100182799257e-01 1.317450514755914293e-01 1.272431100182799257e-01 1.411390000000000144e-01 1.008207674517136304e-01 1.317450514755914015e-01 1.008207674517136443e-01 1.662840000000000151e-01
2.025760000000000061e-01 1.327805966027018614e-01 1.336200490657049600e-01 1.327805966027018614e-01 1.411390000000000144e-01 1.065436543953313664e-01 1.336200490657049600e-01 1.065436543953313941e-01 1.662840000000000151e-01
2.025760000000000061e-01 1.445716629900065109e-01 1.450188647662183916e-01 1.445716629900065109e-01 1.411390000000000144e-01 1.107923704766915901e-01 1.450188647662183639e-01 1.107923704766916179e-01 1.662840000000000151e-01
2.025760000000000061e-01 1.468438512664749507e-01 1.568988484404505723e-01 1.468438512664749507e-01 1.411390000000000144e-01 1.181706804311951214e-01 1.568988484404505446e-01 1.181706804311951492e-01 1.662840000000000151e-01
2.025760000000000061e-01 1.547919999999999852e-01 1.572719999999999951e-01 1.547919999999999852e-01 1.411390000000000144e-01 1.226739999999999775e-01 1.572719999999999674e-01 1.226740000000000053e-01 1.662840000000000151e-01
c: 
1.344999999999999973e+00
1.733000000000000096e+00
1.445000000000000062e+00
