CDF: 
1.900000000000000022e-01 2.300000000000000100e-01 4.500000000000000111e-01 1.000000000000000000e+00
1.700000000000000122e-01 2.000000000000000111e-01 3.400000000000000244e-01 1.000000000000000000e+00
4.299999999999999933e-01 5.899999999999999689e-01 7.199999999999999734e-01 1.000000000000000000e+00
sigma: 
1.857999999999999929e-01 2.043581811687517156e-03 4.249255315442413902e-03 2.043581811687517156e-03 1.758750000000000313e-01 3.752899071885445158e-03 4.249255315442413902e-03 3.752899071885444290e-03 1.810750000000000137e-01
1.857999999999999929e-01 1.276875974503907489e-02 1.139857154431946594e-02 1.276875974503907489e-02 1.758750000000000313e-01 5.661714857934163798e-03 1.139857154431946594e-02 5.661714857934162064e-03 1.810750000000000137e-01
1.857999999999999929e-01 2.441065643601712451e-02 1.897291910441470386e-02 2.441065643601712451e-02 1.758750000000000313e-01 1.313854749425053502e-02 1.897291910441470386e-02 1.313854749425053155e-02 1.810750000000000137e-01
1.857999999999999929e-01 2.946678464115129806e-02 2.387832718140679017e-02 2.946678464115129806e-02 1.758750000000000313e-01 1.898022416793869807e-02 2.387832718140679017e-02 1.898022416793869460e-02 1.810750000000000137e-01
1.857999999999999929e-01 3.307304560510943708e-02 2.826837447241055401e-02 3.307304560510943708e-02 1.758750000000000313e-01 2.328296512331503448e-02 2.826837447241055401e-02 2.328296512331502754e-02 1.810750000000000137e-01
1.857999999999999929e-01 4.222574057621791138e-02 3.951536651854704874e-02 4.222574057621791138e-02 1.758750000000000313e-01 2.788790320984140328e-02 3.951536651854704874e-02 2.788790320984139287e-02 1.810750000000000137e-01
1.857999999999999929e-01 5.515061208315596986e-02 4.615712339716469131e-02 5.515061208315596986e-02 1.758750000000000313e-01 3.138328293502507665e-02 4.615712339716469131e-02 3.138328293502506278e-02 1.810750000000000137e-01
1.857999999999999929e-01 6.399653368383308172e-02 4.839680808679953233e-02 6.399653368383308172e-02 1.758750000000000313e-01 3.703321060261845210e-02 4.839680808679953233e-02 3.703321060261844516e-02 1.810750000000000137e-01
1.857999999999999929e-01 7.419881614270257275e-02 5.806134380710355203e-02 7.419881614270257275e-02 1.758750000000000313e-01 4.477383043637328530e-02 5.806134380710355203e-02 4.477383043637327142e-02 1.810750000000000137e-01
1.857999999999999929e-01 7.999779093138378872e-02 6.110899809559829782e-02 7.999779093138378872e-02 1.758750000000000313e-01 4.760702114388041389e-02 6.110899809559829782e-02 4.760702114388040002e-02 1.810750000000000137e-01
1.857999999999999929e-01 8.374017908543279765e-02 7.002227151549907103e-02 8.374017908543279765e-02 1.758750000000000313e-01 5.508000589718390488e-02 7.002227151549907103e-02 5.508000589718389101e-02 1.810750000000000137e-01
1.857999999999999929e-01 9.311472947954045620e-02 7.883775834687384299e-02 9.311472947954045620e-02 1.758750000000000313e-01 6.236977225901309957e-02 7.883775834687384299e-02 6.236977225901308569e-02 1.810750000000000137e-01
1.857999999999999929e-01 1.032444454667770239e-01 8.479826718588216738e-02 1.032444454667770239e-01 1.758750000000000313e-01 6.728036006129488322e-02 8.479826718588216738e-02 6.728036006129486934e-02 1.810750000000000137e-01
1.857999999999999929e-01 1.124050114969592229e-01 9.008497193686644533e-02 1.124050114969592229e-01 1.758750000000000313e-01 6.789591106113707086e-02 9.008497193686644533e-02 6.789591106113704311e-02 1.810750000000000137e-01
1.857999999999999929e-01 1.170582630900018906e-01 9.392032829330566879e-02 1.170582630900018906e-01 1.758750000000000313e-01 7.328962776680607305e-02 9.392032829330566879e-02 7.328962776680605917e-02 1.810750000000000137e-01
1.857999999999999929e-01 1.258688809909497830e-01 9.961620396054211846e-02 1.258688809909497830e-01 1.758750000000000313e-01 8.177745810874971488e-02 9.961620396054211846e-02 8.177745810874968713e-02 1.810750000000000137e-01
1.857999999999999929e-01 1.326432482228243059e-01 1.072091471364315513e-01 1.326432482228243059e-01 1.758750000000000313e-01 8.514613020703035162e-02 1.072091471364315513e-01 8.514613020703033774e-02 1.810750000000000137e-01
1.857999999999999929e-01 1.449599491795122153e-01 1.177628170220711423e-01 1.449599491795122153e-01 1.758750000000000313e-01 8.999003170210581604e-02 1.177628170220711423e-01 8.999003170210580216e-02 1.810750000000000137e-01
1.857999999999999929e-01 1.507173824055794142e-01 1.216865980077491971e-01 1.507173824055794142e-01 1.758750000000000313e-01 9.847824615767798717e-02 1.216865980077491971e-01 9.847824615767795942e-02 1.810750000000000137e-01
1.857999999999999929e-01 1.567999999999999949e-01 1.259000000000000119e-01 1.567999999999999949e-01 1.758750000000000313e-01 9.882500000000002394e-02 1.259000000000000119e-01 9.882499999999999618e-02 1.810750000000000137e-01
c: 
1.514999999999999902e+00
2.216000000000000192e+00
2.938000000000000167e+00
