CDF: 
1.000000000000000056e-01 1.700000000000000122e-01 1.799999999999999933e-01 1.000000000000000000e+00
8.000000000000000167e-02 5.200000000000000178e-01 6.700000000000000400e-01 1.000000000000000000e+00
1.400000000000000133e-01 5.999999999999999778e-01 6.600000000000000311e-01 1.000000000000000000e+00
sigma: 
1.327000000000000124e-01 6.269281723078146216e-04 2.489542433642306929e-03 6.269281723078144047e-04 1.723390000000000200e-01 3.083070744822848292e-04 2.489542433642306929e-03 3.083070744822848834e-04 1.867840000000000333e-01
1.327000000000000124e-01 5.713499399551963918e-03 3.834964056501106913e-03 5.713499399551961316e-03 1.723390000000000200e-01 1.805579848316175157e-02 3.834964056501106913e-03 1.805579848316175504e-02 1.867840000000000333e-01
1.327000000000000124e-01 7.641794054228845737e-03 7.917343688231366292e-03 7.641794054228843135e-03 1.723390000000000200e-01 2.224908043841882649e-02 7.917343688231366292e-03 2.224908043841882996e-02 1.867840000000000333e-01
1.327000000000000124e-01 1.001116582128793418e-02 1.241888359574465014e-02 1.001116582128793071e-02 1.723390000000000200e-01 3.626816027352834648e-02 1.241888359574465014e-02 3.626816027352834648e-02 1.867840000000000333e-01
1.327000000000000124e-01 1.607918056274741311e-02 1.568194718453459063e-02 1.607918056274740964e-02 1.723390000000000200e-01 4.565454248482078703e-02 1.568194718453459063e-02 4.565454248482079397e-02 1.867840000000000333e-01
1.327000000000000124e-01 1.870843578377111641e-02 1.875878550969257985e-02 1.870843578377110947e-02 1.723390000000000200e-01 4.749380499712511222e-02 1.875878550969257985e-02 4.749380499712511916e-02 1.867840000000000333e-01
1.327000000000000124e-01 2.138678338871266571e-02 2.227522635125712969e-02 2.138678338871265877e-02 1.723390000000000200e-01 6.191604796630331004e-02 2.227522635125712969e-02 6.191604796630332391e-02 1.867840000000000333e-01
1.327000000000000124e-01 2.477543636571971283e-02 2.549880963385791482e-02 2.477543636571970589e-02 1.723390000000000200e-01 6.622041902988862194e-02 2.549880963385791482e-02 6.622041902988863582e-02 1.867840000000000333e-01
1.327000000000000124e-01 2.863264503966147720e-02 2.940411836167697648e-02 2.863264503966146679e-02 1.723390000000000200e-01 7.745068318747776182e-02 2.940411836167697648e-02 7.745068318747777569e-02 1.867840000000000333e-01
1.327000000000000124e-01 3.271794030702659950e-02 3.383161487025411474e-02 3.271794030702659256e-02 1.723390000000000200e-01 9.161736558739164149e-02 3.383161487025411474e-02 9.161736558739165537e-02 1.867840000000000333e-01
1.327000000000000124e-01 3.457029930009223456e-02 3.755633139069404491e-02 3.457029930009222762e-02 1.723390000000000200e-01 9.744256639987836088e-02 3.755633139069404491e-02 9.744256639987837476e-02 1.867840000000000333e-01
1.327000000000000124e-01 3.613461001952545520e-02 3.935102243885178069e-02 3.613461001952544133e-02 1.723390000000000200e-01 1.031532134472481765e-01 3.935102243885178069e-02 1.031532134472481904e-01 1.867840000000000333e-01
1.327000000000000124e-01 3.995992548957080781e-02 4.389316073090920867e-02 3.995992548957079393e-02 1.723390000000000200e-01 1.145278332387235087e-01 4.389316073090920867e-02 1.145278332387235226e-01 1.867840000000000333e-01
1.327000000000000124e-01 4.261683384630741978e-02 4.572923374532810586e-02 4.261683384630740590e-02 1.723390000000000200e-01 1.199791340790720279e-01 4.572923374532810586e-02 1.199791340790720556e-01 1.867840000000000333e-01
1.327000000000000124e-01 4.614900865622491299e-02 4.897417591703104311e-02 4.614900865622489912e-02 1.723390000000000200e-01 1.381960329369467944e-01 4.897417591703104311e-02 1.381960329369468221e-01 1.867840000000000333e-01
1.327000000000000124e-01 5.212100819332236151e-02 5.384598163395531989e-02 5.212100819332234070e-02 1.723390000000000200e-01 1.414681007663175782e-01 5.384598163395531989e-02 1.414681007663176060e-01 1.867840000000000333e-01
1.327000000000000124e-01 5.263389430443694839e-02 5.628643396876859689e-02 5.263389430443692757e-02 1.723390000000000200e-01 1.477471853223292497e-01 5.628643396876859689e-02 1.477471853223292775e-01 1.867840000000000333e-01
1.327000000000000124e-01 5.650233210271875944e-02 6.163576503862546602e-02 5.650233210271873863e-02 1.723390000000000200e-01 1.602366575951067740e-01 6.163576503862546602e-02 1.602366575951068017e-01 1.867840000000000333e-01
1.327000000000000124e-01 5.917082805566355880e-02 6.440455870912653591e-02 5.917082805566353798e-02 1.723390000000000200e-01 1.705514279344642059e-01 6.440455870912653591e-02 1.705514279344642337e-01 1.867840000000000333e-01
1.327000000000000124e-01 6.223000000000001447e-02 6.528000000000000469e-02 6.222999999999999365e-02 1.723390000000000200e-01 1.753240000000000076e-01 6.528000000000000469e-02 1.753240000000000354e-01 1.867840000000000333e-01
c: 
1.975000000000000089e+00
2.221000000000000085e+00
2.430000000000000160e+00
