CDF: 
2.999999999999999889e-01 4.799999999999999822e-01 6.199999999999999956e-01 1.000000000000000000e+00
1.799999999999999933e-01 2.600000000000000089e-01 4.400000000000000022e-01 1.000000000000000000e+00
4.899999999999999911e-01 5.100000000000000089e-01 6.999999999999999556e-01 1.000000000000000000e+00
sigma: 
1.868159999999999821e-01 5.179682130268184817e-03 3.832432154866506537e-03 5.179682130268183950e-03 1.720959999999999712e-01 6.265635013517371552e-03 3.832432154866506537e-03 6.265635013517371552e-03 1.867999999999999938e-01
1.868159999999999821e-01 9.473702533564542019e-03 9.527330561639213088e-03 9.473702533564540285e-03 1.720959999999999712e-01 7.444828610293326848e-03 9.527330561639213088e-03 7.444828610293326848e-03 1.867999999999999938e-01
1.868159999999999821e-01 1.958358386584556354e-02 2.289844805078831633e-02 1.958358386584556007e-02 1.720959999999999712e-01 1.489467949443308396e-02 2.289844805078831633e-02 1.489467949443308396e-02 1.867999999999999938e-01
1.868159999999999821e-01 2.628231025877563257e-02 2.786179272017162700e-02 2.628231025877562910e-02 1.720959999999999712e-01 2.292100899434434610e-02 2.786179272017162700e-02 2.292100899434434610e-02 1.867999999999999938e-01
1.868159999999999821e-01 3.311804627708268833e-02 3.821503349595344046e-02 3.311804627708268139e-02 1.720959999999999712e-01 2.865898128589769098e-02 3.821503349595344046e-02 2.865898128589769098e-02 1.867999999999999938e-01
1.868159999999999821e-01 4.054092864564258492e-02 5.374373445853631442e-02 4.054092864564257798e-02 1.720959999999999712e-01 3.951056000940382507e-02 5.374373445853631442e-02 3.951056000940382507e-02 1.867999999999999938e-01
1.868159999999999821e-01 5.487353949659660307e-02 6.100283551938027321e-02 5.487353949659659613e-02 1.720959999999999712e-01 4.794669300425685038e-02 6.100283551938027321e-02 4.794669300425685038e-02 1.867999999999999938e-01
1.868159999999999821e-01 5.662019347955617177e-02 6.833711689512415866e-02 5.662019347955616483e-02 1.720959999999999712e-01 5.513633495649108984e-02 6.833711689512415866e-02 5.513633495649108984e-02 1.867999999999999938e-01
1.868159999999999821e-01 6.463565079239706745e-02 7.992613928139419288e-02 6.463565079239705358e-02 1.720959999999999712e-01 6.222323772482180049e-02 7.992613928139419288e-02 6.222323772482180049e-02 1.867999999999999938e-01
1.868159999999999821e-01 7.824900293099538995e-02 8.486911532133827041e-02 7.824900293099537607e-02 1.720959999999999712e-01 6.510458837428505230e-02 8.486911532133827041e-02 6.510458837428505230e-02 1.867999999999999938e-01
1.868159999999999821e-01 7.906106839480402104e-02 9.561559924535109611e-02 7.906106839480400716e-02 1.720959999999999712e-01 7.566844754307580634e-02 9.561559924535109611e-02 7.566844754307580634e-02 1.867999999999999938e-01
1.868159999999999821e-01 8.711068466539309552e-02 1.006474057196952987e-01 8.711068466539308164e-02 1.720959999999999712e-01 7.802206987864883370e-02 1.006474057196952987e-01 7.802206987864883370e-02 1.867999999999999938e-01
1.868159999999999821e-01 9.872651222127015735e-02 1.112658866483831055e-01 9.872651222127014348e-02 1.720959999999999712e-01 8.854629452406144463e-02 1.112658866483831055e-01 8.854629452406144463e-02 1.867999999999999938e-01
1.868159999999999821e-01 1.045014396811703716e-01 1.261914039386552722e-01 1.045014396811703578e-01 1.720959999999999712e-01 9.430417064936541527e-02 1.261914039386552722e-01 9.430417064936541527e-02 1.867999999999999938e-01
1.868159999999999821e-01 1.110088639211462003e-01 1.324448733146659229e-01 1.110088639211461864e-01 1.720959999999999712e-01 1.042720015917124599e-01 1.324448733146659229e-01 1.042720015917124599e-01 1.867999999999999938e-01
1.868159999999999821e-01 1.242604129856602624e-01 1.389477711792499182e-01 1.242604129856602346e-01 1.720959999999999712e-01 1.094512566172100854e-01 1.389477711792499182e-01 1.094512566172100854e-01 1.867999999999999938e-01
1.868159999999999821e-01 1.265283171113913141e-01 1.456163351091586400e-01 1.265283171113912863e-01 1.720959999999999712e-01 1.133634670774728015e-01 1.456163351091586400e-01 1.133634670774728015e-01 1.867999999999999938e-01
1.868159999999999821e-01 1.338341691458891924e-01 1.572733556017901491e-01 1.338341691458891647e-01 1.720959999999999712e-01 1.252643286645497289e-01 1.572733556017901491e-01 1.252643286645497289e-01 1.867999999999999938e-01
1.868159999999999821e-01 1.415015375325889280e-01 1.661383571425318895e-01 1.415015375325889002e-01 1.720959999999999712e-01 1.329448700537929351e-01 1.661383571425318895e-01 1.329448700537929351e-01 1.867999999999999938e-01
1.868159999999999821e-01 1.493440000000000045e-01 1.718399999999999928e-01 1.493439999999999768e-01 1.720959999999999712e-01 1.337599999999999900e-01 1.718399999999999928e-01 1.337599999999999900e-01 1.867999999999999938e-01
c: 
1.094000000000000083e+00
1.116000000000000103e+00
2.894000000000000128e+00
