CDF: 
2.500000000000000000e-01 3.300000000000000155e-01 5.899999999999999689e-01 1.000000000000000000e+00
3.499999999999999778e-01 3.699999999999999956e-01 5.100000000000000089e-01 1.000000000000000000e+00
5.200000000000000178e-01 6.300000000000000044e-01 8.000000000000000444e-01 1.000000000000000000e+00
sigma: 
1.881839999999999902e-01 5.274885051755404640e-03 1.130064434552807652e-03 5.274885051755405507e-03 2.176440000000000596e-01 1.117261638171727087e-03 1.130064434552807869e-03 1.117261638171727087e-03 1.477559999999999985e-01
1.881839999999999902e-01 1.695247212826668515e-02 7.123786150965544760e-03 1.695247212826668862e-02 2.176440000000000596e-01 1.163284032126462100e-02 7.123786150965546494e-03 1.163284032126462100e-02 1.477559999999999985e-01
1.881839999999999902e-01 2.453926530896964261e-02 1.393485573866637232e-02 2.453926530896964608e-02 2.176440000000000596e-01 1.658295366239505991e-02 1.393485573866637579e-02 1.658295366239505991e-02 1.477559999999999985e-01
1.881839999999999902e-01 3.402686601186401955e-02 2.116052663830055719e-02 3.402686601186402648e-02 2.176440000000000596e-01 2.358238133722555946e-02 2.116052663830056066e-02 2.358238133722555946e-02 1.477559999999999985e-01
1.881839999999999902e-01 4.266781467310921255e-02 2.862215759003907192e-02 4.266781467310921949e-02 2.176440000000000596e-01 2.686835530488080465e-02 2.862215759003907886e-02 2.686835530488080465e-02 1.477559999999999985e-01
1.881839999999999902e-01 5.017189785219680620e-02 3.660882877948451464e-02 5.017189785219681314e-02 2.176440000000000596e-01 3.303359386164205630e-02 3.660882877948452158e-02 3.303359386164205630e-02 1.477559999999999985e-01
1.881839999999999902e-01 6.043152532482175265e-02 4.324882410083480400e-02 6.043152532482175959e-02 2.176440000000000596e-01 4.469601213988123184e-02 4.324882410083481787e-02 4.469601213988123184e-02 1.477559999999999985e-01
1.881839999999999902e-01 7.146055150107673282e-02 4.790066882584661373e-02 7.146055150107674669e-02 2.176440000000000596e-01 4.781240740494396152e-02 4.790066882584662067e-02 4.781240740494396152e-02 1.477559999999999985e-01
1.881839999999999902e-01 8.372078126757959149e-02 5.533109848223510818e-02 8.372078126757960537e-02 2.176440000000000596e-01 5.708775450879059049e-02 5.533109848223512206e-02 5.708775450879059049e-02 1.477559999999999985e-01
1.881839999999999902e-01 9.139338747430740539e-02 6.260247691630883848e-02 9.139338747430741927e-02 2.176440000000000596e-01 6.383430769696585294e-02 6.260247691630885236e-02 6.383430769696585294e-02 1.477559999999999985e-01
1.881839999999999902e-01 1.011004175939033689e-01 7.036218067394509057e-02 1.011004175939033828e-01 2.176440000000000596e-01 6.655317434621563222e-02 7.036218067394510445e-02 6.655317434621563222e-02 1.477559999999999985e-01
1.881839999999999902e-01 1.057708453575074148e-01 7.565512448158223657e-02 1.057708453575074287e-01 2.176440000000000596e-01 7.163008633718553897e-02 7.565512448158225045e-02 7.163008633718553897e-02 1.477559999999999985e-01
1.881839999999999902e-01 1.231736878291536247e-01 8.163512474003625785e-02 1.231736878291536386e-01 2.176440000000000596e-01 8.173328402683147087e-02 8.163512474003627173e-02 8.173328402683147087e-02 1.477559999999999985e-01
1.881839999999999902e-01 1.295267333549078304e-01 8.975979333393561965e-02 1.295267333549078581e-01 2.176440000000000596e-01 8.759430968432205256e-02 8.975979333393563353e-02 8.759430968432205256e-02 1.477559999999999985e-01
1.881839999999999902e-01 1.344104839277229790e-01 9.473994053370626833e-02 1.344104839277229790e-01 2.176440000000000596e-01 9.514052747917675634e-02 9.473994053370628221e-02 9.514052747917675634e-02 1.477559999999999985e-01
1.881839999999999902e-01 1.531229955372607476e-01 1.039002352835967369e-01 1.531229955372607754e-01 2.176440000000000596e-01 9.753826199497385441e-02 1.039002352835967646e-01 9.753826199497385441e-02 1.477559999999999985e-01
1.881839999999999902e-01 1.569073222605566198e-01 1.111082520533932805e-01 1.569073222605566476e-01 2.176440000000000596e-01 1.067746716387514699e-01 1.111082520533932944e-01 1.067746716387514699e-01 1.477559999999999985e-01
1.881839999999999902e-01 1.704544599510223746e-01 1.169719106629648203e-01 1.704544599510224023e-01 2.176440000000000596e-01 1.136462120660879371e-01 1.169719106629648481e-01 1.136462120660879371e-01 1.477559999999999985e-01
1.881839999999999902e-01 1.819335312106500624e-01 1.217330915220016657e-01 1.819335312106500901e-01 2.176440000000000596e-01 1.161475339769312970e-01 1.217330915220016935e-01 1.161475339769312970e-01 1.477559999999999985e-01
1.881839999999999902e-01 1.823359999999999981e-01 1.271479999999999833e-01 1.823360000000000258e-01 2.176440000000000596e-01 1.220920000000000061e-01 1.271480000000000110e-01 1.220920000000000061e-01 1.477559999999999985e-01
c: 
2.444999999999999840e+00
1.752999999999999892e+00
1.330000000000000071e+00
