CDF: 
3.499999999999999778e-01 6.600000000000000311e-01 7.399999999999999911e-01 1.000000000000000000e+00
3.200000000000000067e-01 3.800000000000000044e-01 4.699999999999999734e-01 1.000000000000000000e+00
2.200000000000000011e-01 5.500000000000000444e-01 6.899999999999999467e-01 1.000000000000000000e+00
sigma: 
1.710750000000000048e-01 7.346765686986235369e-04 3.953498136142560501e-03 7.346765686986234285e-04 2.217309999999999837e-01 5.148108472402801103e-03 3.953498136142560501e-03 5.148108472402801970e-03 1.776750000000000274e-01
1.710750000000000048e-01 1.167424161904610444e-02 1.064336338385329060e-02 1.167424161904610271e-02 2.217309999999999837e-01 9.413330166977016550e-03 1.064336338385329060e-02 9.413330166977018285e-03 1.776750000000000274e-01
1.710750000000000048e-01 1.703126959396705081e-02 2.189399069652395516e-02 1.703126959396704387e-02 2.217309999999999837e-01 1.993891227633026730e-02 2.189399069652395516e-02 1.993891227633027077e-02 1.776750000000000274e-01
1.710750000000000048e-01 2.155410661237598668e-02 3.381515616789323303e-02 2.155410661237597975e-02 2.217309999999999837e-01 2.539958366274852955e-02 3.381515616789323303e-02 2.539958366274853649e-02 1.776750000000000274e-01
1.710750000000000048e-01 3.021421060749601706e-02 3.756861065770495528e-02 3.021421060749601012e-02 2.217309999999999837e-01 3.459913383475473475e-02 3.756861065770495528e-02 3.459913383475474169e-02 1.776750000000000274e-01
1.710750000000000048e-01 3.731341668803670603e-02 4.861728285871617927e-02 3.731341668803669909e-02 2.217309999999999837e-01 4.454563784644029883e-02 4.861728285871617927e-02 4.454563784644031271e-02 1.776750000000000274e-01
1.710750000000000048e-01 4.537809684787375009e-02 5.401562772130839157e-02 4.537809684787374315e-02 2.217309999999999837e-01 5.292439919846372159e-02 5.401562772130839157e-02 5.292439919846372853e-02 1.776750000000000274e-01
1.710750000000000048e-01 5.032345333595215214e-02 6.125197582633565285e-02 5.032345333595214520e-02 2.217309999999999837e-01 5.861480779372878896e-02 6.125197582633565285e-02 5.861480779372880284e-02 1.776750000000000274e-01
1.710750000000000048e-01 5.456060366056222216e-02 7.546588263425381415e-02 5.456060366056220828e-02 2.217309999999999837e-01 6.412534959947346902e-02 7.546588263425381415e-02 6.412534959947348290e-02 1.776750000000000274e-01
1.710750000000000048e-01 6.268971424038970175e-02 8.310402547874638779e-02 6.268971424038968787e-02 2.217309999999999837e-01 7.367743880900118336e-02 8.310402547874638779e-02 7.367743880900119724e-02 1.776750000000000274e-01
1.710750000000000048e-01 6.832501069910797142e-02 9.042117305888307255e-02 6.832501069910795755e-02 2.217309999999999837e-01 8.342612049606812352e-02 9.042117305888307255e-02 8.342612049606815128e-02 1.776750000000000274e-01
1.710750000000000048e-01 7.971410880874275906e-02 9.735458212807231171e-02 7.971410880874274518e-02 2.217309999999999837e-01 8.744688280842538575e-02 9.735458212807231171e-02 8.744688280842539962e-02 1.776750000000000274e-01
1.710750000000000048e-01 8.424784243155453156e-02 1.076270385531545443e-01 8.424784243155451768e-02 2.217309999999999837e-01 9.683540090165064507e-02 1.076270385531545443e-01 9.683540090165067282e-02 1.776750000000000274e-01
1.710750000000000048e-01 9.066380254995785870e-02 1.124073689443954027e-01 9.066380254995783095e-02 2.217309999999999837e-01 1.041912258255410090e-01 1.124073689443954027e-01 1.041912258255410229e-01 1.776750000000000274e-01
1.710750000000000048e-01 1.003896102128693790e-01 1.211464042162833099e-01 1.003896102128693513e-01 2.217309999999999837e-01 1.106529642551221243e-01 1.211464042162833099e-01 1.106529642551221521e-01 1.776750000000000274e-01
1.710750000000000048e-01 1.051836964884712844e-01 1.299398742391728312e-01 1.051836964884712566e-01 2.217309999999999837e-01 1.166580508140226402e-01 1.299398742391728312e-01 1.166580508140226541e-01 1.776750000000000274e-01
1.710750000000000048e-01 1.107037963563922561e-01 1.435527384536318951e-01 1.107037963563922423e-01 2.217309999999999837e-01 1.302906135228525109e-01 1.435527384536318951e-01 1.302906135228525386e-01 1.776750000000000274e-01
1.710750000000000048e-01 1.212195115150817432e-01 1.522237171525369359e-01 1.212195115150817154e-01 2.217309999999999837e-01 1.368580293766891165e-01 1.522237171525369359e-01 1.368580293766891443e-01 1.776750000000000274e-01
1.710750000000000048e-01 1.239781158913994680e-01 1.585539643474977445e-01 1.239781158913994402e-01 2.217309999999999837e-01 1.462901304606879505e-01 1.585539643474977445e-01 1.462901304606879782e-01 1.776750000000000274e-01
1.710750000000000048e-01 1.286550000000000193e-01 1.617250000000000076e-01 1.286549999999999916e-01 2.217309999999999837e-01 1.465449999999999808e-01 1.617250000000000076e-01 1.465450000000000086e-01 1.776750000000000274e-01
c: 
2.307999999999999829e+00
2.900999999999999801e+00
1.923999999999999932e+00
