CDF: 
3.200000000000000067e-01 3.599999999999999867e-01 8.499999999999999778e-01 1.000000000000000000e+00
4.500000000000000111e-01 7.900000000000000355e-01 8.599999999999999867e-01 1.000000000000000000e+00
2.899999999999999800e-01 4.099999999999999756e-01 5.300000000000000266e-01 1.000000000000000000e+00
sigma: 
1.038990000000000191e-01 3.119550157039616568e-03 4.565232134888838611e-03 3.119550157039616568e-03 1.116749999999999965e-01 2.055702948989041393e-03 4.565232134888838611e-03 2.055702948989041393e-03 2.136760000000000048e-01
1.038990000000000191e-01 9.806320855095251865e-03 9.301865328986943030e-03 9.806320855095251865e-03 1.116749999999999965e-01 7.685622164515289872e-03 9.301865328986943030e-03 7.685622164515289872e-03 2.136760000000000048e-01
1.038990000000000191e-01 1.181841955878430890e-02 1.082047394763853421e-02 1.181841955878430890e-02 1.116749999999999965e-01 1.120432210989227850e-02 1.082047394763853421e-02 1.120432210989227850e-02 2.136760000000000048e-01
1.038990000000000191e-01 1.664164284536007871e-02 1.809330862470042919e-02 1.664164284536007871e-02 1.116749999999999965e-01 1.858561882412271965e-02 1.809330862470042919e-02 1.858561882412271965e-02 2.136760000000000048e-01
1.038990000000000191e-01 2.155177111045158619e-02 2.331089060279600486e-02 2.155177111045158619e-02 1.116749999999999965e-01 1.989416305124331458e-02 2.331089060279600486e-02 1.989416305124331458e-02 2.136760000000000048e-01
1.038990000000000191e-01 2.714281121267247618e-02 3.045739281556465727e-02 2.714281121267247618e-02 1.116749999999999965e-01 2.555572797691615591e-02 3.045739281556465727e-02 2.555572797691615591e-02 2.136760000000000048e-01
1.038990000000000191e-01 3.507178133755910893e-02 3.371720359831515551e-02 3.507178133755910893e-02 1.116749999999999965e-01 2.909542184374757506e-02 3.371720359831515551e-02 2.909542184374757506e-02 2.136760000000000048e-01
1.038990000000000191e-01 4.135085177580533067e-02 4.094672219973564259e-02 4.135085177580533067e-02 1.116749999999999965e-01 3.659357124810579120e-02 4.094672219973564259e-02 3.659357124810579120e-02 2.136760000000000048e-01
1.038990000000000191e-01 4.411021715390557596e-02 4.659704618841043616e-02 4.411021715390557596e-02 1.116749999999999965e-01 3.805391454070422563e-02 4.659704618841043616e-02 3.805391454070422563e-02 2.136760000000000048e-01
1.038990000000000191e-01 4.757169437044538041e-02 4.994301359285531483e-02 4.757169437044538041e-02 1.116749999999999965e-01 4.603664358331521073e-02 4.994301359285531483e-02 4.603664358331521073e-02 2.136760000000000048e-01
1.038990000000000191e-01 5.303703736304388183e-02 5.848055085156043942e-02 5.303703736304388183e-02 1.116749999999999965e-01 5.088194064049223614e-02 5.848055085156043942e-02 5.088194064049223614e-02 2.136760000000000048e-01
1.038990000000000191e-01 6.239070838888100684e-02 5.995995027967365720e-02 6.239070838888100684e-02 1.116749999999999965e-01 5.502202424218922278e-02 5.995995027967365720e-02 5.502202424218922278e-02 2.136760000000000048e-01
1.038990000000000191e-01 6.571847692316454270e-02 6.872591549999584881e-02 6.571847692316454270e-02 1.116749999999999965e-01 5.984847820595379925e-02 6.872591549999584881e-02 5.984847820595379925e-02 2.136760000000000048e-01
1.038990000000000191e-01 7.122752198648021893e-02 7.186204645410659841e-02 7.122752198648021893e-02 1.116749999999999965e-01 6.234574209785333915e-02 7.186204645410659841e-02 6.234574209785333915e-02 2.136760000000000048e-01
1.038990000000000191e-01 7.575555219561680431e-02 8.051468618101197128e-02 7.575555219561680431e-02 1.116749999999999965e-01 6.592197355325268848e-02 8.051468618101197128e-02 6.592197355325268848e-02 2.136760000000000048e-01
1.038990000000000191e-01 8.324285298712728876e-02 8.476468120458896527e-02 8.324285298712728876e-02 1.116749999999999965e-01 7.150408797850078824e-02 8.476468120458896527e-02 7.150408797850078824e-02 2.136760000000000048e-01
1.038990000000000191e-01 8.802155954731097354e-02 8.887350618411944680e-02 8.802155954731097354e-02 1.116749999999999965e-01 7.505177629396092565e-02 8.887350618411944680e-02 7.505177629396092565e-02 2.136760000000000048e-01
1.038990000000000191e-01 9.344690056363311181e-02 9.389227072777824035e-02 9.344690056363311181e-02 1.116749999999999965e-01 7.924743094950022215e-02 9.389227072777824035e-02 7.924743094950022215e-02 2.136760000000000048e-01
1.038990000000000191e-01 9.871737047611700566e-02 1.023134438372109017e-01 9.871737047611700566e-02 1.116749999999999965e-01 8.619171171727521563e-02 1.023134438372109017e-01 8.619171171727521563e-02 2.136760000000000048e-01
1.038990000000000191e-01 9.990500000000000769e-02 1.027819999999999845e-01 9.990500000000000769e-02 1.116749999999999965e-01 8.838999999999999635e-02 1.027819999999999845e-01 8.838999999999999635e-02 2.136760000000000048e-01
c: 
2.236000000000000210e+00
1.673000000000000043e+00
1.443000000000000060e+00
