CDF: 
8.999999999999999667e-02 1.100000000000000006e-01 6.099999999999999867e-01 1.000000000000000000e+00
4.199999999999999845e-01 4.500000000000000111e-01 6.400000000000000133e-01 1.000000000000000000e+00
7.000000000000000666e-02 4.299999999999999933e-01 6.800000000000000488e-01 1.000000000000000000e+00
sigma: 
1.179639999999999994e-01 2.958653532159315203e-03 1.942059999912423363e-03 2.958653532159315203e-03 1.962360000000000215e-01 7.512183579254097347e-03 1.942059999912423580e-03 7.512183579254097347e-03 1.323360000000000092e-01
1.179639999999999994e-01 1.168708011843174084e-02 9.097347192816815017e-03 1.168708011843174084e-02 1.962360000000000215e-01 9.800205351030663939e-03 9.097347192816816752e-03 9.800205351030663939e-03 1.323360000000000092e-01
1.179639999999999994e-01 1.610178147230655055e-02 1.328619921203407633e-02 1.610178147230655055e-02 1.962360000000000215e-01 1.704612893267884108e-02 1.328619921203407807e-02 1.704612893267884108e-02 1.323360000000000092e-01
1.179639999999999994e-01 2.460429510387477162e-02 2.247313521166846226e-02 2.460429510387477162e-02 1.962360000000000215e-01 3.009874554949551473e-02 2.247313521166846226e-02 3.009874554949551473e-02 1.323360000000000092e-01
1.179639999999999994e-01 2.928094829433670887e-02 2.825440647361494167e-02 2.928094829433670887e-02 1.962360000000000215e-01 3.907296554143662587e-02 2.825440647361494514e-02 3.907296554143662587e-02 1.323360000000000092e-01
1.179639999999999994e-01 3.795181352196345254e-02 2.941327044361378984e-02 3.795181352196345254e-02 1.962360000000000215e-01 4.744059477101173622e-02 2.941327044361379331e-02 4.744059477101173622e-02 1.323360000000000092e-01
1.179639999999999994e-01 5.049661469159501953e-02 3.829848838500778813e-02 5.049661469159501953e-02 1.962360000000000215e-01 5.306671311535284680e-02 3.829848838500779507e-02 5.306671311535284680e-02 1.323360000000000092e-01
1.179639999999999994e-01 5.073711823390743975e-02 4.486326469464804734e-02 5.073711823390743975e-02 1.962360000000000215e-01 6.254364358066265284e-02 4.486326469464805428e-02 6.254364358066265284e-02 1.323360000000000092e-01
1.179639999999999994e-01 6.398387302531759191e-02 5.146624922020198722e-02 6.398387302531759191e-02 1.962360000000000215e-01 6.569519934194531507e-02 5.146624922020199416e-02 6.569519934194531507e-02 1.323360000000000092e-01
1.179639999999999994e-01 7.182410558817226010e-02 5.449483898292476619e-02 7.182410558817226010e-02 1.962360000000000215e-01 7.926499191848207504e-02 5.449483898292477313e-02 7.926499191848207504e-02 1.323360000000000092e-01
1.179639999999999994e-01 7.537837692653910626e-02 5.989588434337917572e-02 7.537837692653910626e-02 1.962360000000000215e-01 7.950306120470698734e-02 5.989588434337918266e-02 7.950306120470698734e-02 1.323360000000000092e-01
1.179639999999999994e-01 8.430800949529050625e-02 6.909484825970751976e-02 8.430800949529050625e-02 1.962360000000000215e-01 9.524510697174617957e-02 6.909484825970753363e-02 9.524510697174617957e-02 1.323360000000000092e-01
1.179639999999999994e-01 9.295100439933527692e-02 7.553936945637824973e-02 9.295100439933527692e-02 1.962360000000000215e-01 9.874580754632961144e-02 7.553936945637824973e-02 9.874580754632961144e-02 1.323360000000000092e-01
1.179639999999999994e-01 9.998937058921265886e-02 8.011278648313874262e-02 9.998937058921265886e-02 1.962360000000000215e-01 1.036357197103866118e-01 8.011278648313875650e-02 1.036357197103866118e-01 1.323360000000000092e-01
1.179639999999999994e-01 1.040299543299243040e-01 8.463765384886903775e-02 1.040299543299243040e-01 1.962360000000000215e-01 1.185066501531077954e-01 8.463765384886905163e-02 1.185066501531077954e-01 1.323360000000000092e-01
1.179639999999999994e-01 1.091302098327580627e-01 8.893757383581539500e-02 1.091302098327580627e-01 1.962360000000000215e-01 1.207463918322235069e-01 8.893757383581540887e-02 1.207463918322235069e-01 1.323360000000000092e-01
1.179639999999999994e-01 1.221257786737437318e-01 9.886593271235620539e-02 1.221257786737437318e-01 1.962360000000000215e-01 1.318422474064569749e-01 9.886593271235621927e-02 1.318422474064569749e-01 1.323360000000000092e-01
1.179639999999999994e-01 1.246372202925570549e-01 9.955802723235987473e-02 1.246372202925570549e-01 1.962360000000000215e-01 1.397508086221500301e-01 9.955802723235988860e-02 1.397508086221500301e-01 1.323360000000000092e-01
1.179639999999999994e-01 1.334975693463120727e-01 1.068790886771742304e-01 1.334975693463120727e-01 1.962360000000000215e-01 1.467175854813629610e-01 1.068790886771742443e-01 1.467175854813629610e-01 1.323360000000000092e-01
1.179639999999999994e-01 1.374520000000000186e-01 1.109519999999999951e-01 1.374520000000000186e-01 1.962360000000000215e-01 1.509360000000000146e-01 1.109520000000000090e-01 1.509360000000000146e-01 1.323360000000000092e-01
c: 
1.794999999999999929e+00
2.754000000000000004e+00
1.455999999999999961e+00
