CDF: 
1.900000000000000022e-01 2.999999999999999889e-01 3.099999999999999978e-01 1.000000000000000000e+00
1.700000000000000122e-01 4.600000000000000200e-01 6.800000000000000488e-01 1.000000000000000000e+00
2.099999999999999922e-01 2.200000000000000011e-01 5.699999999999999512e-01 1.000000000000000000e+00
sigma: 
1.833440000000000070e-01 3.780638057000047705e-03 5.013949182924822175e-03 3.780638057000047271e-03 1.496440000000000270e-01 3.803119784797260369e-03 5.013949182924822175e-03 3.803119784797260369e-03 1.592159999999999964e-01
1.833440000000000070e-01 9.137075311386190848e-03 1.291397213104731635e-02 9.137075311386189114e-03 1.496440000000000270e-01 1.260303977399248460e-02 1.291397213104731635e-02 1.260303977399248460e-02 1.592159999999999964e-01
1.833440000000000070e-01 1.711716597045070259e-02 1.494838826069984881e-02 1.711716597045069913e-02 1.496440000000000270e-01 1.655462394757948805e-02 1.494838826069984881e-02 1.655462394757948805e-02 1.592159999999999964e-01
1.833440000000000070e-01 2.045825334077762056e-02 2.769120768771036675e-02 2.045825334077761709e-02 1.496440000000000270e-01 2.431301972406714126e-02 2.769120768771036675e-02 2.431301972406714126e-02 1.592159999999999964e-01
1.833440000000000070e-01 2.614418245501456614e-02 2.888492027467219267e-02 2.614418245501456267e-02 1.496440000000000270e-01 3.478363827315603812e-02 2.888492027467219267e-02 3.478363827315603812e-02 1.592159999999999964e-01
1.833440000000000070e-01 3.333964632117801530e-02 4.134261902181547710e-02 3.333964632117801530e-02 1.496440000000000270e-01 3.599929482645960327e-02 4.134261902181547710e-02 3.599929482645960327e-02 1.592159999999999964e-01
1.833440000000000070e-01 3.732417344160787742e-02 4.591034480654449662e-02 3.732417344160787742e-02 1.496440000000000270e-01 4.857920528531910198e-02 4.591034480654449662e-02 4.857920528531910198e-02 1.592159999999999964e-01
1.833440000000000070e-01 4.395653813559983331e-02 5.409588754418081374e-02 4.395653813559982637e-02 1.496440000000000270e-01 5.008646511597669021e-02 5.409588754418081374e-02 5.008646511597669021e-02 1.592159999999999964e-01
1.833440000000000070e-01 4.813805844951821178e-02 5.634850364123180494e-02 4.813805844951820484e-02 1.496440000000000270e-01 5.730421289776742311e-02 5.634850364123180494e-02 5.730421289776742311e-02 1.592159999999999964e-01
1.833440000000000070e-01 5.517796358491655617e-02 6.422668014004234704e-02 5.517796358491654923e-02 1.496440000000000270e-01 6.934868458476584063e-02 6.422668014004234704e-02 6.934868458476584063e-02 1.592159999999999964e-01
1.833440000000000070e-01 6.123055895836378854e-02 7.622574446549604255e-02 6.123055895836378160e-02 1.496440000000000270e-01 7.725521813799453297e-02 7.622574446549604255e-02 7.725521813799453297e-02 1.592159999999999964e-01
1.833440000000000070e-01 6.487947798084531259e-02 8.189468459316538718e-02 6.487947798084529871e-02 1.496440000000000270e-01 7.928570975274989996e-02 8.189468459316538718e-02 7.928570975274989996e-02 1.592159999999999964e-01
1.833440000000000070e-01 7.457620427889175008e-02 8.436822813587349645e-02 7.457620427889173620e-02 1.496440000000000270e-01 9.040544916800960507e-02 8.436822813587349645e-02 9.040544916800960507e-02 1.592159999999999964e-01
1.833440000000000070e-01 7.794798510581077422e-02 9.266542879047852399e-02 7.794798510581076034e-02 1.496440000000000270e-01 9.458743776500168343e-02 9.266542879047852399e-02 9.458743776500168343e-02 1.592159999999999964e-01
1.833440000000000070e-01 8.237613065647444999e-02 9.837509157367012314e-02 8.237613065647443611e-02 1.496440000000000270e-01 1.022239017180555098e-01 9.837509157367012314e-02 1.022239017180555098e-01 1.592159999999999964e-01
1.833440000000000070e-01 8.954405267551157621e-02 1.076791840890147928e-01 8.954405267551156233e-02 1.496440000000000270e-01 1.098323688103834406e-01 1.076791840890147928e-01 1.098323688103834406e-01 1.592159999999999964e-01
1.833440000000000070e-01 9.388695374218376799e-02 1.163909423888370986e-01 9.388695374218375411e-02 1.496440000000000270e-01 1.176659302317620004e-01 1.163909423888370986e-01 1.176659302317620004e-01 1.592159999999999964e-01
1.833440000000000070e-01 9.989320468557896793e-02 1.241626766391287356e-01 9.989320468557895405e-02 1.496440000000000270e-01 1.223452702847229318e-01 1.241626766391287356e-01 1.223452702847229318e-01 1.592159999999999964e-01
1.833440000000000070e-01 1.055587482574157354e-01 1.315212286593848978e-01 1.055587482574157215e-01 1.496440000000000270e-01 1.336620513767544927e-01 1.315212286593848978e-01 1.336620513767544927e-01 1.592159999999999964e-01
1.833440000000000070e-01 1.095440000000000164e-01 1.328480000000000216e-01 1.095440000000000025e-01 1.496440000000000270e-01 1.346479999999999899e-01 1.328480000000000216e-01 1.346479999999999899e-01 1.592159999999999964e-01
c: 
1.562000000000000055e+00
2.470000000000000195e+00
2.209999999999999964e+00
