CDF: 
5.000000000000000278e-02 5.799999999999999600e-01 6.999999999999999556e-01 1.000000000000000000e+00
1.100000000000000006e-01 1.600000000000000033e-01 3.099999999999999978e-01 1.000000000000000000e+00
1.499999999999999944e-01 4.000000000000000222e-01 6.300000000000000044e-01 1.000000000000000000e+00
sigma: 
1.342840000000000145e-01 2.959607609869899323e-03 2.948244537565192485e-03 2.959607609869899323e-03 1.383999999999999952e-01 3.040432124752868656e-03 2.948244537565192485e-03 3.040432124752868222e-03 1.546559999999999879e-01
1.342840000000000145e-01 5.494503065269750082e-03 6.767139371610913189e-03 5.494503065269750082e-03 1.383999999999999952e-01 1.012421532026145862e-02 6.767139371610913189e-03 1.012421532026145689e-02 1.546559999999999879e-01
1.342840000000000145e-01 7.665579656059966392e-03 1.804053850718799132e-02 7.665579656059966392e-03 1.383999999999999952e-01 1.417559096774653575e-02 1.804053850718799132e-02 1.417559096774653402e-02 1.546559999999999879e-01
1.342840000000000145e-01 1.308842801061035725e-02 2.154461034253041252e-02 1.308842801061035725e-02 1.383999999999999952e-01 1.921011728653716430e-02 2.154461034253041252e-02 1.921011728653716083e-02 1.546559999999999879e-01
1.342840000000000145e-01 1.591436007782789930e-02 2.974803511432689077e-02 1.591436007782789930e-02 1.383999999999999952e-01 2.601409166668628217e-02 2.974803511432689077e-02 2.601409166668627870e-02 1.546559999999999879e-01
1.342840000000000145e-01 2.099217076679743554e-02 3.621785980391294818e-02 2.099217076679743554e-02 1.383999999999999952e-01 2.822035741529741945e-02 3.621785980391294818e-02 2.822035741529741598e-02 1.546559999999999879e-01
1.342840000000000145e-01 2.348549535509996886e-02 4.227403493345661262e-02 2.348549535509996886e-02 1.383999999999999952e-01 3.750338411824616358e-02 4.227403493345661262e-02 3.750338411824615664e-02 1.546559999999999879e-01
1.342840000000000145e-01 2.644056345515434503e-02 4.862697073042463597e-02 2.644056345515434503e-02 1.383999999999999952e-01 3.900828535607069741e-02 4.862697073042463597e-02 3.900828535607069047e-02 1.546559999999999879e-01
1.342840000000000145e-01 3.062465972055804231e-02 5.909203423737520444e-02 3.062465972055804231e-02 1.383999999999999952e-01 4.350482031053930221e-02 5.909203423737520444e-02 4.350482031053930221e-02 1.546559999999999879e-01
1.342840000000000145e-01 3.635592444367059806e-02 6.577367658935902306e-02 3.635592444367059806e-02 1.383999999999999952e-01 5.136377607708454696e-02 6.577367658935902306e-02 5.136377607708454002e-02 1.546559999999999879e-01
1.342840000000000145e-01 3.767250720755878357e-02 7.227889640325972642e-02 3.767250720755878357e-02 1.383999999999999952e-01 5.714207268207963097e-02 7.227889640325972642e-02 5.714207268207962404e-02 1.546559999999999879e-01
1.342840000000000145e-01 4.316373638942361257e-02 7.549049470564275777e-02 4.316373638942361257e-02 1.383999999999999952e-01 6.086721872893429558e-02 7.549049470564275777e-02 6.086721872893428170e-02 1.546559999999999879e-01
1.342840000000000145e-01 4.604297223657074362e-02 8.500765364460549645e-02 4.604297223657074362e-02 1.383999999999999952e-01 6.808392758878512030e-02 8.500765364460549645e-02 6.808392758878512030e-02 1.546559999999999879e-01
1.342840000000000145e-01 5.218640985554525574e-02 8.906964690684439356e-02 5.218640985554525574e-02 1.383999999999999952e-01 7.402754969493494097e-02 8.906964690684439356e-02 7.402754969493492709e-02 1.546559999999999879e-01
1.342840000000000145e-01 5.316813039075461017e-02 9.484402134031193199e-02 5.316813039075461017e-02 1.383999999999999952e-01 7.780252141867982640e-02 9.484402134031193199e-02 7.780252141867981253e-02 1.546559999999999879e-01
1.342840000000000145e-01 5.906786286208857983e-02 1.044232067728605856e-01 5.906786286208857983e-02 1.383999999999999952e-01 8.514399239748356163e-02 1.044232067728605856e-01 8.514399239748354775e-02 1.546559999999999879e-01
1.342840000000000145e-01 6.125283697171738512e-02 1.137337437110379212e-01 6.125283697171738512e-02 1.383999999999999952e-01 8.958919845399211657e-02 1.137337437110379212e-01 8.958919845399210269e-02 1.546559999999999879e-01
1.342840000000000145e-01 6.619017409365156313e-02 1.211657978851896494e-01 6.619017409365156313e-02 1.383999999999999952e-01 9.608006629817580913e-02 1.211657978851896494e-01 9.608006629817579525e-02 1.546559999999999879e-01
1.342840000000000145e-01 7.059925300411712401e-02 1.219403275220624638e-01 7.059925300411712401e-02 1.383999999999999952e-01 9.877275528322165821e-02 1.219403275220624638e-01 9.877275528322164433e-02 1.546559999999999879e-01
1.342840000000000145e-01 7.095999999999999530e-02 1.279520000000000102e-01 7.095999999999999530e-02 1.383999999999999952e-01 1.032800000000000107e-01 1.279520000000000102e-01 1.032799999999999968e-01 1.546559999999999879e-01
c: 
2.560000000000000053e+00
2.271999999999999797e+00
2.858999999999999986e+00
