CDF: 
3.699999999999999956e-01 6.700000000000000400e-01 8.299999999999999600e-01 1.000000000000000000e+00
1.000000000000000056e-01 1.900000000000000022e-01 6.600000000000000311e-01 1.000000000000000000e+00
1.100000000000000006e-01 5.699999999999999512e-01 6.099999999999999867e-01 1.000000000000000000e+00
sigma: 
1.211640000000000217e-01 1.043209005136214824e-03 3.521796082592853778e-04 1.043209005136214824e-03 1.206840000000000135e-01 5.855225046772847240e-03 3.521796082592854862e-04 5.855225046772847240e-03 1.667960000000000276e-01
1.211640000000000217e-01 9.130125999965094455e-03 1.121684212267711270e-02 9.130125999965094455e-03 1.206840000000000135e-01 8.260860204892880518e-03 1.121684212267711617e-02 8.260860204892880518e-03 1.667960000000000276e-01
1.211640000000000217e-01 1.394565510320274968e-02 1.408214046622895121e-02 1.394565510320274968e-02 1.206840000000000135e-01 1.927077111955750530e-02 1.408214046622895468e-02 1.927077111955750530e-02 1.667960000000000276e-01
1.211640000000000217e-01 1.878123967888723628e-02 2.153951151727149030e-02 1.878123967888723628e-02 1.206840000000000135e-01 2.667419660723778854e-02 2.153951151727149377e-02 2.667419660723778854e-02 1.667960000000000276e-01
1.211640000000000217e-01 2.129878158213929437e-02 2.675494629034534666e-02 2.129878158213929437e-02 1.206840000000000135e-01 2.827588499471871478e-02 2.675494629034535360e-02 2.827588499471871478e-02 1.667960000000000276e-01
1.211640000000000217e-01 2.901653199399835403e-02 2.933432035530275997e-02 2.901653199399835403e-02 1.206840000000000135e-01 3.686545173348480114e-02 2.933432035530276691e-02 3.686545173348480114e-02 1.667960000000000276e-01
1.211640000000000217e-01 3.147781793850384924e-02 3.992400152780527234e-02 3.147781793850384924e-02 1.206840000000000135e-01 4.568566604456626018e-02 3.992400152780527928e-02 4.568566604456626018e-02 1.667960000000000276e-01
1.211640000000000217e-01 3.685189407959246766e-02 4.140961158371123801e-02 3.685189407959246766e-02 1.206840000000000135e-01 4.908915507630851049e-02 4.140961158371124495e-02 4.908915507630851049e-02 1.667960000000000276e-01
1.211640000000000217e-01 4.565327956080206251e-02 5.212892946642852521e-02 4.565327956080206251e-02 1.206840000000000135e-01 5.804561824416048371e-02 5.212892946642853909e-02 5.804561824416048371e-02 1.667960000000000276e-01
1.211640000000000217e-01 5.151452021583031310e-02 5.404735668485786959e-02 5.151452021583031310e-02 1.206840000000000135e-01 6.277797253385405951e-02 5.404735668485788347e-02 6.277797253385405951e-02 1.667960000000000276e-01
1.211640000000000217e-01 5.312436517146991444e-02 5.883520572038344887e-02 5.312436517146991444e-02 1.206840000000000135e-01 7.293350786427997556e-02 5.883520572038346275e-02 7.293350786427997556e-02 1.667960000000000276e-01
1.211640000000000217e-01 6.158796028660131622e-02 6.990956055132631353e-02 6.158796028660131622e-02 1.206840000000000135e-01 7.775075664435057710e-02 6.990956055132632740e-02 7.775075664435057710e-02 1.667960000000000276e-01
1.211640000000000217e-01 6.747714055041634240e-02 7.195964722545691861e-02 6.747714055041634240e-02 1.206840000000000135e-01 8.610649204190613804e-02 7.195964722545694636e-02 8.610649204190613804e-02 1.667960000000000276e-01
1.211640000000000217e-01 7.257862496195917335e-02 7.819362443449995315e-02 7.257862496195917335e-02 1.206840000000000135e-01 9.227408671384632055e-02 7.819362443449998090e-02 9.227408671384632055e-02 1.667960000000000276e-01
1.211640000000000217e-01 7.550864797359482794e-02 8.680079707371964048e-02 7.550864797359482794e-02 1.206840000000000135e-01 9.604137361048163679e-02 8.680079707371966824e-02 9.604137361048163679e-02 1.667960000000000276e-01
1.211640000000000217e-01 7.974597682520861985e-02 9.257255275221505653e-02 7.974597682520861985e-02 1.206840000000000135e-01 1.022490329992083030e-01 9.257255275221507040e-02 1.022490329992083030e-01 1.667960000000000276e-01
1.211640000000000217e-01 8.513707564098708935e-02 9.506780679537922552e-02 8.513707564098708935e-02 1.206840000000000135e-01 1.115728789281787425e-01 9.506780679537925327e-02 1.115728789281787425e-01 1.667960000000000276e-01
1.211640000000000217e-01 9.154666445274592390e-02 1.017132292243005526e-01 9.154666445274592390e-02 1.206840000000000135e-01 1.211116438307431598e-01 1.017132292243005803e-01 1.211116438307431598e-01 1.667960000000000276e-01
1.211640000000000217e-01 9.699829844475157947e-02 1.091061564068554340e-01 9.699829844475157947e-02 1.206840000000000135e-01 1.272794995349061375e-01 1.091061564068554618e-01 1.272794995349061375e-01 1.667960000000000276e-01
1.211640000000000217e-01 9.867599999999999982e-02 1.107879999999999976e-01 9.867599999999999982e-02 1.206840000000000135e-01 1.280920000000000114e-01 1.107880000000000253e-01 1.280920000000000114e-01 1.667960000000000276e-01
c: 
2.749000000000000110e+00
1.497000000000000108e+00
1.645000000000000018e+00
