CDF: 
3.099999999999999978e-01 4.799999999999999822e-01 5.000000000000000000e-01 1.000000000000000000e+00
1.199999999999999956e-01 1.600000000000000033e-01 3.699999999999999956e-01 1.000000000000000000e+00
4.099999999999999756e-01 5.200000000000000178e-01 7.399999999999999911e-01 1.000000000000000000e+00
sigma: 
2.299710000000000087e-01 6.503469038849840557e-05 1.967457543611507518e-03 6.503469038849840557e-05 1.634910000000000252e-01 1.700950622764069164e-03 1.967457543611507084e-03 1.700950622764069164e-03 1.673310000000000075e-01
2.299710000000000087e-01 1.348658243239592332e-02 1.565752474994492813e-02 1.348658243239592158e-02 1.634910000000000252e-01 6.102462776870379996e-03 1.565752474994492466e-02 6.102462776870379996e-03 1.673310000000000075e-01
2.299710000000000087e-01 2.079709030789746171e-02 2.395040417371055094e-02 2.079709030789745824e-02 1.634910000000000252e-01 1.518697804355402699e-02 2.395040417371054747e-02 1.518697804355402699e-02 1.673310000000000075e-01
2.299710000000000087e-01 3.020239244491236541e-02 2.893574628356879175e-02 3.020239244491235847e-02 1.634910000000000252e-01 1.637997924435472680e-02 2.893574628356878481e-02 1.637997924435472680e-02 1.673310000000000075e-01
2.299710000000000087e-01 3.910058610876578772e-02 3.932561025340346184e-02 3.910058610876578078e-02 1.634910000000000252e-01 2.565648493663107502e-02 3.932561025340345490e-02 2.565648493663107502e-02 1.673310000000000075e-01
2.299710000000000087e-01 4.254091528837443403e-02 4.136907587720374535e-02 4.254091528837442709e-02 1.634910000000000252e-01 3.176681545633953940e-02 4.136907587720373841e-02 3.176681545633953940e-02 1.673310000000000075e-01
2.299710000000000087e-01 5.617983948341878642e-02 5.253819255161192026e-02 5.617983948341877948e-02 1.634910000000000252e-01 3.628482549357360532e-02 5.253819255161190638e-02 3.628482549357360532e-02 1.673310000000000075e-01
2.299710000000000087e-01 6.178195556795210847e-02 6.090452276723771347e-02 6.178195556795210153e-02 1.634910000000000252e-01 3.973927166038955516e-02 6.090452276723770653e-02 3.973927166038955516e-02 1.673310000000000075e-01
2.299710000000000087e-01 7.074699942426523891e-02 7.153530127306388653e-02 7.074699942426522503e-02 1.634910000000000252e-01 4.665121134972589206e-02 7.153530127306387265e-02 4.665121134972589206e-02 1.673310000000000075e-01
2.299710000000000087e-01 7.358029485765224531e-02 7.612475068331224504e-02 7.358029485765223143e-02 1.634910000000000252e-01 5.329778626174570821e-02 7.612475068331223116e-02 5.329778626174570821e-02 1.673310000000000075e-01
2.299710000000000087e-01 8.754105492536273792e-02 8.489958383141450737e-02 8.754105492536272404e-02 1.634910000000000252e-01 5.874905632400680144e-02 8.489958383141449350e-02 5.874905632400680144e-02 1.673310000000000075e-01
2.299710000000000087e-01 9.639435419537828453e-02 8.913314166867730703e-02 9.639435419537827066e-02 1.634910000000000252e-01 6.409330357372371167e-02 8.913314166867729316e-02 6.409330357372371167e-02 1.673310000000000075e-01
2.299710000000000087e-01 1.010107422992771176e-01 9.987767421430238102e-02 1.010107422992771037e-01 1.634910000000000252e-01 6.930453922411233814e-02 9.987767421430236714e-02 6.930453922411233814e-02 1.673310000000000075e-01
2.299710000000000087e-01 1.109278075868110613e-01 1.057985741940346142e-01 1.109278075868110475e-01 1.634910000000000252e-01 7.194581952175735373e-02 1.057985741940346003e-01 7.194581952175735373e-02 1.673310000000000075e-01
2.299710000000000087e-01 1.167336942749954004e-01 1.127945401792969232e-01 1.167336942749953865e-01 1.634910000000000252e-01 7.598889494832133940e-02 1.127945401792968955e-01 7.598889494832133940e-02 1.673310000000000075e-01
2.299710000000000087e-01 1.275897308675494057e-01 1.273987863500105899e-01 1.275897308675493780e-01 1.634910000000000252e-01 8.516875241959886988e-02 1.273987863500105622e-01 8.516875241959886988e-02 1.673310000000000075e-01
2.299710000000000087e-01 1.325040760768110004e-01 1.346859038956631227e-01 1.325040760768109727e-01 1.634910000000000252e-01 8.916139543770359999e-02 1.346859038956630950e-01 8.916139543770359999e-02 1.673310000000000075e-01
2.299710000000000087e-01 1.452129119762116671e-01 1.442710089031712384e-01 1.452129119762116671e-01 1.634910000000000252e-01 9.270089675253449790e-02 1.442710089031712106e-01 9.270089675253449790e-02 1.673310000000000075e-01
2.299710000000000087e-01 1.473071422578845213e-01 1.521454985501829171e-01 1.473071422578844936e-01 1.634910000000000252e-01 9.836036273509858596e-02 1.521454985501828894e-01 9.836036273509858596e-02 1.673310000000000075e-01
2.299710000000000087e-01 1.542690000000000172e-01 1.530490000000000461e-01 1.542689999999999895e-01 1.634910000000000252e-01 1.021110000000000073e-01 1.530490000000000184e-01 1.021110000000000073e-01 1.673310000000000075e-01
c: 
1.127999999999999892e+00
2.604000000000000092e+00
1.016999999999999904e+00
