CDF: 
1.700000000000000122e-01 5.999999999999999778e-01 8.199999999999999512e-01 1.000000000000000000e+00
4.500000000000000111e-01 6.400000000000000133e-01 8.599999999999999867e-01 1.000000000000000000e+00
5.000000000000000000e-01 7.600000000000000089e-01 9.300000000000000488e-01 1.000000000000000000e+00
sigma: 
1.205790000000000195e-01 4.846524609091474797e-03 3.416915707832842656e-03 4.846524609091474797e-03 1.110750000000000209e-01 1.794049132398939719e-03 3.416915707832842656e-03 1.794049132398940153e-03 6.629100000000001658e-02
1.205790000000000195e-01 5.617863468900753145e-03 4.075253715475214700e-03 5.617863468900753145e-03 1.110750000000000209e-01 6.890453443501721835e-03 4.075253715475214700e-03 6.890453443501723570e-03 6.629100000000001658e-02
1.205790000000000195e-01 1.428299875060760199e-02 1.091664440072148690e-02 1.428299875060760199e-02 1.110750000000000209e-01 9.147389428610619780e-03 1.091664440072148690e-02 9.147389428610621515e-03 6.629100000000001658e-02
1.205790000000000195e-01 1.926720821896223818e-02 1.271777497150917112e-02 1.926720821896223818e-02 1.110750000000000209e-01 1.298642540958032041e-02 1.271777497150917112e-02 1.298642540958032214e-02 6.629100000000001658e-02
1.205790000000000195e-01 2.514518422295460021e-02 1.595419577425241306e-02 2.514518422295460021e-02 1.110750000000000209e-01 1.610488313305305161e-02 1.595419577425241306e-02 1.610488313305305508e-02 6.629100000000001658e-02
1.205790000000000195e-01 2.977089888360734057e-02 2.168551236873204890e-02 2.977089888360734057e-02 1.110750000000000209e-01 1.954445362112631687e-02 2.168551236873204890e-02 1.954445362112632034e-02 6.629100000000001658e-02
1.205790000000000195e-01 3.843514912449795540e-02 2.490760480394267964e-02 3.843514912449795540e-02 1.110750000000000209e-01 2.272342224484797529e-02 2.490760480394267964e-02 2.272342224484797876e-02 6.629100000000001658e-02
1.205790000000000195e-01 4.063196209568513406e-02 2.878683952528043877e-02 4.063196209568513406e-02 1.110750000000000209e-01 2.991386011711658424e-02 2.878683952528043877e-02 2.991386011711658771e-02 6.629100000000001658e-02
1.205790000000000195e-01 4.817668925605424896e-02 3.360095213916228923e-02 4.817668925605424896e-02 1.110750000000000209e-01 3.163793301828256299e-02 3.360095213916228923e-02 3.163793301828256993e-02 6.629100000000001658e-02
1.205790000000000195e-01 5.351657031131749204e-02 3.633194968422290977e-02 5.351657031131749204e-02 1.110750000000000209e-01 3.630870627188052119e-02 3.633194968422290977e-02 3.630870627188052813e-02 6.629100000000001658e-02
1.205790000000000195e-01 6.085887218022380946e-02 4.046427676826873376e-02 6.085887218022380946e-02 1.110750000000000209e-01 4.157771387139180125e-02 4.046427676826873376e-02 4.157771387139180819e-02 6.629100000000001658e-02
1.205790000000000195e-01 6.343025869550115992e-02 4.155852194859584875e-02 6.343025869550115992e-02 1.110750000000000209e-01 4.452311375677165534e-02 4.155852194859584875e-02 4.452311375677166921e-02 6.629100000000001658e-02
1.205790000000000195e-01 6.702621392717553195e-02 4.567163538275708506e-02 6.702621392717553195e-02 1.110750000000000209e-01 4.636432633125855962e-02 4.567163538275708506e-02 4.636432633125856656e-02 6.629100000000001658e-02
1.205790000000000195e-01 7.623116287104966804e-02 4.925349194569654532e-02 7.623116287104966804e-02 1.110750000000000209e-01 4.984287616232817297e-02 4.925349194569654532e-02 4.984287616232817991e-02 6.629100000000001658e-02
1.205790000000000195e-01 8.122833216508811016e-02 5.620780686856719638e-02 8.122833216508811016e-02 1.110750000000000209e-01 5.608211513992171493e-02 5.620780686856719638e-02 5.608211513992172187e-02 6.629100000000001658e-02
1.205790000000000195e-01 8.858028613937507512e-02 6.003849835614873121e-02 8.858028613937507512e-02 1.110750000000000209e-01 6.051031650101658388e-02 6.003849835614873121e-02 6.051031650101659082e-02 6.629100000000001658e-02
1.205790000000000195e-01 9.341364534300315714e-02 6.119156518550680074e-02 9.341364534300315714e-02 1.110750000000000209e-01 6.066897127383178573e-02 6.119156518550680074e-02 6.066897127383179961e-02 6.629100000000001658e-02
1.205790000000000195e-01 9.613672858101394991e-02 6.700310774902262789e-02 9.613672858101394991e-02 1.110750000000000209e-01 6.545816363189960185e-02 6.700310774902262789e-02 6.545816363189961573e-02 6.629100000000001658e-02
1.205790000000000195e-01 1.026869000341654042e-01 6.967780503457397800e-02 1.026869000341654042e-01 1.110750000000000209e-01 6.990998277112982218e-02 6.967780503457397800e-02 6.990998277112983605e-02 6.629100000000001658e-02
1.205790000000000195e-01 1.058750000000000246e-01 7.171700000000001685e-02 1.058750000000000246e-01 1.110750000000000209e-01 7.192500000000000282e-02 7.171700000000001685e-02 7.192500000000001670e-02 6.629100000000001658e-02
c: 
2.306999999999999940e+00
1.479000000000000092e+00
1.465000000000000080e+00
