CDF: 
1.199999999999999956e-01 4.600000000000000200e-01 7.299999999999999822e-01 1.000000000000000000e+00
2.200000000000000011e-01 4.899999999999999911e-01 6.199999999999999956e-01 1.000000000000000000e+00
1.100000000000000006e-01 4.099999999999999756e-01 5.400000000000000355e-01 1.000000000000000000e+00
sigma: 
1.494750000000000245e-01 5.792751627640328228e-03 5.950561665387751886e-03 5.792751627640327361e-03 1.954840000000000189e-01 5.509027395501536577e-03 5.950561665387753621e-03 5.509027395501536577e-03 1.948590000000000322e-01
1.494750000000000245e-01 1.464362491429223659e-02 1.098292283749950811e-02 1.464362491429223485e-02 1.954840000000000189e-01 1.226307582240543023e-02 1.098292283749951158e-02 1.226307582240543023e-02 1.948590000000000322e-01
1.494750000000000245e-01 1.657059908812235499e-02 1.685732131745849155e-02 1.657059908812235152e-02 1.954840000000000189e-01 1.992616422915216221e-02 1.685732131745849502e-02 1.992616422915216221e-02 1.948590000000000322e-01
1.494750000000000245e-01 2.904078222009923160e-02 2.654110046175620422e-02 2.904078222009922813e-02 1.954840000000000189e-01 3.473230698771628822e-02 2.654110046175621115e-02 3.473230698771628822e-02 1.948590000000000322e-01
1.494750000000000245e-01 3.824696088955945039e-02 3.507768902884914747e-02 3.824696088955944345e-02 1.954840000000000189e-01 4.612837107181422952e-02 3.507768902884915441e-02 4.612837107181422952e-02 1.948590000000000322e-01
1.494750000000000245e-01 4.545156957062303216e-02 4.036368733022002026e-02 4.545156957062302522e-02 1.954840000000000189e-01 4.803314903230912480e-02 4.036368733022003413e-02 4.803314903230912480e-02 1.948590000000000322e-01
1.494750000000000245e-01 4.860905060170662290e-02 4.565833437385423410e-02 4.860905060170661596e-02 1.954840000000000189e-01 6.136292032189266665e-02 4.565833437385424104e-02 6.136292032189266665e-02 1.948590000000000322e-01
1.494750000000000245e-01 5.443318758832039334e-02 5.616078955546959656e-02 5.443318758832038640e-02 1.954840000000000189e-01 7.319620015646864652e-02 5.616078955546960350e-02 7.319620015646864652e-02 1.948590000000000322e-01
1.494750000000000245e-01 6.328295023622165782e-02 5.790359660107657208e-02 6.328295023622164395e-02 1.954840000000000189e-01 8.354215027726721865e-02 5.790359660107657902e-02 8.354215027726721865e-02 1.948590000000000322e-01
1.494750000000000245e-01 7.190769819981718269e-02 6.465732190984652128e-02 7.190769819981716882e-02 1.954840000000000189e-01 8.756526536648415182e-02 6.465732190984653516e-02 8.756526536648415182e-02 1.948590000000000322e-01
1.494750000000000245e-01 7.778369008532928786e-02 7.778427710632530856e-02 7.778369008532927398e-02 1.954840000000000189e-01 9.699656590304110704e-02 7.778427710632532244e-02 9.699656590304110704e-02 1.948590000000000322e-01
1.494750000000000245e-01 8.907801229396417053e-02 8.382167547110483397e-02 8.907801229396415665e-02 1.954840000000000189e-01 1.113610347335834139e-01 8.382167547110484784e-02 1.113610347335834139e-01 1.948590000000000322e-01
1.494750000000000245e-01 9.968716654408782407e-02 9.229668716785829896e-02 9.968716654408781019e-02 1.954840000000000189e-01 1.209262694039627412e-01 9.229668716785832672e-02 1.209262694039627412e-01 1.948590000000000322e-01
1.494750000000000245e-01 1.013715355507685961e-01 9.241994608905870767e-02 1.013715355507685822e-01 1.954840000000000189e-01 1.280361602263653531e-01 9.241994608905873543e-02 1.280361602263653531e-01 1.948590000000000322e-01
1.494750000000000245e-01 1.107541267135690316e-01 1.014583186749995897e-01 1.107541267135690177e-01 1.954840000000000189e-01 1.383663190774526153e-01 1.014583186749996035e-01 1.383663190774526153e-01 1.948590000000000322e-01
1.494750000000000245e-01 1.174029266833073182e-01 1.134140451094562685e-01 1.174029266833072904e-01 1.954840000000000189e-01 1.426302152218536234e-01 1.134140451094562962e-01 1.426302152218536234e-01 1.948590000000000322e-01
1.494750000000000245e-01 1.241169688651807268e-01 1.138034175377148349e-01 1.241169688651806990e-01 1.954840000000000189e-01 1.554989426250370788e-01 1.138034175377148627e-01 1.554989426250370788e-01 1.948590000000000322e-01
1.494750000000000245e-01 1.385770358864527041e-01 1.237865497774075785e-01 1.385770358864526763e-01 1.954840000000000189e-01 1.590010786210591387e-01 1.237865497774076062e-01 1.590010786210591387e-01 1.948590000000000322e-01
1.494750000000000245e-01 1.437996639252203113e-01 1.339870736372589244e-01 1.437996639252202835e-01 1.954840000000000189e-01 1.742820478082806324e-01 1.339870736372589521e-01 1.742820478082806324e-01 1.948590000000000322e-01
1.494750000000000245e-01 1.462900000000000311e-01 1.349349999999999994e-01 1.462900000000000034e-01 1.954840000000000189e-01 1.768660000000000232e-01 1.349350000000000271e-01 1.768660000000000232e-01 1.948590000000000322e-01
c: 
1.820000000000000062e+00
1.840000000000000080e+00
2.665999999999999925e+00
