CDF: 
1.100000000000000006e-01 2.300000000000000100e-01 3.400000000000000244e-01 1.000000000000000000e+00
1.000000000000000056e-01 1.499999999999999944e-01 3.900000000000000133e-01 1.000000000000000000e+00
1.300000000000000044e-01 5.899999999999999689e-01 6.700000000000000400e-01 1.000000000000000000e+00
sigma: 
1.740750000000000353e-01 1.637362520845663102e-03 4.320905892591406054e-03 1.637362520845663536e-03 1.601309999999999956e-01 2.307221614465030865e-03 4.320905892591406054e-03 2.307221614465031299e-03 1.818000000000000171e-01
1.740750000000000353e-01 1.148163970552626596e-02 8.803716246782868071e-03 1.148163970552626770e-02 1.601309999999999956e-01 9.382867944026941284e-03 8.803716246782868071e-03 9.382867944026941284e-03 1.818000000000000171e-01
1.740750000000000353e-01 2.239509042642598077e-02 1.381182807026387974e-02 2.239509042642598424e-02 1.601309999999999956e-01 1.180814953641576119e-02 1.381182807026387974e-02 1.180814953641576293e-02 1.818000000000000171e-01
1.740750000000000353e-01 2.706575704550956418e-02 1.770871617576743814e-02 2.706575704550956765e-02 1.601309999999999956e-01 1.819333074029750447e-02 1.770871617576743814e-02 1.819333074029750794e-02 1.818000000000000171e-01
1.740750000000000353e-01 3.964978599691397487e-02 2.386086670793159323e-02 3.964978599691398181e-02 1.601309999999999956e-01 2.503527075306155938e-02 2.386086670793159323e-02 2.503527075306156285e-02 1.818000000000000171e-01
1.740750000000000353e-01 4.477913980829784091e-02 2.712273967950482728e-02 4.477913980829784785e-02 1.601309999999999956e-01 2.851730056293740392e-02 2.712273967950482728e-02 2.851730056293740739e-02 1.818000000000000171e-01
1.740750000000000353e-01 5.372099356109775320e-02 3.344901984262305811e-02 5.372099356109776014e-02 1.601309999999999956e-01 3.773449150316176420e-02 3.344901984262305811e-02 3.773449150316176420e-02 1.818000000000000171e-01
1.740750000000000353e-01 5.945294888313984449e-02 3.827634503819853096e-02 5.945294888313985837e-02 1.601309999999999956e-01 4.253644795829460146e-02 3.827634503819853096e-02 4.253644795829460146e-02 1.818000000000000171e-01
1.740750000000000353e-01 7.093666985158791904e-02 4.527575174824906984e-02 7.093666985158793292e-02 1.601309999999999956e-01 4.898344247621155140e-02 4.527575174824906984e-02 4.898344247621155140e-02 1.818000000000000171e-01
1.740750000000000353e-01 7.967416453591233405e-02 5.148322514024158969e-02 7.967416453591234793e-02 1.601309999999999956e-01 5.100185015362893037e-02 5.148322514024158969e-02 5.100185015362893731e-02 1.818000000000000171e-01
1.740750000000000353e-01 8.274232717430282658e-02 5.861271325897383921e-02 8.274232717430284045e-02 1.601309999999999956e-01 5.809997423162471114e-02 5.861271325897383921e-02 5.809997423162471808e-02 1.818000000000000171e-01
1.740750000000000353e-01 9.061079763562886191e-02 6.079884845195817483e-02 9.061079763562887579e-02 1.601309999999999956e-01 6.304154146885131149e-02 6.079884845195817483e-02 6.304154146885131149e-02 1.818000000000000171e-01
1.740750000000000353e-01 9.750778319985850540e-02 6.429009407348409977e-02 9.750778319985853315e-02 1.601309999999999956e-01 7.175721845102454866e-02 6.429009407348409977e-02 7.175721845102456253e-02 1.818000000000000171e-01
1.740750000000000353e-01 1.130018121749267468e-01 6.961266959385595254e-02 1.130018121749267607e-01 1.601309999999999956e-01 7.524724426407532196e-02 6.961266959385595254e-02 7.524724426407533584e-02 1.818000000000000171e-01
1.740750000000000353e-01 1.168840664508858235e-01 7.906373885075869412e-02 1.168840664508858374e-01 1.601309999999999956e-01 8.375396571575084714e-02 7.906373885075869412e-02 8.375396571575086102e-02 1.818000000000000171e-01
1.740750000000000353e-01 1.211491759668103518e-01 8.029783721171758482e-02 1.211491759668103796e-01 1.601309999999999956e-01 8.766076599954568394e-02 8.029783721171758482e-02 8.766076599954568394e-02 1.818000000000000171e-01
1.740750000000000353e-01 1.316262852113019854e-01 8.839418334791429577e-02 1.316262852113020132e-01 1.601309999999999956e-01 9.427408783008121851e-02 8.839418334791429577e-02 9.427408783008123239e-02 1.818000000000000171e-01
1.740750000000000353e-01 1.411961242660290938e-01 9.370840154360809970e-02 1.411961242660291216e-01 1.601309999999999956e-01 9.869556641440505040e-02 9.370840154360809970e-02 9.869556641440506428e-02 1.818000000000000171e-01
1.740750000000000353e-01 1.522793693844241847e-01 9.996192469700194982e-02 1.522793693844242124e-01 1.601309999999999956e-01 1.019752240524302994e-01 9.996192469700194982e-02 1.019752240524303133e-01 1.818000000000000171e-01
1.740750000000000353e-01 1.533650000000000013e-01 1.013000000000000012e-01 1.533650000000000291e-01 1.601309999999999956e-01 1.066000000000000142e-01 1.013000000000000012e-01 1.066000000000000281e-01 1.818000000000000171e-01
c: 
1.389000000000000012e+00
2.027000000000000135e+00
2.740000000000000213e+00
