CDF: 
4.199999999999999845e-01 6.199999999999999956e-01 7.299999999999999822e-01 1.000000000000000000e+00
2.500000000000000000e-01 4.699999999999999734e-01 6.300000000000000044e-01 1.000000000000000000e+00
3.400000000000000244e-01 4.600000000000000200e-01 6.700000000000000400e-01 1.000000000000000000e+00
sigma: 
1.702839999999999909e-01 5.449026707007431809e-03 1.625933395952337303e-03 5.449026707007431809e-03 1.759160000000000168e-01 1.835317204032668736e-03 1.625933395952337086e-03 1.835317204032668736e-03 1.765559999999999907e-01
1.702839999999999909e-01 1.486132429967153799e-02 1.124383936237158613e-02 1.486132429967153799e-02 1.759160000000000168e-01 1.236090273157594045e-02 1.124383936237158439e-02 1.236090273157594045e-02 1.765559999999999907e-01
1.702839999999999909e-01 2.429366068012310531e-02 2.122295946509054204e-02 2.429366068012310531e-02 1.759160000000000168e-01 2.046436257120416366e-02 2.122295946509053857e-02 2.046436257120416366e-02 1.765559999999999907e-01
1.702839999999999909e-01 2.585546041323374261e-02 3.241576125763045990e-02 2.585546041323374261e-02 1.759160000000000168e-01 3.080493435006682185e-02 3.241576125763045990e-02 3.080493435006682185e-02 1.765559999999999907e-01
1.702839999999999909e-01 3.444976383096139128e-02 3.554958910544319534e-02 3.444976383096139128e-02 1.759160000000000168e-01 3.720743454185709842e-02 3.554958910544318840e-02 3.720743454185709842e-02 1.765559999999999907e-01
1.702839999999999909e-01 4.648611987940371587e-02 4.364562614072394625e-02 4.648611987940371587e-02 1.759160000000000168e-01 5.018409800349191846e-02 4.364562614072393931e-02 5.018409800349191846e-02 1.765559999999999907e-01
1.702839999999999909e-01 5.673569282604051800e-02 5.862166626414920534e-02 5.673569282604051800e-02 1.759160000000000168e-01 6.151073124900842404e-02 5.862166626414919840e-02 6.151073124900842404e-02 1.765559999999999907e-01
1.702839999999999909e-01 5.931173886157439790e-02 6.242339736971614511e-02 5.931173886157439790e-02 1.759160000000000168e-01 6.966042657678833683e-02 6.242339736971613817e-02 6.966042657678833683e-02 1.765559999999999907e-01
1.702839999999999909e-01 6.998948575160635066e-02 6.827998120513585623e-02 6.998948575160635066e-02 1.759160000000000168e-01 7.719371390703613778e-02 6.827998120513584235e-02 7.719371390703613778e-02 1.765559999999999907e-01
1.702839999999999909e-01 7.951388573598869303e-02 8.231541533129257959e-02 7.951388573598869303e-02 1.759160000000000168e-01 8.197275928104562348e-02 8.231541533129256571e-02 8.197275928104562348e-02 1.765559999999999907e-01
1.702839999999999909e-01 8.539055691269749337e-02 9.299260097933724489e-02 8.539055691269749337e-02 1.759160000000000168e-01 9.526229541909249365e-02 9.299260097933723102e-02 9.526229541909249365e-02 1.765559999999999907e-01
1.702839999999999909e-01 9.640048071663684381e-02 1.007031304056641569e-01 9.640048071663684381e-02 1.759160000000000168e-01 1.012465721265068952e-01 1.007031304056641430e-01 1.012465721265068952e-01 1.765559999999999907e-01
1.702839999999999909e-01 9.984626836672691463e-02 1.055383645575405649e-01 9.984626836672691463e-02 1.759160000000000168e-01 1.105861180219552264e-01 1.055383645575405510e-01 1.105861180219552264e-01 1.765559999999999907e-01
1.702839999999999909e-01 1.091294262450396568e-01 1.120363269792449407e-01 1.091294262450396568e-01 1.759160000000000168e-01 1.218988599162285635e-01 1.120363269792449268e-01 1.218988599162285635e-01 1.765559999999999907e-01
1.702839999999999909e-01 1.209728154260723415e-01 1.201191911958522512e-01 1.209728154260723415e-01 1.759160000000000168e-01 1.265555877921041572e-01 1.201191911958522235e-01 1.265555877921041572e-01 1.765559999999999907e-01
1.702839999999999909e-01 1.255552410952538445e-01 1.300171478698566585e-01 1.255552410952538445e-01 1.759160000000000168e-01 1.365585754346756719e-01 1.300171478698566307e-01 1.365585754346756719e-01 1.765559999999999907e-01
1.702839999999999909e-01 1.347670367822678128e-01 1.363057512820976813e-01 1.347670367822678128e-01 1.759160000000000168e-01 1.428589503131044436e-01 1.363057512820976536e-01 1.428589503131044436e-01 1.765559999999999907e-01
1.702839999999999909e-01 1.446629378840808000e-01 1.465271286402101691e-01 1.446629378840808000e-01 1.759160000000000168e-01 1.535569018955180998e-01 1.465271286402101414e-01 1.535569018955180998e-01 1.765559999999999907e-01
1.702839999999999909e-01 1.505918897494505082e-01 1.556326321154375969e-01 1.505918897494505082e-01 1.759160000000000168e-01 1.655965449047810401e-01 1.556326321154375691e-01 1.655965449047810401e-01 1.765559999999999907e-01
1.702839999999999909e-01 1.563880000000000270e-01 1.613480000000000192e-01 1.563880000000000270e-01 1.759160000000000168e-01 1.678359999999999852e-01 1.613479999999999914e-01 1.678359999999999852e-01 1.765559999999999907e-01
c: 
2.350999999999999979e+00
1.832000000000000073e+00
1.675000000000000044e+00
