CDF: 
2.300000000000000100e-01 4.299999999999999933e-01 4.400000000000000022e-01 1.000000000000000000e+00
5.400000000000000355e-01 6.700000000000000400e-01 7.199999999999999734e-01 1.000000000000000000e+00
1.000000000000000056e-01 1.300000000000000044e-01 2.899999999999999800e-01 1.000000000000000000e+00
sigma: 
2.047839999999999938e-01 6.290715840992458941e-04 6.094556614746112627e-03 6.290715840992460025e-04 1.869240000000000068e-01 6.049715427594679496e-04 6.094556614746114362e-03 6.049715427594679496e-04 1.284000000000000419e-01
2.047839999999999938e-01 8.362562042046500430e-03 9.299604323053522678e-03 8.362562042046502164e-03 1.869240000000000068e-01 6.360687507646499775e-03 9.299604323053524413e-03 6.360687507646499775e-03 1.284000000000000419e-01
2.047839999999999938e-01 1.490293969120207347e-02 1.500391682490885732e-02 1.490293969120207694e-02 1.869240000000000068e-01 8.397539782095673686e-03 1.500391682490886079e-02 8.397539782095673686e-03 1.284000000000000419e-01
2.047839999999999938e-01 2.303764845986504273e-02 2.463263906803521072e-02 2.303764845986504967e-02 1.869240000000000068e-01 1.157378151938467069e-02 2.463263906803521766e-02 1.157378151938467069e-02 1.284000000000000419e-01
2.047839999999999938e-01 3.008273961886444303e-02 2.731408607466708979e-02 3.008273961886444997e-02 1.869240000000000068e-01 1.672972523743973192e-02 2.731408607466709673e-02 1.672972523743973192e-02 1.284000000000000419e-01
2.047839999999999938e-01 4.027232815051901005e-02 3.772870155349847959e-02 4.027232815051901699e-02 1.869240000000000068e-01 2.139968146436577526e-02 3.772870155349848653e-02 2.139968146436577526e-02 1.284000000000000419e-01
2.047839999999999938e-01 4.345875701047215156e-02 4.319013293920465762e-02 4.345875701047215850e-02 1.869240000000000068e-01 2.572008871056325266e-02 4.319013293920466456e-02 2.572008871056325266e-02 1.284000000000000419e-01
2.047839999999999938e-01 5.003676369135331981e-02 5.060633353517831473e-02 5.003676369135332674e-02 1.869240000000000068e-01 2.931167508270055011e-02 5.060633353517832167e-02 2.931167508270055011e-02 1.284000000000000419e-01
2.047839999999999938e-01 5.675443494475798656e-02 5.618771840323234790e-02 5.675443494475799350e-02 1.869240000000000068e-01 3.358289449892384870e-02 5.618771840323236177e-02 3.358289449892384870e-02 1.284000000000000419e-01
2.047839999999999938e-01 6.116606234848599721e-02 6.116953143481694555e-02 6.116606234848601109e-02 1.869240000000000068e-01 3.551935346240376462e-02 6.116953143481695943e-02 3.551935346240376462e-02 1.284000000000000419e-01
2.047839999999999938e-01 7.021360892698068346e-02 6.875985272368850820e-02 7.021360892698069733e-02 1.869240000000000068e-01 3.914948461588154544e-02 6.875985272368852208e-02 3.914948461588154544e-02 1.284000000000000419e-01
2.047839999999999938e-01 7.993090620295112414e-02 7.767063136404099566e-02 7.993090620295113802e-02 1.869240000000000068e-01 4.290847027045667506e-02 7.767063136404102341e-02 4.290847027045667506e-02 1.284000000000000419e-01
2.047839999999999938e-01 8.519711727993227457e-02 8.160030404974166762e-02 8.519711727993228845e-02 1.869240000000000068e-01 4.833716120860220844e-02 8.160030404974169538e-02 4.833716120860220844e-02 1.284000000000000419e-01
2.047839999999999938e-01 9.085776780229169736e-02 9.232379311772843933e-02 9.085776780229171123e-02 1.869240000000000068e-01 4.957907378690893513e-02 9.232379311772846708e-02 4.957907378690893513e-02 1.284000000000000419e-01
2.047839999999999938e-01 1.003859565620358746e-01 9.724519668793592253e-02 1.003859565620359023e-01 1.869240000000000068e-01 5.349639887907214203e-02 9.724519668793595029e-02 5.349639887907214203e-02 1.284000000000000419e-01
2.047839999999999938e-01 1.050242484042298863e-01 1.018385980485105036e-01 1.050242484042299140e-01 1.869240000000000068e-01 5.927487414843741337e-02 1.018385980485105174e-01 5.927487414843741337e-02 1.284000000000000419e-01
2.047839999999999938e-01 1.114371034128867205e-01 1.088780741235405858e-01 1.114371034128867483e-01 1.869240000000000068e-01 6.126500342938503291e-02 1.088780741235406135e-01 6.126500342938503291e-02 1.284000000000000419e-01
2.047839999999999938e-01 1.203980745450319023e-01 1.134819395505291678e-01 1.203980745450319301e-01 1.869240000000000068e-01 6.631802068584403964e-02 1.134819395505291956e-01 6.631802068584403964e-02 1.284000000000000419e-01
2.047839999999999938e-01 1.246157623704314404e-01 1.192858726391554242e-01 1.246157623704314682e-01 1.869240000000000068e-01 7.065484691870309308e-02 1.192858726391554519e-01 7.065484691870309308e-02 1.284000000000000419e-01
2.047839999999999938e-01 1.290959999999999885e-01 1.256799999999999862e-01 1.290960000000000163e-01 1.869240000000000068e-01 7.172000000000000597e-02 1.256800000000000139e-01 7.172000000000000597e-02 1.284000000000000419e-01
c: 
1.078000000000000069e+00
1.280999999999999917e+00
1.562000000000000055e+00
