CDF: 
3.300000000000000155e-01 5.600000000000000533e-01 6.899999999999999467e-01 1.000000000000000000e+00
5.000000000000000278e-02 2.800000000000000266e-01 5.699999999999999512e-01 1.000000000000000000e+00
2.899999999999999800e-01 3.699999999999999956e-01 7.299999999999999822e-01 1.000000000000000000e+00
sigma: 
1.735360000000000236e-01 4.823558345767479244e-03 3.059030684964786188e-03 4.823558345767479244e-03 1.351360000000000061e-01 3.578276680189082168e-03 3.059030684964786188e-03 3.578276680189082602e-03 1.459000000000000297e-01
1.735360000000000236e-01 1.301709033615633740e-02 8.639332870492816285e-03 1.301709033615633740e-02 1.351360000000000061e-01 7.704497311420629990e-03 8.639332870492816285e-03 7.704497311420630858e-03 1.459000000000000297e-01
1.735360000000000236e-01 1.511507946810924929e-02 2.055799780274727290e-02 1.511507946810924929e-02 1.351360000000000061e-01 1.575866494005720431e-02 2.055799780274727290e-02 1.575866494005720778e-02 1.459000000000000297e-01
1.735360000000000236e-01 2.245161204094154456e-02 2.946283749329644749e-02 2.245161204094154456e-02 1.351360000000000061e-01 2.131501478281711340e-02 2.946283749329644749e-02 2.131501478281711687e-02 1.459000000000000297e-01
1.735360000000000236e-01 2.886249418933421393e-02 3.254516801721513836e-02 2.886249418933421393e-02 1.351360000000000061e-01 2.898533701032932064e-02 3.254516801721513836e-02 2.898533701032932411e-02 1.459000000000000297e-01
1.735360000000000236e-01 4.011248440474497745e-02 4.634018093040751657e-02 4.011248440474497745e-02 1.351360000000000061e-01 3.163263042938906783e-02 4.634018093040751657e-02 3.163263042938907477e-02 1.459000000000000297e-01
1.735360000000000236e-01 4.394582904252491290e-02 4.695360356702460436e-02 4.394582904252491290e-02 1.351360000000000061e-01 3.854723537291195046e-02 4.695360356702460436e-02 3.854723537291195046e-02 1.459000000000000297e-01
1.735360000000000236e-01 5.067810431508069230e-02 5.938440790767821748e-02 5.067810431508069230e-02 1.351360000000000061e-01 4.726751990438103623e-02 5.938440790767821748e-02 4.726751990438104317e-02 1.459000000000000297e-01
1.735360000000000236e-01 5.864285104910904600e-02 6.386573197189789053e-02 5.864285104910904600e-02 1.351360000000000061e-01 5.184305991223487481e-02 6.386573197189789053e-02 5.184305991223488175e-02 1.459000000000000297e-01
1.735360000000000236e-01 6.858508622172672375e-02 7.165638698224159608e-02 6.858508622172672375e-02 1.351360000000000061e-01 5.862302331795419402e-02 7.165638698224159608e-02 5.862302331795420096e-02 1.459000000000000297e-01
1.735360000000000236e-01 7.297792239592683361e-02 7.942575370909592258e-02 7.297792239592683361e-02 1.351360000000000061e-01 6.612503124376951924e-02 7.942575370909592258e-02 6.612503124376951924e-02 1.459000000000000297e-01
1.735360000000000236e-01 8.206148134133844918e-02 9.024862689134015292e-02 8.206148134133844918e-02 1.351360000000000061e-01 7.026348086125586145e-02 9.024862689134015292e-02 7.026348086125587533e-02 1.459000000000000297e-01
1.735360000000000236e-01 8.923045015290805015e-02 9.990857997985327921e-02 8.923045015290805015e-02 1.351360000000000061e-01 7.797858113204067521e-02 9.990857997985327921e-02 7.797858113204068908e-02 1.459000000000000297e-01
1.735360000000000236e-01 9.941724524147474429e-02 1.037121539195130782e-01 9.941724524147474429e-02 1.351360000000000061e-01 8.317964860061646815e-02 1.037121539195130782e-01 8.317964860061648202e-02 1.459000000000000297e-01
1.735360000000000236e-01 1.046388659612683125e-01 1.109640405412662956e-01 1.046388659612683125e-01 1.351360000000000061e-01 9.250397155371023472e-02 1.109640405412662956e-01 9.250397155371024860e-02 1.459000000000000297e-01
1.735360000000000236e-01 1.104284560673347293e-01 1.179029297971470880e-01 1.104284560673347293e-01 1.351360000000000061e-01 9.724828170006956374e-02 1.179029297971470880e-01 9.724828170006956374e-02 1.459000000000000297e-01
1.735360000000000236e-01 1.215967212108821638e-01 1.273902360567872039e-01 1.215967212108821638e-01 1.351360000000000061e-01 1.019679530472190759e-01 1.273902360567872039e-01 1.019679530472190898e-01 1.459000000000000297e-01
1.735360000000000236e-01 1.221204679901904122e-01 1.341404643492368765e-01 1.221204679901904122e-01 1.351360000000000061e-01 1.091981575328650061e-01 1.341404643492368765e-01 1.091981575328650200e-01 1.459000000000000297e-01
1.735360000000000236e-01 1.344118079061282223e-01 1.453927357654533903e-01 1.344118079061282223e-01 1.351360000000000061e-01 1.136597107107168020e-01 1.453927357654533903e-01 1.136597107107168159e-01 1.459000000000000297e-01
1.735360000000000236e-01 1.364640000000000020e-01 1.481600000000000417e-01 1.364640000000000020e-01 1.351360000000000061e-01 1.178400000000000142e-01 1.481600000000000417e-01 1.178400000000000281e-01 1.459000000000000297e-01
c: 
1.108999999999999986e+00
2.069999999999999840e+00
2.392999999999999794e+00
