CDF: 
2.500000000000000000e-01 4.400000000000000022e-01 7.399999999999999911e-01 1.000000000000000000e+00
3.499999999999999778e-01 3.699999999999999956e-01 5.899999999999999689e-01 1.000000000000000000e+00
2.700000000000000178e-01 4.799999999999999822e-01 6.500000000000000222e-01 1.000000000000000000e+00
sigma: 
1.408760000000000290e-01 3.850703992836128440e-03 7.088682289176993778e-03 3.850703992836128874e-03 1.939960000000000018e-01 5.962535061735926845e-03 7.088682289176995513e-03 5.962535061735927712e-03 1.739999999999999880e-01
1.408760000000000290e-01 9.654495232262640461e-03 1.321580899965015855e-02 9.654495232262642196e-03 1.939960000000000018e-01 1.574531320267586951e-02 1.321580899965016029e-02 1.574531320267587298e-02 1.739999999999999880e-01
1.408760000000000290e-01 2.155177558242105801e-02 1.832376302903776163e-02 2.155177558242106148e-02 1.939960000000000018e-01 1.809945337830573889e-02 1.832376302903776510e-02 1.809945337830574236e-02 1.739999999999999880e-01
1.408760000000000290e-01 2.650697972309507683e-02 2.827102499366743876e-02 2.650697972309508377e-02 1.939960000000000018e-01 3.555508457405849587e-02 2.827102499366744223e-02 3.555508457405849587e-02 1.739999999999999880e-01
1.408760000000000290e-01 3.475967592905798015e-02 3.402476464721012478e-02 3.475967592905798709e-02 1.939960000000000018e-01 4.168541332976396369e-02 3.402476464721013172e-02 4.168541332976397062e-02 1.739999999999999880e-01
1.408760000000000290e-01 4.130503406712850850e-02 3.804153318409397855e-02 4.130503406712851544e-02 1.939960000000000018e-01 5.244271625025028610e-02 3.804153318409398549e-02 5.244271625025029998e-02 1.739999999999999880e-01
1.408760000000000290e-01 4.567721082199606430e-02 5.076081176656081079e-02 4.567721082199607818e-02 1.939960000000000018e-01 5.635603079408683935e-02 5.076081176656082466e-02 5.635603079408684629e-02 1.739999999999999880e-01
1.408760000000000290e-01 5.360603919765716957e-02 5.803398867868805183e-02 5.360603919765717651e-02 1.939960000000000018e-01 6.420008318830813798e-02 5.803398867868806571e-02 6.420008318830815186e-02 1.739999999999999880e-01
1.408760000000000290e-01 5.951356967307742940e-02 6.016817054356717043e-02 5.951356967307743634e-02 1.939960000000000018e-01 7.387384414536929400e-02 6.016817054356718431e-02 7.387384414536930788e-02 1.739999999999999880e-01
1.408760000000000290e-01 7.206198456349141579e-02 6.703040369645482666e-02 7.206198456349142967e-02 1.939960000000000018e-01 8.359656239324017579e-02 6.703040369645484053e-02 8.359656239324018967e-02 1.739999999999999880e-01
1.408760000000000290e-01 7.631204754581812078e-02 7.847862653963454116e-02 7.631204754581813465e-02 1.939960000000000018e-01 9.167803750029195065e-02 7.847862653963456891e-02 9.167803750029196452e-02 1.739999999999999880e-01
1.408760000000000290e-01 8.624322010353097090e-02 8.234656811344047422e-02 8.624322010353098478e-02 1.939960000000000018e-01 1.055777436287946430e-01 8.234656811344048810e-02 1.055777436287946569e-01 1.739999999999999880e-01
1.408760000000000290e-01 9.029565549447025885e-02 9.161504255557420540e-02 9.029565549447027273e-02 1.939960000000000018e-01 1.149789809975075017e-01 9.161504255557421927e-02 1.149789809975075155e-01 1.739999999999999880e-01
1.408760000000000290e-01 9.950054301495638021e-02 9.720249041431748560e-02 9.950054301495640796e-02 1.939960000000000018e-01 1.220449250508399697e-01 9.720249041431751336e-02 1.220449250508399835e-01 1.739999999999999880e-01
1.408760000000000290e-01 1.060118554209459329e-01 1.111413681777212864e-01 1.060118554209459607e-01 1.939960000000000018e-01 1.301505332888488187e-01 1.111413681777213003e-01 1.301505332888488464e-01 1.739999999999999880e-01
1.408760000000000290e-01 1.122062098177770556e-01 1.141043647994266358e-01 1.122062098177770695e-01 1.939960000000000018e-01 1.345162124956135186e-01 1.141043647994266497e-01 1.345162124956135463e-01 1.739999999999999880e-01
1.408760000000000290e-01 1.230914008687840483e-01 1.236120056799113326e-01 1.230914008687840761e-01 1.939960000000000018e-01 1.455977818090831433e-01 1.236120056799113603e-01 1.455977818090831710e-01 1.739999999999999880e-01
1.408760000000000290e-01 1.309069338779892400e-01 1.265720882486643384e-01 1.309069338779892677e-01 1.939960000000000018e-01 1.569622572276581085e-01 1.265720882486643661e-01 1.569622572276581363e-01 1.739999999999999880e-01
1.408760000000000290e-01 1.339750285863055279e-01 1.351209206583256772e-01 1.339750285863055557e-01 1.939960000000000018e-01 1.625378240564735177e-01 1.351209206583257050e-01 1.625378240564735455e-01 1.739999999999999880e-01
1.408760000000000290e-01 1.405639999999999945e-01 1.409200000000000175e-01 1.405640000000000223e-01 1.939960000000000018e-01 1.702799999999999869e-01 1.409200000000000452e-01 1.702800000000000147e-01 1.739999999999999880e-01
c: 
2.391999999999999904e+00
1.016999999999999904e+00
1.810000000000000053e+00
