CDF: 
5.500000000000000444e-01 5.799999999999999600e-01 6.600000000000000311e-01 1.000000000000000000e+00
4.799999999999999822e-01 6.199999999999999956e-01 9.399999999999999467e-01 1.000000000000000000e+00
2.099999999999999922e-01 3.599999999999999867e-01 3.900000000000000133e-01 1.000000000000000000e+00
sigma: 
2.128110000000000002e-01 3.585104583935839768e-03 5.145305499496961345e-03 3.585104583935839768e-03 6.129999999999999338e-02 2.304032464002877915e-03 5.145305499496961345e-03 2.304032464002877915e-03 2.122439999999999882e-01
2.128110000000000002e-01 7.301801440660659129e-03 9.916733011431252270e-03 7.301801440660659129e-03 6.129999999999999338e-02 5.852121360482616906e-03 9.916733011431252270e-03 5.852121360482616906e-03 2.122439999999999882e-01
2.128110000000000002e-01 1.007933533338023838e-02 1.927943079534698290e-02 1.007933533338023838e-02 6.129999999999999338e-02 6.793942512882906147e-03 1.927943079534698290e-02 6.793942512882906147e-03 2.122439999999999882e-01
2.128110000000000002e-01 1.440514985490777208e-02 2.413991300270188281e-02 1.440514985490777208e-02 6.129999999999999338e-02 1.076736621428142464e-02 2.413991300270188281e-02 1.076736621428142464e-02 2.122439999999999882e-01
2.128110000000000002e-01 2.044340747661678448e-02 2.996516468803129760e-02 2.044340747661678448e-02 6.129999999999999338e-02 1.570199447151587185e-02 2.996516468803129760e-02 1.570199447151587185e-02 2.122439999999999882e-01
2.128110000000000002e-01 2.294057665279202254e-02 4.161806429371005950e-02 2.294057665279202254e-02 6.129999999999999338e-02 1.875139964378834748e-02 4.161806429371005950e-02 1.875139964378834748e-02 2.122439999999999882e-01
2.128110000000000002e-01 3.191447112938376740e-02 4.538472387844379868e-02 3.191447112938376740e-02 6.129999999999999338e-02 2.229680242593860828e-02 4.538472387844379868e-02 2.229680242593860828e-02 2.122439999999999882e-01
2.128110000000000002e-01 3.354276956016938316e-02 5.070568142233276149e-02 3.354276956016938316e-02 6.129999999999999338e-02 2.584016820417685961e-02 5.070568142233276149e-02 2.584016820417685961e-02 2.122439999999999882e-01
2.128110000000000002e-01 3.738535424725107637e-02 6.304641617537599940e-02 3.738535424725107637e-02 6.129999999999999338e-02 2.638123828479268032e-02 6.304641617537599940e-02 2.638123828479268032e-02 2.122439999999999882e-01
2.128110000000000002e-01 4.162936141840629239e-02 6.613846087582427036e-02 4.162936141840629239e-02 6.129999999999999338e-02 3.194918617785734438e-02 6.613846087582427036e-02 3.194918617785734438e-02 2.122439999999999882e-01
2.128110000000000002e-01 4.704953461706856688e-02 7.309159548278157392e-02 4.704953461706856688e-02 6.129999999999999338e-02 3.432830362934712054e-02 7.309159548278157392e-02 3.432830362934712054e-02 2.122439999999999882e-01
2.128110000000000002e-01 5.305867770831396157e-02 8.161357665366003600e-02 5.305867770831396157e-02 6.129999999999999338e-02 3.801869017373952359e-02 8.161357665366003600e-02 3.801869017373952359e-02 2.122439999999999882e-01
2.128110000000000002e-01 5.567779604159697748e-02 8.821280516281523876e-02 5.567779604159697748e-02 6.129999999999999338e-02 4.178067806481566837e-02 8.821280516281523876e-02 4.178067806481566837e-02 2.122439999999999882e-01
2.128110000000000002e-01 6.030938792374763990e-02 9.523603645019629305e-02 6.030938792374763990e-02 6.129999999999999338e-02 4.421376393129200499e-02 9.523603645019629305e-02 4.421376393129200499e-02 2.122439999999999882e-01
2.128110000000000002e-01 6.681130893129476334e-02 1.020516994405143985e-01 6.681130893129476334e-02 6.129999999999999338e-02 4.842325319143896134e-02 1.020516994405143985e-01 4.842325319143896134e-02 2.122439999999999882e-01
2.128110000000000002e-01 7.225314966828252916e-02 1.088439282406344910e-01 7.225314966828252916e-02 6.129999999999999338e-02 5.141416286489422505e-02 1.088439282406344910e-01 5.141416286489422505e-02 2.122439999999999882e-01
2.128110000000000002e-01 7.683325674604703226e-02 1.196737915450619694e-01 7.683325674604703226e-02 6.129999999999999338e-02 5.267895817069728065e-02 1.196737915450619694e-01 5.267895817069728065e-02 2.122439999999999882e-01
2.128110000000000002e-01 8.148568611882371637e-02 1.204213788715625677e-01 8.148568611882371637e-02 6.129999999999999338e-02 5.663679952790098143e-02 1.204213788715625677e-01 5.663679952790098143e-02 2.122439999999999882e-01
2.128110000000000002e-01 8.244357246425035313e-02 1.301504580302965119e-01 8.244357246425035313e-02 6.129999999999999338e-02 6.002056421914529066e-02 1.301504580302965119e-01 6.002056421914529066e-02 2.122439999999999882e-01
2.128110000000000002e-01 8.671000000000000929e-02 1.343219999999999970e-01 8.671000000000000929e-02 6.129999999999999338e-02 6.221999999999999753e-02 1.343219999999999970e-01 6.221999999999999753e-02 2.122439999999999882e-01
c: 
1.705999999999999961e+00
1.681000000000000050e+00
2.321000000000000174e+00
