CDF: 
5.699999999999999512e-01 6.099999999999999867e-01 6.400000000000000133e-01 1.000000000000000000e+00
2.300000000000000100e-01 3.900000000000000133e-01 4.500000000000000111e-01 1.000000000000000000e+00
2.800000000000000266e-01 4.400000000000000022e-01 7.800000000000000266e-01 1.000000000000000000e+00
sigma: 
2.219999999999999751e-01 5.438044866993276168e-03 6.850881436926126861e-03 5.438044866993276168e-03 1.987639999999999962e-01 5.477647975984364058e-03 6.850881436926126861e-03 5.477647975984364925e-03 1.302559999999999829e-01
2.219999999999999751e-01 1.283982826587218989e-02 7.253797217652875086e-03 1.283982826587218989e-02 1.987639999999999962e-01 8.758009142222767177e-03 7.253797217652875086e-03 8.758009142222768911e-03 1.302559999999999829e-01
2.219999999999999751e-01 2.186032173372353185e-02 2.075898897861164563e-02 2.186032173372353185e-02 1.987639999999999962e-01 1.547773188502452567e-02 2.075898897861164563e-02 1.547773188502452914e-02 1.302559999999999829e-01
2.219999999999999751e-01 2.731089141236059739e-02 2.271090754638283721e-02 2.731089141236059739e-02 1.987639999999999962e-01 2.597760714294819126e-02 2.271090754638283721e-02 2.597760714294819820e-02 1.302559999999999829e-01
2.219999999999999751e-01 3.733639921401292472e-02 3.568255609163904080e-02 3.733639921401292472e-02 1.987639999999999962e-01 2.815110135714618197e-02 3.568255609163904080e-02 2.815110135714618891e-02 1.302559999999999829e-01
2.219999999999999751e-01 4.313958876806472248e-02 3.677042234375117041e-02 4.313958876806472248e-02 1.987639999999999962e-01 3.421616114401528769e-02 3.677042234375117041e-02 3.421616114401530157e-02 1.302559999999999829e-01
2.219999999999999751e-01 5.065931733141504356e-02 4.665700572619688874e-02 5.065931733141504356e-02 1.987639999999999962e-01 4.627270425121495639e-02 4.665700572619688874e-02 4.627270425121497027e-02 1.302559999999999829e-01
2.219999999999999751e-01 5.648364428694057499e-02 5.584456623650901896e-02 5.648364428694057499e-02 1.987639999999999962e-01 5.180186611110360745e-02 5.584456623650901896e-02 5.180186611110361439e-02 1.302559999999999829e-01
2.219999999999999751e-01 6.978413663987932669e-02 5.972245384084026026e-02 6.978413663987932669e-02 1.987639999999999962e-01 5.441847770637610326e-02 5.972245384084026026e-02 5.441847770637611714e-02 1.302559999999999829e-01
2.219999999999999751e-01 7.873494144197740185e-02 6.499359827953990476e-02 7.873494144197740185e-02 1.987639999999999962e-01 6.174963875042081135e-02 6.499359827953990476e-02 6.174963875042082523e-02 1.302559999999999829e-01
2.219999999999999751e-01 7.989272019279690384e-02 7.511575864804496960e-02 7.989272019279690384e-02 1.987639999999999962e-01 7.172838804231204679e-02 7.511575864804496960e-02 7.172838804231206067e-02 1.302559999999999829e-01
2.219999999999999751e-01 8.910359835540525297e-02 7.989114295782555331e-02 8.910359835540525297e-02 1.987639999999999962e-01 7.491570301913980101e-02 7.989114295782555331e-02 7.491570301913981489e-02 1.302559999999999829e-01
2.219999999999999751e-01 1.014152869206502716e-01 8.627472762474919232e-02 1.014152869206502716e-01 1.987639999999999962e-01 8.244762834996591239e-02 8.627472762474919232e-02 8.244762834996594014e-02 1.302559999999999829e-01
2.219999999999999751e-01 1.061623188214757818e-01 9.471537690798607911e-02 1.061623188214757818e-01 1.987639999999999962e-01 9.053414069007259535e-02 9.471537690798607911e-02 9.053414069007262310e-02 1.302559999999999829e-01
2.219999999999999751e-01 1.152450492603388360e-01 1.013055332778728945e-01 1.152450492603388360e-01 1.987639999999999962e-01 9.547239610143971877e-02 1.013055332778728945e-01 9.547239610143974653e-02 1.302559999999999829e-01
2.219999999999999751e-01 1.182229637498466851e-01 1.100961726185391287e-01 1.182229637498466851e-01 1.987639999999999962e-01 1.018988907419507012e-01 1.100961726185391287e-01 1.018988907419507289e-01 1.302559999999999829e-01
2.219999999999999751e-01 1.298960483499345675e-01 1.188172480957521010e-01 1.298960483499345675e-01 1.987639999999999962e-01 1.070882857276217875e-01 1.188172480957521010e-01 1.070882857276218153e-01 1.302559999999999829e-01
2.219999999999999751e-01 1.362364633553709292e-01 1.259928725584081310e-01 1.362364633553709292e-01 1.987639999999999962e-01 1.192524574442268281e-01 1.259928725584081310e-01 1.192524574442268559e-01 1.302559999999999829e-01
2.219999999999999751e-01 1.464902991299845969e-01 1.350739795515097375e-01 1.464902991299845969e-01 1.987639999999999962e-01 1.257171588651731786e-01 1.350739795515097375e-01 1.257171588651732064e-01 1.302559999999999829e-01
2.219999999999999751e-01 1.497200000000000197e-01 1.365600000000000147e-01 1.497200000000000197e-01 1.987639999999999962e-01 1.268719999999999848e-01 1.365600000000000147e-01 1.268720000000000125e-01 1.302559999999999829e-01
c: 
2.053999999999999826e+00
2.071000000000000174e+00
2.174999999999999822e+00
