CDF: 
3.099999999999999978e-01 6.099999999999999867e-01 7.900000000000000355e-01 1.000000000000000000e+00
4.000000000000000222e-01 5.899999999999999689e-01 7.600000000000000089e-01 1.000000000000000000e+00
2.899999999999999800e-01 5.799999999999999600e-01 6.899999999999999467e-01 1.000000000000000000e+00
sigma: 
1.427640000000000020e-01 2.751058729184546314e-04 1.858852983300845509e-03 2.751058729184546314e-04 1.610999999999999932e-01 5.680560516300591986e-03 1.858852983300845509e-03 5.680560516300591986e-03 1.844159999999999966e-01
1.427640000000000020e-01 7.962145434565474217e-03 8.207700216194211904e-03 7.962145434565474217e-03 1.610999999999999932e-01 1.298383288062491744e-02 8.207700216194211904e-03 1.298383288062491744e-02 1.844159999999999966e-01
1.427640000000000020e-01 1.866244304175641508e-02 1.884078183640974444e-02 1.866244304175641508e-02 1.610999999999999932e-01 2.301296579146087234e-02 1.884078183640974444e-02 2.301296579146087234e-02 1.844159999999999966e-01
1.427640000000000020e-01 2.397418220713053855e-02 2.820721349748915585e-02 2.397418220713053855e-02 1.610999999999999932e-01 2.892204753590678704e-02 2.820721349748915585e-02 2.892204753590678704e-02 1.844159999999999966e-01
1.427640000000000020e-01 3.633669697687189754e-02 3.391211599133713700e-02 3.633669697687189754e-02 1.610999999999999932e-01 3.375402381181626110e-02 3.391211599133713700e-02 3.375402381181626110e-02 1.844159999999999966e-01
1.427640000000000020e-01 4.000654108677577370e-02 4.357860656503906999e-02 4.000654108677577370e-02 1.610999999999999932e-01 4.544281793810329290e-02 4.357860656503906999e-02 4.544281793810329290e-02 1.844159999999999966e-01
1.427640000000000020e-01 4.745906605916531268e-02 4.819812077594978761e-02 4.745906605916531268e-02 1.610999999999999932e-01 5.531308461260667914e-02 4.819812077594978761e-02 5.531308461260667914e-02 1.844159999999999966e-01
1.427640000000000020e-01 5.367242182136090778e-02 5.857373936700779882e-02 5.367242182136090778e-02 1.610999999999999932e-01 6.103470870163252987e-02 5.857373936700779882e-02 6.103470870163252987e-02 1.844159999999999966e-01
1.427640000000000020e-01 6.453799946537293331e-02 6.175642113047949411e-02 6.453799946537293331e-02 1.610999999999999932e-01 6.779015001420962694e-02 6.175642113047949411e-02 6.779015001420962694e-02 1.844159999999999966e-01
1.427640000000000020e-01 7.092627247450471184e-02 6.783084814080565794e-02 7.092627247450471184e-02 1.610999999999999932e-01 7.700170717484323968e-02 6.783084814080565794e-02 7.700170717484323968e-02 1.844159999999999966e-01
1.427640000000000020e-01 8.183497161878564019e-02 7.452919580815400846e-02 8.183497161878564019e-02 1.610999999999999932e-01 8.663424982836422095e-02 7.452919580815400846e-02 8.663424982836422095e-02 1.844159999999999966e-01
1.427640000000000020e-01 8.920865954749419846e-02 8.218074268002396876e-02 8.920865954749419846e-02 1.610999999999999932e-01 9.678223709349292880e-02 8.218074268002396876e-02 9.678223709349292880e-02 1.844159999999999966e-01
1.427640000000000020e-01 9.624495261600873874e-02 9.622883689929939699e-02 9.624495261600873874e-02 1.610999999999999932e-01 1.002675441480985197e-01 9.622883689929939699e-02 1.002675441480985197e-01 1.844159999999999966e-01
1.427640000000000020e-01 9.963967152869299126e-02 1.003662544561157166e-01 9.963967152869299126e-02 1.610999999999999932e-01 1.145962614168094945e-01 1.003662544561157166e-01 1.145962614168094945e-01 1.844159999999999966e-01
1.427640000000000020e-01 1.103125510366839701e-01 1.066956834549833005e-01 1.103125510366839701e-01 1.610999999999999932e-01 1.160466546136884325e-01 1.066956834549833005e-01 1.160466546136884325e-01 1.844159999999999966e-01
1.427640000000000020e-01 1.148750756285975005e-01 1.174079809272946667e-01 1.148750756285975005e-01 1.610999999999999932e-01 1.264578955139504801e-01 1.174079809272946667e-01 1.264578955139504801e-01 1.844159999999999966e-01
1.427640000000000020e-01 1.220802426202918234e-01 1.259144154442542740e-01 1.220802426202918234e-01 1.610999999999999932e-01 1.331767052114888050e-01 1.259144154442542740e-01 1.331767052114888050e-01 1.844159999999999966e-01
1.427640000000000020e-01 1.317840856072158839e-01 1.282656040694885868e-01 1.317840856072158839e-01 1.610999999999999932e-01 1.425268140409138018e-01 1.282656040694885868e-01 1.425268140409138018e-01 1.844159999999999966e-01
1.427640000000000020e-01 1.401359297377477442e-01 1.357318248406388095e-01 1.401359297377477442e-01 1.610999999999999932e-01 1.515451529076775605e-01 1.357318248406388095e-01 1.515451529076775605e-01 1.844159999999999966e-01
1.427640000000000020e-01 1.438599999999999879e-01 1.414320000000000022e-01 1.438599999999999879e-01 1.610999999999999932e-01 1.567799999999999749e-01 1.414320000000000022e-01 1.567799999999999749e-01 1.844159999999999966e-01
c: 
1.249000000000000110e+00
2.321000000000000174e+00
2.394000000000000128e+00
