CDF: 
1.199999999999999956e-01 1.300000000000000044e-01 6.400000000000000133e-01 1.000000000000000000e+00
3.400000000000000244e-01 5.600000000000000533e-01 7.700000000000000178e-01 1.000000000000000000e+00
1.700000000000000122e-01 5.000000000000000000e-01 5.200000000000000178e-01 1.000000000000000000e+00
sigma: 
1.418040000000000134e-01 1.789149314824369777e-03 7.910438161731304452e-04 1.789149314824369777e-03 1.518750000000000100e-01 6.933553272613246499e-03 7.910438161731304452e-04 6.933553272613245631e-03 2.157390000000000141e-01
1.418040000000000134e-01 6.429356375980938010e-03 1.413464843608973689e-02 6.429356375980938010e-03 1.518750000000000100e-01 7.507258764757528298e-03 1.413464843608973689e-02 7.507258764757527431e-03 2.157390000000000141e-01
1.418040000000000134e-01 1.435721643092298036e-02 1.637778644425455163e-02 1.435721643092298036e-02 1.518750000000000100e-01 1.746172235913973775e-02 1.637778644425455163e-02 1.746172235913973428e-02 2.157390000000000141e-01
1.418040000000000134e-01 2.027394814231059730e-02 2.680122329578451743e-02 2.027394814231059730e-02 1.518750000000000100e-01 2.805675829865217005e-02 2.680122329578451743e-02 2.805675829865216658e-02 2.157390000000000141e-01
1.418040000000000134e-01 2.600045594211058270e-02 3.481544964118795521e-02 2.600045594211058270e-02 1.518750000000000100e-01 3.152799777861433478e-02 3.481544964118795521e-02 3.152799777861432784e-02 2.157390000000000141e-01
1.418040000000000134e-01 3.289680304520366250e-02 4.137170429057292903e-02 3.289680304520366250e-02 1.518750000000000100e-01 4.054847847765970931e-02 4.137170429057292903e-02 4.054847847765970237e-02 2.157390000000000141e-01
1.418040000000000134e-01 4.143588409161123864e-02 4.457926469574486489e-02 4.143588409161123864e-02 1.518750000000000100e-01 4.811451387923274675e-02 4.457926469574486489e-02 4.811451387923273981e-02 2.157390000000000141e-01
1.418040000000000134e-01 4.495321698985901837e-02 5.400581568419415834e-02 4.495321698985901837e-02 1.518750000000000100e-01 5.349853323322852072e-02 5.400581568419415834e-02 5.349853323322851378e-02 2.157390000000000141e-01
1.418040000000000134e-01 5.134251569489792222e-02 6.417592510409109163e-02 5.134251569489792222e-02 1.518750000000000100e-01 6.346747743311199896e-02 6.417592510409109163e-02 6.346747743311198509e-02 2.157390000000000141e-01
1.418040000000000134e-01 6.080531916334779019e-02 7.115818945059874945e-02 6.080531916334779019e-02 1.518750000000000100e-01 6.817408466275065582e-02 7.115818945059874945e-02 6.817408466275064194e-02 2.157390000000000141e-01
1.418040000000000134e-01 6.419120695956788414e-02 7.780895838112261709e-02 6.419120695956788414e-02 1.518750000000000100e-01 7.376372635807157407e-02 7.780895838112261709e-02 7.376372635807156020e-02 2.157390000000000141e-01
1.418040000000000134e-01 7.312921979162059771e-02 8.782329480427278345e-02 7.312921979162059771e-02 1.518750000000000100e-01 7.929079221701929026e-02 8.782329480427278345e-02 7.929079221701927638e-02 2.157390000000000141e-01
1.418040000000000134e-01 7.792045635591865471e-02 9.445635466958818283e-02 7.792045635591865471e-02 1.518750000000000100e-01 8.968139546108690185e-02 9.445635466958818283e-02 8.968139546108688798e-02 2.157390000000000141e-01
1.418040000000000134e-01 8.494589144075449794e-02 9.932516571999969179e-02 8.494589144075449794e-02 1.518750000000000100e-01 9.584625989949401015e-02 9.932516571999969179e-02 9.584625989949399627e-02 2.157390000000000141e-01
1.418040000000000134e-01 9.234378998969186569e-02 1.111446080473414699e-01 9.234378998969186569e-02 1.518750000000000100e-01 1.061034837046959806e-01 1.111446080473414699e-01 1.061034837046959528e-01 2.157390000000000141e-01
1.418040000000000134e-01 9.816626204224394858e-02 1.115779613435793627e-01 9.816626204224394858e-02 1.518750000000000100e-01 1.099049242560267287e-01 1.115779613435793627e-01 1.099049242560267009e-01 2.157390000000000141e-01
1.418040000000000134e-01 1.027197114780237508e-01 1.246348072613883834e-01 1.027197114780237508e-01 1.518750000000000100e-01 1.201380997310293186e-01 1.246348072613883834e-01 1.201380997310292909e-01 2.157390000000000141e-01
1.418040000000000134e-01 1.141595934078399738e-01 1.304510287474458519e-01 1.141595934078399738e-01 1.518750000000000100e-01 1.239363259040811432e-01 1.304510287474458519e-01 1.239363259040811155e-01 2.157390000000000141e-01
1.418040000000000134e-01 1.199661309376569701e-01 1.346319742830690558e-01 1.199661309376569701e-01 1.518750000000000100e-01 1.328216816389875543e-01 1.346319742830690558e-01 1.328216816389875266e-01 2.157390000000000141e-01
1.418040000000000134e-01 1.208899999999999975e-01 1.409340000000000037e-01 1.208899999999999975e-01 1.518750000000000100e-01 1.357150000000000301e-01 1.409340000000000037e-01 1.357150000000000023e-01 2.157390000000000141e-01
c: 
1.433000000000000052e+00
2.161999999999999922e+00
1.905000000000000027e+00
