CDF: 
3.300000000000000155e-01 5.500000000000000444e-01 5.699999999999999512e-01 1.000000000000000000e+00
2.999999999999999889e-01 5.100000000000000089e-01 6.700000000000000400e-01 1.000000000000000000e+00
1.300000000000000044e-01 2.000000000000000111e-01 4.799999999999999822e-01 1.000000000000000000e+00
sigma: 
2.096760000000000290e-01 3.766333813789502546e-03 7.250240286340002734e-03 3.766333813789502546e-03 1.739040000000000030e-01 4.021275919161747085e-03 7.250240286340003601e-03 4.021275919161747085e-03 1.502840000000000009e-01
2.096760000000000290e-01 1.330174512789745501e-02 1.147848229623541806e-02 1.330174512789745501e-02 1.739040000000000030e-01 1.275648218460033109e-02 1.147848229623541980e-02 1.275648218460033109e-02 1.502840000000000009e-01
2.096760000000000290e-01 2.488382635551597208e-02 1.717314035947401299e-02 2.488382635551597208e-02 1.739040000000000030e-01 1.410595481710301066e-02 1.717314035947401646e-02 1.410595481710301066e-02 1.502840000000000009e-01
2.096760000000000290e-01 2.798533540727853736e-02 2.542686656087944641e-02 2.798533540727853736e-02 1.739040000000000030e-01 2.688280247891478708e-02 2.542686656087945335e-02 2.688280247891478708e-02 1.502840000000000009e-01
2.096760000000000290e-01 3.742753853668453340e-02 3.259898740644296550e-02 3.742753853668453340e-02 1.739040000000000030e-01 3.005242538012983106e-02 3.259898740644297244e-02 3.005242538012983106e-02 1.502840000000000009e-01
2.096760000000000290e-01 5.114889920932277900e-02 4.368146006261634101e-02 5.114889920932277900e-02 1.739040000000000030e-01 4.093313915173991263e-02 4.368146006261634795e-02 4.093313915173991263e-02 1.502840000000000009e-01
2.096760000000000290e-01 5.671310326455342860e-02 5.068783956643291982e-02 5.671310326455342860e-02 1.739040000000000030e-01 4.422895112218364760e-02 5.068783956643292676e-02 4.422895112218364760e-02 1.502840000000000009e-01
2.096760000000000290e-01 6.462429254407695001e-02 6.365939611929746778e-02 6.462429254407695001e-02 1.739040000000000030e-01 5.137915741312192031e-02 6.365939611929746778e-02 5.137915741312192031e-02 1.502840000000000009e-01
2.096760000000000290e-01 8.180131199032994460e-02 6.623584975012644649e-02 8.180131199032994460e-02 1.739040000000000030e-01 5.927772238090273788e-02 6.623584975012646037e-02 5.927772238090273788e-02 1.502840000000000009e-01
2.096760000000000290e-01 9.007392267512522033e-02 7.883912120700128923e-02 9.007392267512522033e-02 1.739040000000000030e-01 6.567430299620302669e-02 7.883912120700130310e-02 6.567430299620302669e-02 1.502840000000000009e-01
2.096760000000000290e-01 9.992930021078898217e-02 8.067151748570822178e-02 9.992930021078898217e-02 1.739040000000000030e-01 7.586376596544316953e-02 8.067151748570823566e-02 7.586376596544316953e-02 1.502840000000000009e-01
2.096760000000000290e-01 1.034256035201533003e-01 9.598657731855601838e-02 1.034256035201533003e-01 1.739040000000000030e-01 7.747996553659079744e-02 9.598657731855603226e-02 7.747996553659079744e-02 1.502840000000000009e-01
2.096760000000000290e-01 1.175628214444349590e-01 9.983956846959425591e-02 1.175628214444349590e-01 1.739040000000000030e-01 9.032745250169346707e-02 9.983956846959426978e-02 9.032745250169346707e-02 1.502840000000000009e-01
2.096760000000000290e-01 1.272536282171843891e-01 1.117381668693097491e-01 1.272536282171843891e-01 1.739040000000000030e-01 9.391404821738920383e-02 1.117381668693097768e-01 9.391404821738920383e-02 1.502840000000000009e-01
2.096760000000000290e-01 1.364891577340517359e-01 1.138400754825378697e-01 1.364891577340517359e-01 1.739040000000000030e-01 1.002604020531313173e-01 1.138400754825378974e-01 1.002604020531313173e-01 1.502840000000000009e-01
2.096760000000000290e-01 1.458160927043005706e-01 1.268364538351181292e-01 1.458160927043005706e-01 1.739040000000000030e-01 1.054272155228152125e-01 1.268364538351181570e-01 1.054272155228152125e-01 1.502840000000000009e-01
2.096760000000000290e-01 1.510572683276521500e-01 1.298722365452659178e-01 1.510572683276521500e-01 1.739040000000000030e-01 1.129385833093223962e-01 1.298722365452659178e-01 1.129385833093223962e-01 1.502840000000000009e-01
2.096760000000000290e-01 1.615058737228388108e-01 1.403203846805290700e-01 1.615058737228388108e-01 1.739040000000000030e-01 1.234488306733700774e-01 1.403203846805290977e-01 1.234488306733700774e-01 1.502840000000000009e-01
2.096760000000000290e-01 1.708035643960248151e-01 1.466099059214266698e-01 1.708035643960248151e-01 1.739040000000000030e-01 1.271601135961418771e-01 1.466099059214266975e-01 1.271601135961418771e-01 1.502840000000000009e-01
2.096760000000000290e-01 1.734479999999999911e-01 1.526280000000000137e-01 1.734479999999999911e-01 1.739040000000000030e-01 1.327440000000000009e-01 1.526280000000000414e-01 1.327440000000000009e-01 1.502840000000000009e-01
c: 
2.220000000000000195e+00
2.467000000000000082e+00
1.612999999999999989e+00
