CDF: 
3.200000000000000067e-01 6.899999999999999467e-01 7.299999999999999822e-01 1.000000000000000000e+00
5.400000000000000355e-01 7.800000000000000266e-01 8.199999999999999512e-01 1.000000000000000000e+00
2.099999999999999922e-01 4.500000000000000111e-01 6.300000000000000044e-01 1.000000000000000000e+00
sigma: 
1.755390000000000006e-01 6.639156750720205842e-03 3.646673587934299784e-03 6.639156750720205842e-03 1.393439999999999956e-01 2.586858302114344865e-03 3.646673587934299784e-03 2.586858302114345733e-03 1.878959999999999797e-01
1.755390000000000006e-01 1.009205227551364034e-02 9.718668883881693282e-03 1.009205227551364034e-02 1.393439999999999956e-01 9.354694198188927279e-03 9.718668883881693282e-03 9.354694198188929014e-03 1.878959999999999797e-01
1.755390000000000006e-01 1.902679393494874360e-02 1.705640238505119755e-02 1.902679393494874360e-02 1.393439999999999956e-01 1.617522258048754644e-02 1.705640238505119755e-02 1.617522258048754991e-02 1.878959999999999797e-01
1.755390000000000006e-01 2.374331049136800542e-02 2.747766166225547660e-02 2.374331049136800542e-02 1.393439999999999956e-01 2.171545551823832187e-02 2.747766166225547660e-02 2.171545551823832881e-02 1.878959999999999797e-01
1.755390000000000006e-01 3.410409316362373461e-02 3.721366850076152782e-02 3.410409316362373461e-02 1.393439999999999956e-01 2.873673786229576782e-02 3.721366850076152782e-02 2.873673786229577476e-02 1.878959999999999797e-01
1.755390000000000006e-01 3.512651291580200230e-02 4.676823614917387933e-02 3.512651291580200230e-02 1.393439999999999956e-01 3.164235175624397628e-02 4.676823614917387933e-02 3.164235175624398322e-02 1.878959999999999797e-01
1.755390000000000006e-01 4.275480984140266061e-02 5.214735327482312305e-02 4.275480984140266061e-02 1.393439999999999956e-01 3.726971172683202910e-02 5.214735327482312305e-02 3.726971172683203604e-02 1.878959999999999797e-01
1.755390000000000006e-01 4.957749269109558432e-02 5.766877163163042219e-02 4.957749269109558432e-02 1.393439999999999956e-01 4.278796932010944104e-02 5.766877163163042219e-02 4.278796932010944798e-02 1.878959999999999797e-01
1.755390000000000006e-01 5.775759116580133495e-02 6.404382534738593813e-02 5.775759116580133495e-02 1.393439999999999956e-01 5.338867834829882919e-02 6.404382534738593813e-02 5.338867834829884307e-02 1.878959999999999797e-01
1.755390000000000006e-01 6.527756000851864249e-02 7.962886664373938772e-02 6.527756000851864249e-02 1.393439999999999956e-01 5.362440931902301422e-02 7.962886664373938772e-02 5.362440931902302810e-02 1.878959999999999797e-01
1.755390000000000006e-01 7.470277006399629605e-02 8.666952784111645047e-02 7.470277006399629605e-02 1.393439999999999956e-01 6.074352125780529965e-02 8.666952784111645047e-02 6.074352125780531353e-02 1.878959999999999797e-01
1.755390000000000006e-01 7.938013376606577187e-02 9.369582930124019382e-02 7.938013376606577187e-02 1.393439999999999956e-01 6.632991163402787715e-02 9.369582930124019382e-02 6.632991163402789103e-02 1.878959999999999797e-01
1.755390000000000006e-01 8.393933455820071221e-02 9.921424562190983565e-02 8.393933455820071221e-02 1.393439999999999956e-01 7.421163984735910935e-02 9.921424562190983565e-02 7.421163984735912322e-02 1.878959999999999797e-01
1.755390000000000006e-01 9.218470219512173158e-02 1.056767967856157425e-01 9.218470219512173158e-02 1.393439999999999956e-01 8.256871872822246772e-02 1.056767967856157425e-01 8.256871872822248160e-02 1.878959999999999797e-01
1.755390000000000006e-01 9.882886516860318882e-02 1.184804655793696565e-01 9.882886516860318882e-02 1.393439999999999956e-01 8.640019522998919344e-02 1.184804655793696565e-01 8.640019522998922119e-02 1.878959999999999797e-01
1.755390000000000006e-01 1.080967789866341400e-01 1.244478809758246124e-01 1.080967789866341400e-01 1.393439999999999956e-01 9.311551504537125823e-02 1.244478809758246124e-01 9.311551504537128598e-02 1.878959999999999797e-01
1.755390000000000006e-01 1.106579973821516932e-01 1.356677488656463926e-01 1.106579973821516932e-01 1.393439999999999956e-01 9.515111326308112183e-02 1.356677488656463926e-01 9.515111326308114958e-02 1.878959999999999797e-01
1.755390000000000006e-01 1.206781732466272461e-01 1.383533805846983156e-01 1.206781732466272461e-01 1.393439999999999956e-01 1.036382323470241562e-01 1.383533805846983156e-01 1.036382323470241840e-01 1.878959999999999797e-01
1.755390000000000006e-01 1.262682992917824321e-01 1.473676560374824474e-01 1.262682992917824321e-01 1.393439999999999956e-01 1.073247957673499065e-01 1.473676560374824474e-01 1.073247957673499342e-01 1.878959999999999797e-01
1.755390000000000006e-01 1.307959999999999956e-01 1.517879999999999785e-01 1.307959999999999956e-01 1.393439999999999956e-01 1.129319999999999768e-01 1.517879999999999785e-01 1.129320000000000046e-01 1.878959999999999797e-01
c: 
2.208000000000000185e+00
2.701000000000000068e+00
1.618000000000000105e+00
