CDF: 
2.999999999999999889e-01 7.199999999999999734e-01 7.900000000000000355e-01 1.000000000000000000e+00
1.900000000000000022e-01 3.099999999999999978e-01 7.600000000000000089e-01 1.000000000000000000e+00
1.499999999999999944e-01 3.599999999999999867e-01 6.700000000000000400e-01 1.000000000000000000e+00
sigma: 
1.459710000000000174e-01 4.976755323374249494e-04 1.859536247849183409e-03 4.976755323374248410e-04 1.319309999999999927e-01 2.875193176986966161e-03 1.859536247849183409e-03 2.875193176986966161e-03 1.628639999999999810e-01
1.459710000000000174e-01 1.107301544068663678e-02 6.909468163444383235e-03 1.107301544068663331e-02 1.319309999999999927e-01 1.152793217780772803e-02 6.909468163444383235e-03 1.152793217780772803e-02 1.628639999999999810e-01
1.459710000000000174e-01 1.940643065182880850e-02 1.324056333845133673e-02 1.940643065182880503e-02 1.319309999999999927e-01 1.811072657889865878e-02 1.324056333845133673e-02 1.811072657889865878e-02 1.628639999999999810e-01
1.459710000000000174e-01 2.064459929275544448e-02 2.276920520677998272e-02 2.064459929275543754e-02 1.319309999999999927e-01 2.366972563857636450e-02 2.276920520677998272e-02 2.366972563857636450e-02 1.628639999999999810e-01
1.459710000000000174e-01 3.185070872028808453e-02 2.738866464248510685e-02 3.185070872028807759e-02 1.319309999999999927e-01 2.814452147293496423e-02 2.738866464248510685e-02 2.814452147293496423e-02 1.628639999999999810e-01
1.459710000000000174e-01 3.871237568169871857e-02 3.401109831991370319e-02 3.871237568169871163e-02 1.319309999999999927e-01 3.381007567801555536e-02 3.401109831991370319e-02 3.381007567801555536e-02 1.628639999999999810e-01
1.459710000000000174e-01 4.092798161169550891e-02 3.960434607543714819e-02 4.092798161169550197e-02 1.319309999999999927e-01 4.092226298851071170e-02 3.960434607543714819e-02 4.092226298851071170e-02 1.628639999999999810e-01
1.459710000000000174e-01 4.998924658108890723e-02 4.728645074223029182e-02 4.998924658108889335e-02 1.319309999999999927e-01 4.852595363324244127e-02 4.728645074223029182e-02 4.852595363324244127e-02 1.628639999999999810e-01
1.459710000000000174e-01 5.881725334721079473e-02 5.472308123325343027e-02 5.881725334721078086e-02 1.319309999999999927e-01 5.555473329841575242e-02 5.472308123325343027e-02 5.555473329841575242e-02 1.628639999999999810e-01
1.459710000000000174e-01 6.342045576025824583e-02 6.312335270018824829e-02 6.342045576025823195e-02 1.319309999999999927e-01 6.591577753942537421e-02 6.312335270018824829e-02 6.591577753942537421e-02 1.628639999999999810e-01
1.459710000000000174e-01 7.171086685236173486e-02 7.107735048463875716e-02 7.171086685236170710e-02 1.319309999999999927e-01 7.185200680342226920e-02 7.107735048463875716e-02 7.185200680342226920e-02 1.628639999999999810e-01
1.459710000000000174e-01 8.027392128106816682e-02 7.275184511468384130e-02 8.027392128106815294e-02 1.319309999999999927e-01 7.813246054312746047e-02 7.275184511468384130e-02 7.813246054312746047e-02 1.628639999999999810e-01
1.459710000000000174e-01 8.815763797162166904e-02 8.115686917605136053e-02 8.815763797162164128e-02 1.319309999999999927e-01 8.079587421443956696e-02 8.115686917605136053e-02 8.079587421443956696e-02 1.628639999999999810e-01
1.459710000000000174e-01 9.056482468820449550e-02 8.960862394721878788e-02 9.056482468820448162e-02 1.319309999999999927e-01 9.112313164087186557e-02 8.960862394721878788e-02 9.112313164087186557e-02 1.628639999999999810e-01
1.459710000000000174e-01 9.588910495460188643e-02 9.423372688553215137e-02 9.588910495460185868e-02 1.319309999999999927e-01 9.783004419005142394e-02 9.423372688553215137e-02 9.783004419005142394e-02 1.628639999999999810e-01
1.459710000000000174e-01 1.025872898020474405e-01 1.016534800336736100e-01 1.025872898020474266e-01 1.319309999999999927e-01 1.014980764116240192e-01 1.016534800336736100e-01 1.014980764116240192e-01 1.628639999999999810e-01
1.459710000000000174e-01 1.150921095659400983e-01 1.098652093923997985e-01 1.150921095659400706e-01 1.319309999999999927e-01 1.064802326382356945e-01 1.098652093923997985e-01 1.064802326382356945e-01 1.628639999999999810e-01
1.459710000000000174e-01 1.166866394509559895e-01 1.150526261312988935e-01 1.166866394509559618e-01 1.319309999999999927e-01 1.149641132200806409e-01 1.150526261312988935e-01 1.149641132200806409e-01 1.628639999999999810e-01
1.459710000000000174e-01 1.255691132850628999e-01 1.207305611501428705e-01 1.255691132850628722e-01 1.319309999999999927e-01 1.199272259057929946e-01 1.207305611501428705e-01 1.199272259057929946e-01 1.628639999999999810e-01
1.459710000000000174e-01 1.293490000000000195e-01 1.246879999999999933e-01 1.293489999999999918e-01 1.319309999999999927e-01 1.257719999999999949e-01 1.246879999999999933e-01 1.257719999999999949e-01 1.628639999999999810e-01
c: 
2.702999999999999847e+00
1.792000000000000037e+00
1.489000000000000101e+00
