CDF: 
1.199999999999999956e-01 4.199999999999999845e-01 5.100000000000000089e-01 1.000000000000000000e+00
2.099999999999999922e-01 5.600000000000000533e-01 6.800000000000000488e-01 1.000000000000000000e+00
4.500000000000000111e-01 5.000000000000000000e-01 7.099999999999999645e-01 1.000000000000000000e+00
sigma: 
1.730040000000000189e-01 6.002139750920137788e-03 1.757075934341423111e-03 6.002139750920137788e-03 1.613559999999999994e-01 5.893675678175405719e-03 1.757075934341423111e-03 5.893675678175405719e-03 1.781439999999999690e-01
1.730040000000000189e-01 7.291523495834731187e-03 1.351871118330047472e-02 7.291523495834731187e-03 1.613559999999999994e-01 1.239915774844812732e-02 1.351871118330047472e-02 1.239915774844812732e-02 1.781439999999999690e-01
1.730040000000000189e-01 1.771513472668952149e-02 2.365689914962811752e-02 1.771513472668952149e-02 1.613559999999999994e-01 1.743511146290504729e-02 2.365689914962811752e-02 1.743511146290504729e-02 1.781439999999999690e-01
1.730040000000000189e-01 2.416974932575878532e-02 2.769275488775439081e-02 2.416974932575878532e-02 1.613559999999999994e-01 3.153375133939076425e-02 2.769275488775439081e-02 3.153375133939076425e-02 1.781439999999999690e-01
1.730040000000000189e-01 2.970502218585414911e-02 3.239911970644082650e-02 2.970502218585414911e-02 1.613559999999999994e-01 3.741122700790860262e-02 3.239911970644082650e-02 3.741122700790860262e-02 1.781439999999999690e-01
1.730040000000000189e-01 3.857392639181742022e-02 4.662419342860604776e-02 3.857392639181742022e-02 1.613559999999999994e-01 4.214331591832735230e-02 4.662419342860604776e-02 4.214331591832735230e-02 1.781439999999999690e-01
1.730040000000000189e-01 4.613101516718972478e-02 5.412035548245957423e-02 4.613101516718972478e-02 1.613559999999999994e-01 5.396643074627609921e-02 5.412035548245957423e-02 5.396643074627609921e-02 1.781439999999999690e-01
1.730040000000000189e-01 5.259048454332009709e-02 5.941584652483597462e-02 5.259048454332009709e-02 1.613559999999999994e-01 6.057097464648445589e-02 5.941584652483597462e-02 6.057097464648445589e-02 1.781439999999999690e-01
1.730040000000000189e-01 6.176942056144748422e-02 6.861218247570428919e-02 6.176942056144748422e-02 1.613559999999999994e-01 7.171694790170909939e-02 6.861218247570428919e-02 7.171694790170909939e-02 1.781439999999999690e-01
1.730040000000000189e-01 6.818076183908358678e-02 7.888008188757933414e-02 6.818076183908358678e-02 1.613559999999999994e-01 7.740311043227013355e-02 7.888008188757933414e-02 7.740311043227013355e-02 1.781439999999999690e-01
1.730040000000000189e-01 7.727829670533283013e-02 8.559831995567730722e-02 7.727829670533283013e-02 1.613559999999999994e-01 8.503226243041281385e-02 8.559831995567730722e-02 8.503226243041281385e-02 1.781439999999999690e-01
1.730040000000000189e-01 8.551640356749194705e-02 8.788563200505331019e-02 8.551640356749194705e-02 1.613559999999999994e-01 9.980261090146103076e-02 8.788563200505331019e-02 9.980261090146103076e-02 1.781439999999999690e-01
1.730040000000000189e-01 8.793697523374038871e-02 9.709668646574819151e-02 8.793697523374038871e-02 1.613559999999999994e-01 1.010837027870325894e-01 9.709668646574819151e-02 1.010837027870325894e-01 1.781439999999999690e-01
1.730040000000000189e-01 1.006864663539818044e-01 1.104963960283187191e-01 1.006864663539818044e-01 1.613559999999999994e-01 1.148795619789100830e-01 1.104963960283187191e-01 1.148795619789100830e-01 1.781439999999999690e-01
1.730040000000000189e-01 1.038841274971270684e-01 1.157198813022459055e-01 1.038841274971270684e-01 1.613559999999999994e-01 1.201306241828415805e-01 1.157198813022459055e-01 1.201306241828415805e-01 1.781439999999999690e-01
1.730040000000000189e-01 1.136807357772049859e-01 1.214647033055257369e-01 1.136807357772049859e-01 1.613559999999999994e-01 1.270824281470873673e-01 1.214647033055257369e-01 1.270824281470873673e-01 1.781439999999999690e-01
1.730040000000000189e-01 1.213236605045841660e-01 1.341018044310146318e-01 1.213236605045841660e-01 1.613559999999999994e-01 1.422907289741905668e-01 1.341018044310146318e-01 1.422907289741905668e-01 1.781439999999999690e-01
1.730040000000000189e-01 1.261605556353549151e-01 1.407140839252314091e-01 1.261605556353549151e-01 1.613559999999999994e-01 1.506327969530185107e-01 1.407140839252314091e-01 1.506327969530185107e-01 1.781439999999999690e-01
1.730040000000000189e-01 1.320296445208070935e-01 1.505613538521883565e-01 1.320296445208070935e-01 1.613559999999999994e-01 1.578513935347031771e-01 1.505613538521883565e-01 1.578513935347031771e-01 1.781439999999999690e-01
1.730040000000000189e-01 1.369319999999999982e-01 1.505759999999999876e-01 1.369319999999999982e-01 1.613559999999999994e-01 1.598080000000000056e-01 1.505759999999999876e-01 1.598080000000000056e-01 1.781439999999999690e-01
c: 
1.935999999999999943e+00
1.054000000000000048e+00
1.262999999999999901e+00
