CDF: 
1.600000000000000033e-01 2.999999999999999889e-01 6.500000000000000222e-01 1.000000000000000000e+00
1.100000000000000006e-01 6.700000000000000400e-01 6.999999999999999556e-01 1.000000000000000000e+00
2.200000000000000011e-01 5.000000000000000000e-01 5.600000000000000533e-01 1.000000000000000000e+00
sigma: 
1.432759999999999867e-01 3.622252386127525637e-03 3.233222250108515935e-03 3.622252386127526504e-03 1.474239999999999995e-01 5.191515394634479454e-03 3.233222250108515935e-03 5.191515394634479454e-03 1.903999999999999859e-01
1.432759999999999867e-01 1.322751141879949417e-02 7.880135187719874285e-03 1.322751141879949591e-02 1.474239999999999995e-01 1.237531462624448346e-02 7.880135187719874285e-03 1.237531462624448346e-02 1.903999999999999859e-01
1.432759999999999867e-01 2.007039519655346924e-02 1.768132031380240804e-02 2.007039519655347271e-02 1.474239999999999995e-01 1.597188454686966630e-02 1.768132031380240804e-02 1.597188454686966630e-02 1.903999999999999859e-01
1.432759999999999867e-01 2.285916523719934076e-02 2.824698782507475275e-02 2.285916523719934423e-02 1.474239999999999995e-01 2.292753047784064011e-02 2.824698782507475275e-02 2.292753047784064011e-02 1.903999999999999859e-01
1.432759999999999867e-01 3.321922673844787677e-02 3.074364512272732830e-02 3.321922673844788371e-02 1.474239999999999995e-01 2.788080778719833480e-02 3.074364512272732830e-02 2.788080778719833480e-02 1.903999999999999859e-01
1.432759999999999867e-01 3.597008244711681624e-02 4.153096708637445122e-02 3.597008244711682318e-02 1.474239999999999995e-01 3.913969518845984708e-02 4.153096708637445122e-02 3.913969518845984708e-02 1.903999999999999859e-01
1.432759999999999867e-01 4.615472450288630318e-02 4.738488583174289143e-02 4.615472450288631012e-02 1.474239999999999995e-01 4.205531326291919725e-02 4.738488583174289143e-02 4.205531326291919725e-02 1.903999999999999859e-01
1.432759999999999867e-01 5.338670526398942018e-02 5.924263569901283555e-02 5.338670526398943406e-02 1.474239999999999995e-01 5.345392611652401843e-02 5.924263569901283555e-02 5.345392611652401843e-02 1.903999999999999859e-01
1.432759999999999867e-01 5.787313920932695560e-02 6.667630104869003149e-02 5.787313920932696948e-02 1.474239999999999995e-01 6.056781623631314615e-02 6.667630104869003149e-02 6.056781623631314615e-02 1.903999999999999859e-01
1.432759999999999867e-01 6.663320210492637563e-02 7.388861829027836003e-02 6.663320210492638951e-02 1.474239999999999995e-01 6.520217499253097571e-02 7.388861829027836003e-02 6.520217499253097571e-02 1.903999999999999859e-01
1.432759999999999867e-01 7.147734818094268749e-02 8.065080675137782651e-02 7.147734818094270137e-02 1.474239999999999995e-01 7.241761298718013551e-02 8.065080675137782651e-02 7.241761298718013551e-02 1.903999999999999859e-01
1.432759999999999867e-01 7.919870512914627125e-02 8.676805621783695299e-02 7.919870512914628513e-02 1.474239999999999995e-01 7.957617438870946691e-02 8.676805621783695299e-02 7.957617438870946691e-02 1.903999999999999859e-01
1.432759999999999867e-01 8.647882155582810315e-02 9.428698347075707697e-02 8.647882155582811703e-02 1.474239999999999995e-01 8.283791212187491260e-02 9.428698347075707697e-02 8.283791212187491260e-02 1.903999999999999859e-01
1.432759999999999867e-01 8.894554789151297436e-02 9.975400052370217430e-02 8.894554789151298824e-02 1.474239999999999995e-01 9.154429281385836892e-02 9.975400052370217430e-02 9.154429281385836892e-02 1.903999999999999859e-01
1.432759999999999867e-01 1.018298755891014762e-01 1.073336880025390211e-01 1.018298755891014901e-01 1.474239999999999995e-01 9.997178934911922499e-02 1.073336880025390211e-01 9.997178934911922499e-02 1.903999999999999859e-01
1.432759999999999867e-01 1.042849088231914273e-01 1.221881839961221350e-01 1.042849088231914551e-01 1.474239999999999995e-01 1.074460797601040213e-01 1.221881839961221350e-01 1.074460797601040213e-01 1.903999999999999859e-01
1.432759999999999867e-01 1.162490773634146379e-01 1.290449989127893382e-01 1.162490773634146657e-01 1.474239999999999995e-01 1.134233933490922386e-01 1.290449989127893382e-01 1.134233933490922386e-01 1.903999999999999859e-01
1.432759999999999867e-01 1.222360441847019363e-01 1.312162056637949381e-01 1.222360441847019641e-01 1.474239999999999995e-01 1.170668072548865651e-01 1.312162056637949381e-01 1.170668072548865651e-01 1.903999999999999859e-01
1.432759999999999867e-01 1.270128063030346033e-01 1.416952600298297116e-01 1.270128063030346310e-01 1.474239999999999995e-01 1.235485491957479948e-01 1.416952600298297116e-01 1.235485491957479948e-01 1.903999999999999859e-01
1.432759999999999867e-01 1.299679999999999724e-01 1.454400000000000137e-01 1.299680000000000002e-01 1.474239999999999995e-01 1.295199999999999962e-01 1.454400000000000137e-01 1.295199999999999962e-01 1.903999999999999859e-01
c: 
2.794000000000000039e+00
1.764000000000000012e+00
2.847999999999999865e+00
