CDF: 
1.700000000000000122e-01 7.299999999999999822e-01 8.699999999999999956e-01 1.000000000000000000e+00
4.299999999999999933e-01 5.200000000000000178e-01 7.500000000000000000e-01 1.000000000000000000e+00
3.099999999999999978e-01 5.300000000000000266e-01 5.400000000000000355e-01 1.000000000000000000e+00
sigma: 
9.621600000000000985e-02 4.847049119480153177e-03 1.963248634910863804e-03 4.847049119480153177e-03 1.640159999999999951e-01 3.722036452926821663e-03 1.963248634910864238e-03 3.722036452926821663e-03 2.278749999999999665e-01
9.621600000000000985e-02 7.210415917813959782e-03 8.716010792706119226e-03 7.210415917813959782e-03 1.640159999999999951e-01 1.369635597625611621e-02 8.716010792706120960e-03 1.369635597625611621e-02 2.278749999999999665e-01
9.621600000000000985e-02 1.382375323096846943e-02 1.216369201352728718e-02 1.382375323096846943e-02 1.640159999999999951e-01 2.458515744287687044e-02 1.216369201352728892e-02 2.458515744287687044e-02 2.278749999999999665e-01
9.621600000000000985e-02 1.740084467065497117e-02 1.347118968102487165e-02 1.740084467065497117e-02 1.640159999999999951e-01 2.798289933976716784e-02 1.347118968102487338e-02 2.798289933976716784e-02 2.278749999999999665e-01
9.621600000000000985e-02 2.576414266020168181e-02 1.979874058168507034e-02 2.576414266020168181e-02 1.640159999999999951e-01 3.710108789563885956e-02 1.979874058168507381e-02 3.710108789563885956e-02 2.278749999999999665e-01
9.621600000000000985e-02 2.862124238870340093e-02 2.378941065859379450e-02 2.862124238870340093e-02 1.640159999999999951e-01 4.299072214258514713e-02 2.378941065859379797e-02 4.299072214258514713e-02 2.278749999999999665e-01
9.621600000000000985e-02 3.452535343453299460e-02 2.973750783746635651e-02 3.452535343453299460e-02 1.640159999999999951e-01 5.272732252883512161e-02 2.973750783746636345e-02 5.272732252883512161e-02 2.278749999999999665e-01
9.621600000000000985e-02 3.861227119558585663e-02 3.325276824204325549e-02 3.861227119558585663e-02 1.640159999999999951e-01 6.435228409183117726e-02 3.325276824204326243e-02 6.435228409183117726e-02 2.278749999999999665e-01
9.621600000000000985e-02 4.463283070456587620e-02 3.646635122929592354e-02 4.463283070456587620e-02 1.640159999999999951e-01 6.614400810170506517e-02 3.646635122929592354e-02 6.614400810170506517e-02 2.278749999999999665e-01
9.621600000000000985e-02 4.810364693669769848e-02 4.050896800485455362e-02 4.810364693669769848e-02 1.640159999999999951e-01 7.802645592414458875e-02 4.050896800485456056e-02 7.802645592414458875e-02 2.278749999999999665e-01
9.621600000000000985e-02 5.496763436444378204e-02 4.441584807378139155e-02 5.496763436444378204e-02 1.640159999999999951e-01 8.710670796279817996e-02 4.441584807378139849e-02 8.710670796279817996e-02 2.278749999999999665e-01
9.621600000000000985e-02 6.006810276534618742e-02 5.050480913273085182e-02 6.006810276534618742e-02 1.640159999999999951e-01 9.636449972082311577e-02 5.050480913273086570e-02 9.636449972082311577e-02 2.278749999999999665e-01
9.621600000000000985e-02 6.474027297915437018e-02 5.320463811134296117e-02 6.474027297915437018e-02 1.640159999999999951e-01 1.009476843678107083e-01 5.320463811134296811e-02 1.009476843678107083e-01 2.278749999999999665e-01
9.621600000000000985e-02 7.127622604542938056e-02 6.107616498825317597e-02 7.127622604542938056e-02 1.640159999999999951e-01 1.143347657223766217e-01 6.107616498825318291e-02 1.143347657223766217e-01 2.278749999999999665e-01
9.621600000000000985e-02 7.401504752360703321e-02 6.152364457831776406e-02 7.401504752360703321e-02 1.640159999999999951e-01 1.222964068834858642e-01 6.152364457831777100e-02 1.222964068834858642e-01 2.278749999999999665e-01
9.621600000000000985e-02 8.232195377447108775e-02 6.963206168860487655e-02 8.232195377447108775e-02 1.640159999999999951e-01 1.287913698687952746e-01 6.963206168860487655e-02 1.287913698687952746e-01 2.278749999999999665e-01
9.621600000000000985e-02 8.894866429802049390e-02 7.353568699217068183e-02 8.894866429802049390e-02 1.640159999999999951e-01 1.382930996271013457e-01 7.353568699217069571e-02 1.382930996271013457e-01 2.278749999999999665e-01
9.621600000000000985e-02 9.288509452294854696e-02 7.665735602358050849e-02 9.288509452294854696e-02 1.640159999999999951e-01 1.435111484652307756e-01 7.665735602358052236e-02 1.435111484652307756e-01 2.278749999999999665e-01
9.621600000000000985e-02 9.512282668101151861e-02 8.189854867509467617e-02 9.512282668101151861e-02 1.640159999999999951e-01 1.482320739088977546e-01 8.189854867509469005e-02 1.482320739088977546e-01 2.278749999999999665e-01
9.621600000000000985e-02 1.002159999999999995e-01 8.291999999999999371e-02 1.002159999999999995e-01 1.640159999999999951e-01 1.560199999999999920e-01 8.292000000000000759e-02 1.560199999999999920e-01 2.278749999999999665e-01
c: 
2.241999999999999993e+00
1.197000000000000064e+00
1.723999999999999977e+00
