CDF: 
1.799999999999999933e-01 2.999999999999999889e-01 3.599999999999999867e-01 1.000000000000000000e+00
6.899999999999999467e-01 6.999999999999999556e-01 9.399999999999999467e-01 1.000000000000000000e+00
5.000000000000000000e-01 5.400000000000000355e-01 9.200000000000000400e-01 1.000000000000000000e+00
sigma: 
1.977000000000000146e-01 2.081983528403572557e-03 3.160610311905480505e-03 2.081983528403572557e-03 6.401099999999999846e-02 8.354238037724528521e-04 3.160610311905479204e-03 8.354238037724528521e-04 7.539600000000001856e-02
1.977000000000000146e-01 4.173293253592234679e-03 6.203908968930875803e-03 4.173293253592234679e-03 6.401099999999999846e-02 6.007673660519483559e-03 6.203908968930873201e-03 6.007673660519483559e-03 7.539600000000001856e-02
1.977000000000000146e-01 5.720787728398088988e-03 9.642773497356529541e-03 5.720787728398088988e-03 6.401099999999999846e-02 7.944561081009448439e-03 9.642773497356524337e-03 7.944561081009448439e-03 7.539600000000001856e-02
1.977000000000000146e-01 8.160843698577235211e-03 1.252984042511665758e-02 8.160843698577235211e-03 6.401099999999999846e-02 1.198333227359152549e-02 1.252984042511665237e-02 1.198333227359152549e-02 7.539600000000001856e-02
1.977000000000000146e-01 1.142261714348456400e-02 1.625177031319171780e-02 1.142261714348456400e-02 6.401099999999999846e-02 1.448011793013539647e-02 1.625177031319171086e-02 1.448011793013539647e-02 7.539600000000001856e-02
1.977000000000000146e-01 1.361212308548689388e-02 1.906794975104686776e-02 1.361212308548689388e-02 6.401099999999999846e-02 1.698501608488435163e-02 1.906794975104685735e-02 1.698501608488435163e-02 7.539600000000001856e-02
1.977000000000000146e-01 1.589013738798015010e-02 2.295694151432175686e-02 1.589013738798015010e-02 6.401099999999999846e-02 2.084486873249746103e-02 2.295694151432174646e-02 2.084486873249746103e-02 7.539600000000001856e-02
1.977000000000000146e-01 1.812099459450199068e-02 2.673407485296850142e-02 1.812099459450199068e-02 6.401099999999999846e-02 2.317365253012548115e-02 2.673407485296849101e-02 2.317365253012548115e-02 7.539600000000001856e-02
1.977000000000000146e-01 1.969298202009829926e-02 2.938820650798100800e-02 1.969298202009829926e-02 6.401099999999999846e-02 2.640528384388268757e-02 2.938820650798099413e-02 2.640528384388268757e-02 7.539600000000001856e-02
1.977000000000000146e-01 2.146482719075478232e-02 3.298405317671398301e-02 2.146482719075478232e-02 6.401099999999999846e-02 3.033275025028134980e-02 3.298405317671396914e-02 3.033275025028134980e-02 7.539600000000001856e-02
1.977000000000000146e-01 2.413243330015089200e-02 3.642484759115741100e-02 2.413243330015089200e-02 6.401099999999999846e-02 3.373332434577171884e-02 3.642484759115739712e-02 3.373332434577171884e-02 7.539600000000001856e-02
1.977000000000000146e-01 2.766491115106960857e-02 4.040362346203431321e-02 2.766491115106960857e-02 6.401099999999999846e-02 3.619106641167915694e-02 4.040362346203429239e-02 3.619106641167915694e-02 7.539600000000001856e-02
1.977000000000000146e-01 2.870023702321695611e-02 4.451699227731228253e-02 2.870023702321695611e-02 6.401099999999999846e-02 3.821854911794768384e-02 4.451699227731226866e-02 3.821854911794768384e-02 7.539600000000001856e-02
1.977000000000000146e-01 3.206561778749635744e-02 4.702154689536425930e-02 3.206561778749635744e-02 6.401099999999999846e-02 4.300978021683143915e-02 4.702154689536423848e-02 4.300978021683143915e-02 7.539600000000001856e-02
1.977000000000000146e-01 3.424322498220974675e-02 4.855172985281417525e-02 3.424322498220974675e-02 6.401099999999999846e-02 4.707873293084111066e-02 4.855172985281415443e-02 4.707873293084111066e-02 7.539600000000001856e-02
1.977000000000000146e-01 3.480987580455813940e-02 5.219662425282557694e-02 3.480987580455813940e-02 6.401099999999999846e-02 4.991030684116094795e-02 5.219662425282555612e-02 4.991030684116094795e-02 7.539600000000001856e-02
1.977000000000000146e-01 3.860003620855944478e-02 5.737530468344650969e-02 3.860003620855944478e-02 6.401099999999999846e-02 5.188447904740826205e-02 5.737530468344648887e-02 5.188447904740826205e-02 7.539600000000001856e-02
1.977000000000000146e-01 4.091590013473640763e-02 5.996875335622348785e-02 4.091590013473640763e-02 6.401099999999999846e-02 5.380306965636901667e-02 5.996875335622346703e-02 5.380306965636901667e-02 7.539600000000001856e-02
1.977000000000000146e-01 4.245156388096207878e-02 6.235027934771437269e-02 4.245156388096207878e-02 6.401099999999999846e-02 5.827568735526254123e-02 6.235027934771434494e-02 5.827568735526254123e-02 7.539600000000001856e-02
1.977000000000000146e-01 4.388999999999999846e-02 6.534000000000000918e-02 4.388999999999999846e-02 6.401099999999999846e-02 5.976599999999999968e-02 6.533999999999998143e-02 5.976599999999999968e-02 7.539600000000001856e-02
c: 
2.676000000000000156e+00
2.669000000000000039e+00
2.160000000000000142e+00
