CDF: 
7.099999999999999645e-01 8.499999999999999778e-01 9.100000000000000311e-01 1.000000000000000000e+00
2.000000000000000111e-01 3.499999999999999778e-01 8.399999999999999689e-01 1.000000000000000000e+00
2.399999999999999911e-01 2.800000000000000266e-01 8.900000000000000133e-01 1.000000000000000000e+00
sigma: 
8.503600000000000048e-02 2.022499464696189166e-03 5.003848516189642439e-04 2.022499464696189166e-03 9.540399999999998881e-02 8.363399212133149031e-04 5.003848516189642439e-04 8.363399212133150115e-04 7.815599999999997549e-02
8.503600000000000048e-02 4.952923503976285752e-03 5.332636015865268274e-03 4.952923503976285752e-03 9.540399999999998881e-02 4.885709287613860044e-03 5.332636015865268274e-03 4.885709287613860911e-03 7.815599999999997549e-02
8.503600000000000048e-02 1.129053475105223393e-02 6.782706927594071324e-03 1.129053475105223393e-02 9.540399999999998881e-02 1.143938863661362985e-02 6.782706927594071324e-03 1.143938863661363159e-02 7.815599999999997549e-02
8.503600000000000048e-02 1.434130618871821625e-02 1.056270692303460691e-02 1.434130618871821625e-02 9.540399999999998881e-02 1.223398393593375620e-02 1.056270692303460691e-02 1.223398393593375794e-02 7.815599999999997549e-02
8.503600000000000048e-02 1.832140117388250666e-02 1.419781562753789222e-02 1.832140117388250666e-02 9.540399999999998881e-02 1.666472220433423343e-02 1.419781562753789222e-02 1.666472220433423690e-02 7.815599999999997549e-02
8.503600000000000048e-02 1.938244171073371866e-02 1.703922137697133285e-02 1.938244171073371866e-02 9.540399999999998881e-02 2.231488458255471985e-02 1.703922137697133285e-02 2.231488458255472332e-02 7.815599999999997549e-02
8.503600000000000048e-02 2.569535166770809190e-02 2.056443288782231621e-02 2.569535166770809190e-02 9.540399999999998881e-02 2.485087132985829006e-02 2.056443288782231621e-02 2.485087132985829353e-02 7.815599999999997549e-02
8.503600000000000048e-02 2.685308059696642213e-02 2.366153738767291792e-02 2.685308059696642213e-02 9.540399999999998881e-02 3.166638083348720378e-02 2.366153738767291792e-02 3.166638083348721072e-02 7.815599999999997549e-02
8.503600000000000048e-02 3.315196820245637499e-02 2.772100820552608758e-02 3.315196820245637499e-02 9.540399999999998881e-02 3.329279871032363863e-02 2.772100820552608758e-02 3.329279871032364557e-02 7.815599999999997549e-02
8.503600000000000048e-02 3.554123953588480406e-02 3.116527114257855446e-02 3.554123953588480406e-02 9.540399999999998881e-02 3.653685329056251263e-02 3.116527114257855446e-02 3.653685329056251957e-02 7.815599999999997549e-02
8.503600000000000048e-02 3.801461818377421115e-02 3.644255073594023647e-02 3.801461818377421115e-02 9.540399999999998881e-02 4.238952812078223414e-02 3.644255073594023647e-02 4.238952812078224108e-02 7.815599999999997549e-02
8.503600000000000048e-02 4.226874358902734524e-02 3.985594666109704143e-02 4.226874358902734524e-02 9.540399999999998881e-02 4.431233763416218135e-02 3.985594666109704143e-02 4.431233763416218829e-02 7.815599999999997549e-02
8.503600000000000048e-02 4.598048149224764902e-02 4.358052156684723982e-02 4.598048149224764902e-02 9.540399999999998881e-02 5.027190944238905251e-02 4.358052156684723982e-02 5.027190944238905945e-02 7.815599999999997549e-02
8.503600000000000048e-02 4.965705720952578311e-02 4.679313282206955943e-02 4.965705720952578311e-02 9.540399999999998881e-02 5.576315007243165534e-02 4.679313282206955943e-02 5.576315007243166227e-02 7.815599999999997549e-02
8.503600000000000048e-02 5.298983445142640275e-02 4.752833598857848091e-02 5.298983445142640275e-02 9.540399999999998881e-02 5.970675801016304962e-02 4.752833598857848091e-02 5.970675801016306350e-02 7.815599999999997549e-02
8.503600000000000048e-02 5.693228996071716258e-02 5.161559132530905980e-02 5.693228996071716258e-02 9.540399999999998881e-02 6.345084839561937473e-02 5.161559132530905980e-02 6.345084839561938861e-02 7.815599999999997549e-02
8.503600000000000048e-02 6.357098339014410904e-02 5.428292780384920413e-02 6.357098339014410904e-02 9.540399999999998881e-02 6.389379396855139615e-02 5.428292780384920413e-02 6.389379396855141002e-02 7.815599999999997549e-02
8.503600000000000048e-02 6.557058773153022491e-02 5.746036547142472500e-02 6.557058773153022491e-02 9.540399999999998881e-02 6.993399153143728397e-02 5.746036547142472500e-02 6.993399153143729785e-02 7.815599999999997549e-02
8.503600000000000048e-02 6.858487691401873865e-02 6.409871599294218736e-02 6.858487691401873865e-02 9.540399999999998881e-02 7.409105845256090672e-02 6.409871599294218736e-02 7.409105845256092060e-02 7.815599999999997549e-02
8.503600000000000048e-02 7.158799999999999886e-02 6.419599999999998918e-02 7.158799999999999886e-02 9.540399999999998881e-02 7.586799999999999100e-02 6.419599999999998918e-02 7.586800000000000488e-02 7.815599999999997549e-02
c: 
2.025999999999999801e+00
2.291999999999999815e+00
1.004999999999999893e+00
