CDF: 
1.600000000000000033e-01 4.000000000000000222e-01 5.200000000000000178e-01 1.000000000000000000e+00
1.700000000000000122e-01 3.599999999999999867e-01 6.300000000000000044e-01 1.000000000000000000e+00
7.299999999999999822e-01 8.800000000000000044e-01 9.000000000000000222e-01 1.000000000000000000e+00
sigma: 
1.770239999999999869e-01 2.556770347343112048e-03 2.986657565509159232e-04 2.556770347343112482e-03 1.545439999999999592e-01 5.300479455557992022e-04 2.986657565509159232e-04 5.300479455557992022e-04 9.015599999999998615e-02
1.770239999999999869e-01 1.256577248568050906e-02 4.640576462428525582e-03 1.256577248568051253e-02 1.545439999999999592e-01 3.609118742644506789e-03 4.640576462428525582e-03 3.609118742644506789e-03 9.015599999999998615e-02
1.770239999999999869e-01 1.669541808996314117e-02 8.604769791592392289e-03 1.669541808996314464e-02 1.545439999999999592e-01 7.364814332994813056e-03 8.604769791592392289e-03 7.364814332994813056e-03 9.015599999999998615e-02
1.770239999999999869e-01 2.808804793079639969e-02 1.159323343306398017e-02 2.808804793079640663e-02 1.545439999999999592e-01 1.179462234232874114e-02 1.159323343306398017e-02 1.179462234232874114e-02 9.015599999999998615e-02
1.770239999999999869e-01 3.735326495811048392e-02 1.246132877367829052e-02 3.735326495811049086e-02 1.545439999999999592e-01 1.444377315635496720e-02 1.246132877367829052e-02 1.444377315635496720e-02 9.015599999999998615e-02
1.770239999999999869e-01 4.188783716611869240e-02 1.754302146949198934e-02 4.188783716611869934e-02 1.545439999999999592e-01 1.801675792475786880e-02 1.754302146949198934e-02 1.801675792475786880e-02 9.015599999999998615e-02
1.770239999999999869e-01 4.984214293600346124e-02 2.097364686168946488e-02 4.984214293600346818e-02 1.545439999999999592e-01 2.155983634739472646e-02 2.097364686168946488e-02 2.155983634739472646e-02 9.015599999999998615e-02
1.770239999999999869e-01 6.137400442265088241e-02 2.323152459868902883e-02 6.137400442265088935e-02 1.545439999999999592e-01 2.742587564179257281e-02 2.323152459868902883e-02 2.742587564179257281e-02 9.015599999999998615e-02
1.770239999999999869e-01 6.676126354384427641e-02 2.690817202350863357e-02 6.676126354384429029e-02 1.545439999999999592e-01 2.835755785658663347e-02 2.690817202350863357e-02 2.835755785658663347e-02 9.015599999999998615e-02
1.770239999999999869e-01 6.991826862534734899e-02 2.926071875134506409e-02 6.991826862534734899e-02 1.545439999999999592e-01 3.417306169870102522e-02 2.926071875134506409e-02 3.417306169870102522e-02 9.015599999999998615e-02
1.770239999999999869e-01 8.143137434707715949e-02 3.082551096093124124e-02 8.143137434707717337e-02 1.545439999999999592e-01 3.769637974520174267e-02 3.082551096093124124e-02 3.769637974520174267e-02 9.015599999999998615e-02
1.770239999999999869e-01 8.522281124813187170e-02 3.578695370365755912e-02 8.522281124813188558e-02 1.545439999999999592e-01 4.085514567363542765e-02 3.578695370365755912e-02 4.085514567363542765e-02 9.015599999999998615e-02
1.770239999999999869e-01 9.581731717566764617e-02 3.962691489782930315e-02 9.581731717566766005e-02 1.545439999999999592e-01 4.327905356872811804e-02 3.962691489782930315e-02 4.327905356872811804e-02 9.015599999999998615e-02
1.770239999999999869e-01 1.051225269803487822e-01 4.282607317669018254e-02 1.051225269803487961e-01 1.545439999999999592e-01 4.607613328368790478e-02 4.282607317669018254e-02 4.607613328368790478e-02 9.015599999999998615e-02
1.770239999999999869e-01 1.124619439198636245e-01 4.311804315870140791e-02 1.124619439198636384e-01 1.545439999999999592e-01 4.947181956254971535e-02 4.311804315870140791e-02 4.947181956254971535e-02 9.015599999999998615e-02
1.770239999999999869e-01 1.163396165082829503e-01 4.706925046262244727e-02 1.163396165082829781e-01 1.545439999999999592e-01 5.518553484098697587e-02 4.706925046262244727e-02 5.518553484098697587e-02 9.015599999999998615e-02
1.770239999999999869e-01 1.264016420679994757e-01 5.052400730511440868e-02 1.264016420679995034e-01 1.545439999999999592e-01 5.806979077153714974e-02 5.052400730511440868e-02 5.806979077153714974e-02 9.015599999999998615e-02
1.770239999999999869e-01 1.356141320824013619e-01 5.279407437568432032e-02 1.356141320824013896e-01 1.545439999999999592e-01 5.987572688474114557e-02 5.279407437568432032e-02 5.987572688474114557e-02 9.015599999999998615e-02
1.770239999999999869e-01 1.425792876195260128e-01 5.840012001232920691e-02 1.425792876195260406e-01 1.545439999999999592e-01 6.539465423194742999e-02 5.840012001232920691e-02 6.539465423194742999e-02 9.015599999999998615e-02
1.770239999999999869e-01 1.467839999999999978e-01 5.851199999999999457e-02 1.467840000000000256e-01 1.545439999999999592e-01 6.679199999999999027e-02 5.851199999999999457e-02 6.679199999999999027e-02 9.015599999999998615e-02
c: 
1.510000000000000009e+00
2.940999999999999837e+00
1.247999999999999998e+00
