CDF: 
5.400000000000000355e-01 7.299999999999999822e-01 7.600000000000000089e-01 1.000000000000000000e+00
1.799999999999999933e-01 2.200000000000000011e-01 4.899999999999999911e-01 1.000000000000000000e+00
1.100000000000000006e-01 2.000000000000000111e-01 4.099999999999999756e-01 1.000000000000000000e+00
sigma: 
1.727759999999999851e-01 4.820172233892820214e-03 2.595122334393277553e-04 4.820172233892820214e-03 1.806750000000000023e-01 4.340132407364150242e-03 2.595122334393277011e-04 4.340132407364150242e-03 1.715560000000000140e-01
1.727759999999999851e-01 7.231967177222026720e-03 6.411383285156893423e-03 7.231967177222026720e-03 1.806750000000000023e-01 1.173565186541259027e-02 6.411383285156892556e-03 1.173565186541259027e-02 1.715560000000000140e-01
1.727759999999999851e-01 1.391307433492933177e-02 1.289883234950261158e-02 1.391307433492933177e-02 1.806750000000000023e-01 1.965398767659122872e-02 1.289883234950260811e-02 1.965398767659122872e-02 1.715560000000000140e-01
1.727759999999999851e-01 2.258908733067650776e-02 1.703497429797362975e-02 2.258908733067650776e-02 1.806750000000000023e-01 2.509303147417783764e-02 1.703497429797362628e-02 2.509303147417783764e-02 1.715560000000000140e-01
1.727759999999999851e-01 2.489012487398114745e-02 2.309121968990374835e-02 2.489012487398114745e-02 1.806750000000000023e-01 3.401809326373400610e-02 2.309121968990374488e-02 3.401809326373400610e-02 1.715560000000000140e-01
1.727759999999999851e-01 2.994855891703522219e-02 2.766900679636319707e-02 2.994855891703522219e-02 1.806750000000000023e-01 4.677617328712996986e-02 2.766900679636319013e-02 4.677617328712996986e-02 1.715560000000000140e-01
1.727759999999999851e-01 3.703002287974183071e-02 3.277308090242523481e-02 3.703002287974183071e-02 1.806750000000000023e-01 5.810466385802786488e-02 3.277308090242523481e-02 5.810466385802786488e-02 1.715560000000000140e-01
1.727759999999999851e-01 4.122557616569402089e-02 3.761835492834302019e-02 4.122557616569402089e-02 1.806750000000000023e-01 5.878497073691910102e-02 3.761835492834301325e-02 5.878497073691910102e-02 1.715560000000000140e-01
1.727759999999999851e-01 4.664786449060131374e-02 4.192167818200231988e-02 4.664786449060131374e-02 1.806750000000000023e-01 7.060086629045767004e-02 4.192167818200231294e-02 7.060086629045767004e-02 1.715560000000000140e-01
1.727759999999999851e-01 5.439962993623784909e-02 4.401411100216181399e-02 5.439962993623784909e-02 1.806750000000000023e-01 8.083545806539327305e-02 4.401411100216180705e-02 8.083545806539327305e-02 1.715560000000000140e-01
1.727759999999999851e-01 5.815399360512778226e-02 4.992206084039098324e-02 5.815399360512778226e-02 1.806750000000000023e-01 8.335940106868003352e-02 4.992206084039097630e-02 8.335940106868003352e-02 1.715560000000000140e-01
1.727759999999999851e-01 6.284692557483499697e-02 5.629972176368949754e-02 6.284692557483499697e-02 1.806750000000000023e-01 9.288020111342815133e-02 5.629972176368949061e-02 9.288020111342815133e-02 1.715560000000000140e-01
1.727759999999999851e-01 7.277943816539465816e-02 6.100209257191262918e-02 7.277943816539465816e-02 1.806750000000000023e-01 1.046963796098858146e-01 6.100209257191262224e-02 1.046963796098858146e-01 1.715560000000000140e-01
1.727759999999999851e-01 7.885356746575686304e-02 6.261508735685822336e-02 7.885356746575686304e-02 1.806750000000000023e-01 1.131424142426250140e-01 6.261508735685820948e-02 1.131424142426250140e-01 1.715560000000000140e-01
1.727759999999999851e-01 8.273671002205153224e-02 6.947469996211387555e-02 8.273671002205153224e-02 1.806750000000000023e-01 1.195071218038929323e-01 6.947469996211386167e-02 1.195071218038929323e-01 1.715560000000000140e-01
1.727759999999999851e-01 8.776009884733956823e-02 7.256632899923451396e-02 8.776009884733956823e-02 1.806750000000000023e-01 1.258380224378400358e-01 7.256632899923450009e-02 1.258380224378400358e-01 1.715560000000000140e-01
1.727759999999999851e-01 9.285368814124952963e-02 7.680011855021311173e-02 9.285368814124952963e-02 1.806750000000000023e-01 1.334516666330051171e-01 7.680011855021309786e-02 1.334516666330051171e-01 1.715560000000000140e-01
1.727759999999999851e-01 1.005512203409111155e-01 8.362716523204263841e-02 1.005512203409111155e-01 1.806750000000000023e-01 1.459396246366057304e-01 8.362716523204262453e-02 1.459396246366057304e-01 1.715560000000000140e-01
1.727759999999999851e-01 1.080993773662429075e-01 8.964922270318609332e-02 1.080993773662429075e-01 1.806750000000000023e-01 1.510108343858855007e-01 8.964922270318607944e-02 1.510108343858855007e-01 1.715560000000000140e-01
1.727759999999999851e-01 1.085399999999999976e-01 9.058400000000001173e-02 1.085399999999999976e-01 1.806750000000000023e-01 1.580099999999999838e-01 9.058399999999999785e-02 1.580099999999999838e-01 1.715560000000000140e-01
c: 
1.278000000000000025e+00
2.164000000000000146e+00
1.810999999999999943e+00
