CDF: 
8.000000000000000167e-02 1.400000000000000133e-01 5.000000000000000000e-01 1.000000000000000000e+00
2.300000000000000100e-01 2.500000000000000000e-01 3.699999999999999956e-01 1.000000000000000000e+00
7.000000000000000666e-02 2.999999999999999889e-01 4.799999999999999822e-01 1.000000000000000000e+00
sigma: 
1.560040000000000315e-01 4.888049225331567854e-03 7.411604283596228554e-03 4.888049225331567854e-03 1.947759999999999769e-01 8.422768675278229783e-03 7.411604283596228554e-03 8.422768675278231518e-03 1.820910000000000029e-01
1.560040000000000315e-01 1.083929787789171539e-02 1.060932891593280129e-02 1.083929787789171539e-02 1.947759999999999769e-01 1.210609553036031544e-02 1.060932891593280129e-02 1.210609553036031717e-02 1.820910000000000029e-01
1.560040000000000315e-01 1.826562671861975060e-02 2.170714545418696295e-02 1.826562671861975060e-02 1.947759999999999769e-01 2.542528381722590838e-02 2.170714545418696295e-02 2.542528381722591185e-02 1.820910000000000029e-01
1.560040000000000315e-01 2.565140515016680819e-02 3.235269615249046493e-02 2.565140515016680819e-02 1.947759999999999769e-01 2.615763632590719159e-02 3.235269615249046493e-02 2.615763632590719853e-02 1.820910000000000029e-01
1.560040000000000315e-01 3.255337689908931881e-02 3.734435425690927485e-02 3.255337689908931881e-02 1.947759999999999769e-01 3.529836692679614446e-02 3.734435425690927485e-02 3.529836692679615140e-02 1.820910000000000029e-01
1.560040000000000315e-01 4.077097831763043523e-02 4.480793643809672516e-02 4.077097831763043523e-02 1.947759999999999769e-01 4.356264406903323505e-02 4.480793643809672516e-02 4.356264406903324199e-02 1.820910000000000029e-01
1.560040000000000315e-01 5.163674636962843623e-02 5.274118556666686219e-02 5.163674636962843623e-02 1.947759999999999769e-01 5.654177565325568117e-02 5.274118556666686219e-02 5.654177565325569504e-02 1.820910000000000029e-01
1.560040000000000315e-01 5.515513543587092365e-02 6.061490982298350233e-02 5.515513543587092365e-02 1.947759999999999769e-01 6.027331177266211093e-02 6.061490982298350233e-02 6.027331177266211787e-02 1.820910000000000029e-01
1.560040000000000315e-01 6.202582440492140914e-02 6.816600375359513353e-02 6.202582440492140914e-02 1.947759999999999769e-01 7.547793370034285021e-02 6.816600375359513353e-02 7.547793370034286409e-02 1.820910000000000029e-01
1.560040000000000315e-01 6.786553883905184492e-02 7.648683262353966894e-02 6.786553883905184492e-02 1.947759999999999769e-01 7.740827446526236943e-02 7.648683262353966894e-02 7.740827446526238331e-02 1.820910000000000029e-01
1.560040000000000315e-01 7.531215867735946423e-02 9.080087133646398689e-02 7.531215867735946423e-02 1.947759999999999769e-01 8.734158514146690699e-02 9.080087133646398689e-02 8.734158514146692087e-02 1.820910000000000029e-01
1.560040000000000315e-01 8.634908242287250846e-02 9.624182796633673487e-02 8.634908242287250846e-02 1.947759999999999769e-01 9.527618617705452264e-02 9.624182796633673487e-02 9.527618617705453652e-02 1.820910000000000029e-01
1.560040000000000315e-01 9.238687506494329404e-02 1.098786749135726160e-01 9.238687506494329404e-02 1.947759999999999769e-01 1.096978283061644105e-01 1.098786749135726160e-01 1.096978283061644244e-01 1.820910000000000029e-01
1.560040000000000315e-01 9.646212915064046600e-02 1.104886381744955293e-01 9.646212915064046600e-02 1.947759999999999769e-01 1.190514684237439225e-01 1.104886381744955293e-01 1.190514684237439363e-01 1.820910000000000029e-01
1.560040000000000315e-01 1.063128435808577965e-01 1.217733304152940760e-01 1.063128435808577965e-01 1.947759999999999769e-01 1.231033680933801833e-01 1.217733304152940760e-01 1.231033680933801971e-01 1.820910000000000029e-01
1.560040000000000315e-01 1.139601161771879451e-01 1.353592897936602424e-01 1.139601161771879451e-01 1.947759999999999769e-01 1.287359147011416238e-01 1.353592897936602424e-01 1.287359147011416516e-01 1.820910000000000029e-01
1.560040000000000315e-01 1.248037339479383667e-01 1.427265141241633450e-01 1.248037339479383667e-01 1.947759999999999769e-01 1.396322205483305490e-01 1.427265141241633450e-01 1.396322205483305767e-01 1.820910000000000029e-01
1.560040000000000315e-01 1.283138602692167896e-01 1.488973011776103528e-01 1.283138602692167896e-01 1.947759999999999769e-01 1.452531688545854738e-01 1.488973011776103528e-01 1.452531688545855015e-01 1.820910000000000029e-01
1.560040000000000315e-01 1.378172045489334252e-01 1.594027425391183750e-01 1.378172045489334252e-01 1.947759999999999769e-01 1.600903993745224629e-01 1.594027425391183750e-01 1.600903993745224907e-01 1.820910000000000029e-01
1.560040000000000315e-01 1.402480000000000393e-01 1.610420000000000185e-01 1.402480000000000393e-01 1.947759999999999769e-01 1.622039999999999871e-01 1.610420000000000185e-01 1.622040000000000148e-01 1.820910000000000029e-01
c: 
1.114999999999999991e+00
1.701000000000000068e+00
1.848999999999999977e+00
