CDF: 
5.600000000000000533e-01 7.299999999999999822e-01 9.100000000000000311e-01 1.000000000000000000e+00
2.999999999999999889e-01 5.699999999999999512e-01 6.300000000000000044e-01 1.000000000000000000e+00
3.499999999999999778e-01 7.600000000000000089e-01 9.399999999999999467e-01 1.000000000000000000e+00
sigma: 
8.197899999999999632e-02 3.555354350338895200e-03 2.103978920278571068e-03 3.555354350338895634e-03 2.058750000000000024e-01 1.753872376775488700e-03 2.103978920278571502e-03 1.753872376775488916e-03 5.627499999999999170e-02
8.197899999999999632e-02 4.819754159745045195e-03 3.223238598490812262e-03 4.819754159745046063e-03 2.058750000000000024e-01 4.849917695912780990e-03 3.223238598490812696e-03 4.849917695912782725e-03 5.627499999999999170e-02
8.197899999999999632e-02 1.323456289614505059e-02 7.401517011843401946e-03 1.323456289614505232e-02 2.058750000000000024e-01 9.997541452537781967e-03 7.401517011843402813e-03 9.997541452537783702e-03 5.627499999999999170e-02
8.197899999999999632e-02 1.434633030680518284e-02 1.088680053344051255e-02 1.434633030680518458e-02 2.058750000000000024e-01 1.177382529427268773e-02 1.088680053344051255e-02 1.177382529427269120e-02 5.627499999999999170e-02
8.197899999999999632e-02 2.120655514208975509e-02 1.415953260541992151e-02 2.120655514208975856e-02 2.058750000000000024e-01 1.708414227682034450e-02 1.415953260541992324e-02 1.708414227682034797e-02 5.627499999999999170e-02
8.197899999999999632e-02 2.379550009178382081e-02 1.634085130022591703e-02 2.379550009178382428e-02 2.058750000000000024e-01 2.072386157435858467e-02 1.634085130022592050e-02 2.072386157435858814e-02 5.627499999999999170e-02
8.197899999999999632e-02 3.105713984395357466e-02 2.136347224616221355e-02 3.105713984395358160e-02 2.058750000000000024e-01 2.311826598040171363e-02 2.136347224616221702e-02 2.311826598040171710e-02 5.627499999999999170e-02
8.197899999999999632e-02 3.720060707138666406e-02 2.319364653768022852e-02 3.720060707138667100e-02 2.058750000000000024e-01 2.662356776522769447e-02 2.319364653768023199e-02 2.662356776522769794e-02 5.627499999999999170e-02
8.197899999999999632e-02 3.785886958995580281e-02 2.565525616623921465e-02 3.785886958995580975e-02 2.058750000000000024e-01 2.990868840163816642e-02 2.565525616623921812e-02 2.990868840163816988e-02 5.627499999999999170e-02
8.197899999999999632e-02 4.327277983574474851e-02 2.894440749236364477e-02 4.327277983574475545e-02 2.058750000000000024e-01 3.261961179380933745e-02 2.894440749236364824e-02 3.261961179380934439e-02 5.627499999999999170e-02
8.197899999999999632e-02 4.949014249799816439e-02 3.215276946298408628e-02 4.949014249799817133e-02 2.058750000000000024e-01 3.547641096587590692e-02 3.215276946298408628e-02 3.547641096587591386e-02 5.627499999999999170e-02
8.197899999999999632e-02 5.257066408922023842e-02 3.517054592395331414e-02 5.257066408922025230e-02 2.058750000000000024e-01 4.166304252027147603e-02 3.517054592395332108e-02 4.166304252027148297e-02 5.627499999999999170e-02
8.197899999999999632e-02 6.042196231331670164e-02 3.881077262283476326e-02 6.042196231331670858e-02 2.058750000000000024e-01 4.536242770673784563e-02 3.881077262283476326e-02 4.536242770673785257e-02 5.627499999999999170e-02
8.197899999999999632e-02 6.114124695016975863e-02 4.425525585267007372e-02 6.114124695016976557e-02 2.058750000000000024e-01 4.787479556590362034e-02 4.425525585267008066e-02 4.787479556590362728e-02 5.627499999999999170e-02
8.197899999999999632e-02 6.728075485786362553e-02 4.637989918066550560e-02 6.728075485786363941e-02 2.058750000000000024e-01 5.128408854821657481e-02 4.637989918066551254e-02 5.128408854821658869e-02 5.627499999999999170e-02
8.197899999999999632e-02 7.357771478773539320e-02 4.913170078403090307e-02 7.357771478773540708e-02 2.058750000000000024e-01 5.311558086864526934e-02 4.913170078403091001e-02 5.311558086864528322e-02 5.627499999999999170e-02
8.197899999999999632e-02 7.824931748276309218e-02 5.146881115047121508e-02 7.824931748276309218e-02 2.058750000000000024e-01 5.739447532770347582e-02 5.146881115047121508e-02 5.739447532770348970e-02 5.627499999999999170e-02
8.197899999999999632e-02 8.118079844555119162e-02 5.415738467943481682e-02 8.118079844555119162e-02 2.058750000000000024e-01 6.218513580767447146e-02 5.415738467943482376e-02 6.218513580767448534e-02 5.627499999999999170e-02
8.197899999999999632e-02 8.880638179267735799e-02 5.933940342527933148e-02 8.880638179267737187e-02 2.058750000000000024e-01 6.596199889592048449e-02 5.933940342527933842e-02 6.596199889592049836e-02 5.627499999999999170e-02
8.197899999999999632e-02 8.908499999999999752e-02 6.014499999999999014e-02 8.908500000000001140e-02 2.058750000000000024e-01 6.667499999999998428e-02 6.014499999999999708e-02 6.667499999999999816e-02 5.627499999999999170e-02
c: 
1.118000000000000105e+00
2.221000000000000085e+00
1.203000000000000069e+00
