CDF: 
4.500000000000000111e-01 5.400000000000000355e-01 5.500000000000000444e-01 1.000000000000000000e+00
5.600000000000000533e-01 6.199999999999999956e-01 7.199999999999999734e-01 1.000000000000000000e+00
7.000000000000000666e-02 1.000000000000000056e-01 1.199999999999999956e-01 1.000000000000000000e+00
sigma: 
2.383560000000000678e-01 6.137363767963133904e-03 1.938941382940128190e-03 6.137363767963134771e-03 1.897439999999999960e-01 1.638611454480614271e-03 1.938941382940127757e-03 1.638611454480614921e-03 9.177900000000001335e-02
2.383560000000000678e-01 1.458145872919184780e-02 3.128212636546526867e-03 1.458145872919184953e-02 1.897439999999999960e-01 3.429040395811524134e-03 3.128212636546526433e-03 3.429040395811525869e-03 9.177900000000001335e-02
2.383560000000000678e-01 1.806499804346201749e-02 7.766767994670647872e-03 1.806499804346202095e-02 1.897439999999999960e-01 4.585565543357293834e-03 7.766767994670647005e-03 4.585565543357296436e-03 9.177900000000001335e-02
2.383560000000000678e-01 3.260341087746891631e-02 1.024769294011412292e-02 3.260341087746891631e-02 1.897439999999999960e-01 7.275212076140812056e-03 1.024769294011412119e-02 7.275212076140814658e-03 9.177900000000001335e-02
2.383560000000000678e-01 3.853710728630239252e-02 1.196850993522078667e-02 3.853710728630239252e-02 1.897439999999999960e-01 8.863258134217759029e-03 1.196850993522078493e-02 8.863258134217762499e-03 9.177900000000001335e-02
2.383560000000000678e-01 4.504045345461774041e-02 1.517903554142346033e-02 4.504045345461774735e-02 1.897439999999999960e-01 9.261615206675608003e-03 1.517903554142345859e-02 9.261615206675611472e-03 9.177900000000001335e-02
2.383560000000000678e-01 5.943578246844338775e-02 1.622585609361342981e-02 5.943578246844339469e-02 1.897439999999999960e-01 1.229955571226987003e-02 1.622585609361342635e-02 1.229955571226987524e-02 9.177900000000001335e-02
2.383560000000000678e-01 6.881335360756064834e-02 1.961592397013528499e-02 6.881335360756066222e-02 1.897439999999999960e-01 1.311260167014087312e-02 1.961592397013528152e-02 1.311260167014087832e-02 9.177900000000001335e-02
2.383560000000000678e-01 7.214061242744926328e-02 2.365437080200403358e-02 7.214061242744927716e-02 1.897439999999999960e-01 1.658314945232849599e-02 2.365437080200403011e-02 1.658314945232850293e-02 9.177900000000001335e-02
2.383560000000000678e-01 8.533919268856300644e-02 2.503051819131140235e-02 8.533919268856302032e-02 1.897439999999999960e-01 1.736389113298479614e-02 2.503051819131139888e-02 1.736389113298480308e-02 9.177900000000001335e-02
2.383560000000000678e-01 9.695491152701141147e-02 2.933596471103337017e-02 9.695491152701142534e-02 1.897439999999999960e-01 1.979866513076291093e-02 2.933596471103336670e-02 1.979866513076292134e-02 9.177900000000001335e-02
2.383560000000000678e-01 1.055983319433771439e-01 3.197258138038235054e-02 1.055983319433771578e-01 1.897439999999999960e-01 2.048344244207572426e-02 3.197258138038234360e-02 2.048344244207573467e-02 9.177900000000001335e-02
2.383560000000000678e-01 1.162057340377410514e-01 3.270685218363309638e-02 1.162057340377410652e-01 1.897439999999999960e-01 2.222662829956828165e-02 3.270685218363308944e-02 2.222662829956828859e-02 9.177900000000001335e-02
2.383560000000000678e-01 1.243726590984740449e-01 3.713758781018721561e-02 1.243726590984740726e-01 1.897439999999999960e-01 2.497255783728752343e-02 3.713758781018721561e-02 2.497255783728753384e-02 9.177900000000001335e-02
2.383560000000000678e-01 1.338958848738177054e-01 3.916987245238370136e-02 1.338958848738177332e-01 1.897439999999999960e-01 2.724661173322866919e-02 3.916987245238370136e-02 2.724661173322867960e-02 9.177900000000001335e-02
2.383560000000000678e-01 1.422064211432479131e-01 4.174372357123370958e-02 1.422064211432479408e-01 1.897439999999999960e-01 2.924523297376845424e-02 4.174372357123370958e-02 2.924523297376846465e-02 9.177900000000001335e-02
2.383560000000000678e-01 1.439609027941393948e-01 4.472395789641269576e-02 1.439609027941394226e-01 1.897439999999999960e-01 3.110942728784893418e-02 4.472395789641269576e-02 3.110942728784894459e-02 9.177900000000001335e-02
2.383560000000000678e-01 1.607567061945330833e-01 4.628486566534724400e-02 1.607567061945331111e-01 1.897439999999999960e-01 3.244795487162391301e-02 4.628486566534723706e-02 3.244795487162391995e-02 9.177900000000001335e-02
2.383560000000000678e-01 1.635019837544013921e-01 4.919349822789941679e-02 1.635019837544014198e-01 1.897439999999999960e-01 3.459869397258297230e-02 4.919349822789940985e-02 3.459869397258298618e-02 9.177900000000001335e-02
2.383560000000000678e-01 1.700079999999999925e-01 5.128200000000000813e-02 1.700080000000000202e-01 1.897439999999999960e-01 3.507599999999999607e-02 5.128200000000000119e-02 3.507600000000000995e-02 9.177900000000001335e-02
c: 
1.016999999999999904e+00
1.401999999999999913e+00
2.954000000000000181e+00
