CDF: 
1.600000000000000033e-01 2.300000000000000100e-01 7.399999999999999911e-01 1.000000000000000000e+00
3.900000000000000133e-01 6.600000000000000311e-01 9.000000000000000222e-01 1.000000000000000000e+00
3.699999999999999956e-01 5.699999999999999512e-01 5.999999999999999778e-01 1.000000000000000000e+00
sigma: 
1.302000000000000102e-01 3.923475276664658250e-03 6.827383658356459863e-03 3.923475276664659117e-03 8.469899999999999651e-02 1.947926198626589783e-03 6.827383658356461597e-03 1.947926198626589783e-03 2.206589999999999940e-01
1.302000000000000102e-01 7.588672720559019869e-03 1.271546978782239767e-02 7.588672720559021603e-03 8.469899999999999651e-02 7.588898991349589396e-03 1.271546978782240114e-02 7.588898991349589396e-03 2.206589999999999940e-01
1.302000000000000102e-01 1.139647066632589432e-02 1.751057429619080202e-02 1.139647066632589606e-02 8.469899999999999651e-02 1.362984981039317908e-02 1.751057429619080896e-02 1.362984981039317908e-02 2.206589999999999940e-01
1.302000000000000102e-01 1.459497387537199257e-02 2.408036401870493684e-02 1.459497387537199604e-02 8.469899999999999651e-02 1.611472645894639066e-02 2.408036401870494378e-02 1.611472645894639066e-02 2.206589999999999940e-01
1.302000000000000102e-01 1.983303794174952339e-02 3.423804872754598883e-02 1.983303794174952686e-02 8.469899999999999651e-02 2.050235653060660662e-02 3.423804872754599576e-02 2.050235653060660662e-02 2.206589999999999940e-01
1.302000000000000102e-01 2.341804560548907052e-02 4.062346952015558760e-02 2.341804560548907399e-02 8.469899999999999651e-02 2.689241726162192037e-02 4.062346952015559454e-02 2.689241726162192037e-02 2.206589999999999940e-01
1.302000000000000102e-01 2.679220562110413983e-02 4.348027997236415115e-02 2.679220562110414330e-02 8.469899999999999651e-02 3.402101863809933735e-02 4.348027997236416503e-02 3.402101863809933735e-02 2.206589999999999940e-01
1.302000000000000102e-01 3.300922377822323311e-02 5.335257193532540188e-02 3.300922377822324005e-02 8.469899999999999651e-02 3.719869541527586615e-02 5.335257193532541575e-02 3.719869541527586615e-02 2.206589999999999940e-01
1.302000000000000102e-01 3.508332988625333798e-02 5.766087345182386442e-02 3.508332988625334492e-02 8.469899999999999651e-02 4.359893003674956274e-02 5.766087345182387830e-02 4.359893003674956274e-02 2.206589999999999940e-01
1.302000000000000102e-01 4.102259226850316076e-02 6.661834658231913231e-02 4.102259226850316770e-02 8.469899999999999651e-02 4.547636061657685941e-02 6.661834658231914619e-02 4.547636061657685941e-02 2.206589999999999940e-01
1.302000000000000102e-01 4.362053829406215694e-02 7.493863848752768675e-02 4.362053829406216388e-02 8.469899999999999651e-02 5.485406551345388404e-02 7.493863848752770063e-02 5.485406551345388404e-02 2.206589999999999940e-01
1.302000000000000102e-01 4.861865959782036423e-02 7.925215540050276064e-02 4.861865959782037810e-02 8.469899999999999651e-02 5.828588529154742071e-02 7.925215540050277452e-02 5.828588529154742071e-02 2.206589999999999940e-01
1.302000000000000102e-01 5.099692584027367553e-02 8.658983650603283011e-02 5.099692584027368247e-02 8.469899999999999651e-02 6.383491792351897454e-02 8.658983650603284399e-02 6.383491792351897454e-02 2.206589999999999940e-01
1.302000000000000102e-01 5.838958088515838057e-02 9.402187584624618899e-02 5.838958088515839445e-02 8.469899999999999651e-02 6.910683564277889102e-02 9.402187584624621675e-02 6.910683564277889102e-02 2.206589999999999940e-01
1.302000000000000102e-01 6.155984469026719308e-02 1.019958301594426769e-01 6.155984469026720002e-02 8.469899999999999651e-02 7.114730409552730284e-02 1.019958301594426908e-01 7.114730409552730284e-02 2.206589999999999940e-01
1.302000000000000102e-01 6.675415226003016123e-02 1.083467739754359060e-01 6.675415226003017510e-02 8.469899999999999651e-02 7.634154489863735626e-02 1.083467739754359338e-01 7.634154489863735626e-02 2.206589999999999940e-01
1.302000000000000102e-01 6.796637265917583604e-02 1.120110458987626095e-01 6.796637265917584991e-02 8.469899999999999651e-02 8.491596659641845180e-02 1.120110458987626234e-01 8.491596659641845180e-02 2.206589999999999940e-01
1.302000000000000102e-01 7.163654721997000929e-02 1.182219045798799800e-01 7.163654721997002317e-02 8.469899999999999651e-02 8.729399893751275952e-02 1.182219045798800078e-01 8.729399893751275952e-02 2.206589999999999940e-01
1.302000000000000102e-01 7.921024207769666869e-02 1.255923867190841259e-01 7.921024207769668257e-02 8.469899999999999651e-02 9.162932319191376129e-02 1.255923867190841536e-01 9.162932319191376129e-02 2.206589999999999940e-01
1.302000000000000102e-01 7.971999999999998532e-02 1.305199999999999694e-01 7.971999999999999920e-02 8.469899999999999651e-02 9.532899999999999707e-02 1.305199999999999971e-01 9.532899999999999707e-02 2.206589999999999940e-01
c: 
1.717000000000000082e+00
1.506999999999999895e+00
1.885000000000000009e+00
