CDF: 
1.700000000000000122e-01 3.099999999999999978e-01 4.400000000000000022e-01 1.000000000000000000e+00
1.900000000000000022e-01 3.300000000000000155e-01 9.399999999999999467e-01 1.000000000000000000e+00
7.199999999999999734e-01 7.299999999999999822e-01 8.800000000000000044e-01 1.000000000000000000e+00
sigma: 
1.768000000000000127e-01 2.153403271499214084e-03 2.389401536579613839e-03 2.153403271499214084e-03 5.297599999999999532e-02 1.410622412893784098e-03 2.389401536579613839e-03 1.410622412893783881e-03 1.112760000000000138e-01
1.768000000000000127e-01 5.210822930852811868e-03 3.456567906081908954e-03 5.210822930852811868e-03 5.297599999999999532e-02 3.614996216080600122e-03 3.456567906081908954e-03 3.614996216080599255e-03 1.112760000000000138e-01
1.768000000000000127e-01 1.124539888788840016e-02 7.291195919654174309e-03 1.124539888788840016e-02 5.297599999999999532e-02 5.184477779898942137e-03 7.291195919654174309e-03 5.184477779898941270e-03 1.112760000000000138e-01
1.768000000000000127e-01 1.243696273465392729e-02 1.307730429833917941e-02 1.243696273465392729e-02 5.297599999999999532e-02 9.712190904124836516e-03 1.307730429833917941e-02 9.712190904124834781e-03 1.112760000000000138e-01
1.768000000000000127e-01 1.711667993546076016e-02 1.440182688983759722e-02 1.711667993546076016e-02 5.297599999999999532e-02 1.115025244558395454e-02 1.440182688983759722e-02 1.115025244558395280e-02 1.112760000000000138e-01
1.768000000000000127e-01 2.034520300679631272e-02 1.737339184211605589e-02 2.034520300679631272e-02 5.297599999999999532e-02 1.384536204891397351e-02 1.737339184211605589e-02 1.384536204891397178e-02 1.112760000000000138e-01
1.768000000000000127e-01 2.467091520487500744e-02 2.276263289391340303e-02 2.467091520487500744e-02 5.297599999999999532e-02 1.714853439269067858e-02 2.276263289391340303e-02 1.714853439269067512e-02 1.112760000000000138e-01
1.768000000000000127e-01 2.647666346382385183e-02 2.620896282529985508e-02 2.647666346382385183e-02 5.297599999999999532e-02 1.908526663579885804e-02 2.620896282529985508e-02 1.908526663579885457e-02 1.112760000000000138e-01
1.768000000000000127e-01 3.123035918088534757e-02 2.997255170085059289e-02 3.123035918088534757e-02 5.297599999999999532e-02 2.119148100343705432e-02 2.997255170085059289e-02 2.119148100343705085e-02 1.112760000000000138e-01
1.768000000000000127e-01 3.676077280311467604e-02 3.287154758535390520e-02 3.676077280311467604e-02 5.297599999999999532e-02 2.404634969204656400e-02 3.287154758535390520e-02 2.404634969204656053e-02 1.112760000000000138e-01
1.768000000000000127e-01 4.114073078121924937e-02 3.551759712921719048e-02 4.114073078121924937e-02 5.297599999999999532e-02 2.698274701034647505e-02 3.551759712921719048e-02 2.698274701034647158e-02 1.112760000000000138e-01
1.768000000000000127e-01 4.414579953210174407e-02 4.056596888860527356e-02 4.414579953210174407e-02 5.297599999999999532e-02 3.019645795094395846e-02 4.056596888860527356e-02 3.019645795094395152e-02 1.112760000000000138e-01
1.768000000000000127e-01 4.677520599028688053e-02 4.252149959458192269e-02 4.677520599028688053e-02 5.297599999999999532e-02 3.142000873290275859e-02 4.252149959458192269e-02 3.142000873290275165e-02 1.112760000000000138e-01
1.768000000000000127e-01 5.136992856861662127e-02 4.700618402549543856e-02 5.136992856861662127e-02 5.297599999999999532e-02 3.546482403422186735e-02 4.700618402549543856e-02 3.546482403422186735e-02 1.112760000000000138e-01
1.768000000000000127e-01 5.466353866417858476e-02 4.951899056304102237e-02 5.466353866417858476e-02 5.297599999999999532e-02 3.627680675913531883e-02 4.951899056304102237e-02 3.627680675913531883e-02 1.112760000000000138e-01
1.768000000000000127e-01 5.902635009146692951e-02 5.256642166361261137e-02 5.902635009146692951e-02 5.297599999999999532e-02 4.008526288698845141e-02 5.256642166361261137e-02 4.008526288698844448e-02 1.112760000000000138e-01
1.768000000000000127e-01 6.137113252731324353e-02 5.532926211304094177e-02 6.137113252731324353e-02 5.297599999999999532e-02 4.195358661068138151e-02 5.532926211304094177e-02 4.195358661068137457e-02 1.112760000000000138e-01
1.768000000000000127e-01 6.571999159805468060e-02 5.961649200767120405e-02 6.571999159805468060e-02 5.297599999999999532e-02 4.351636243215525890e-02 5.961649200767120405e-02 4.351636243215525196e-02 1.112760000000000138e-01
1.768000000000000127e-01 7.006485978592033592e-02 6.395532523202017428e-02 7.006485978592033592e-02 5.297599999999999532e-02 4.631366526866941696e-02 6.395532523202017428e-02 4.631366526866941002e-02 1.112760000000000138e-01
1.768000000000000127e-01 7.152000000000000024e-02 6.551999999999999491e-02 7.152000000000000024e-02 5.297599999999999532e-02 4.837600000000000233e-02 6.551999999999999491e-02 4.837599999999999539e-02 1.112760000000000138e-01
c: 
1.407999999999999918e+00
1.790000000000000036e+00
2.486000000000000210e+00
