CDF: 
2.000000000000000111e-01 4.199999999999999845e-01 5.000000000000000000e-01 1.000000000000000000e+00
2.399999999999999911e-01 2.899999999999999800e-01 4.299999999999999933e-01 1.000000000000000000e+00
7.000000000000000666e-02 2.200000000000000011e-01 5.200000000000000178e-01 1.000000000000000000e+00
sigma: 
2.112839999999999996e-01 3.555846883957589945e-03 8.779764145954601501e-03 3.555846883957590378e-03 2.024110000000000076e-01 2.605674558053204439e-03 8.779764145954601501e-03 2.605674558053204005e-03 1.662750000000000061e-01
2.112839999999999996e-01 1.099690259197507944e-02 1.097805967967107298e-02 1.099690259197508117e-02 2.024110000000000076e-01 9.643234450735498064e-03 1.097805967967107298e-02 9.643234450735496330e-03 1.662750000000000061e-01
2.112839999999999996e-01 2.046460014088954601e-02 2.185812171563843859e-02 2.046460014088954601e-02 2.024110000000000076e-01 1.781169389324462754e-02 2.185812171563843859e-02 1.781169389324462407e-02 1.662750000000000061e-01
2.112839999999999996e-01 3.498613126424472003e-02 3.118214121300559583e-02 3.498613126424472003e-02 2.024110000000000076e-01 2.822000223432582361e-02 3.118214121300559583e-02 2.822000223432582014e-02 1.662750000000000061e-01
2.112839999999999996e-01 4.055684913582668916e-02 3.830567899563486894e-02 4.055684913582669610e-02 2.024110000000000076e-01 3.558507814725488799e-02 3.830567899563486894e-02 3.558507814725488105e-02 1.662750000000000061e-01
2.112839999999999996e-01 5.253352956797541218e-02 5.363362161072154216e-02 5.253352956797541912e-02 2.024110000000000076e-01 4.367879777355309495e-02 5.363362161072154216e-02 4.367879777355308801e-02 1.662750000000000061e-01
2.112839999999999996e-01 6.360287813059235795e-02 5.716567775462674805e-02 6.360287813059235795e-02 2.024110000000000076e-01 5.454773627226935234e-02 5.716567775462674805e-02 5.454773627226934540e-02 1.662750000000000061e-01
2.112839999999999996e-01 7.845264715995257931e-02 7.073679857205089627e-02 7.845264715995259319e-02 2.024110000000000076e-01 6.663452184592173755e-02 7.073679857205089627e-02 6.663452184592172367e-02 1.662750000000000061e-01
2.112839999999999996e-01 8.649807011870569440e-02 8.067765009366222040e-02 8.649807011870570828e-02 2.024110000000000076e-01 7.463238105159336611e-02 8.067765009366222040e-02 7.463238105159335223e-02 1.662750000000000061e-01
2.112839999999999996e-01 9.562025974805545003e-02 9.370103959219842904e-02 9.562025974805546391e-02 2.024110000000000076e-01 7.664254726704565479e-02 9.370103959219842904e-02 7.664254726704564091e-02 1.662750000000000061e-01
2.112839999999999996e-01 1.062923231366045274e-01 1.034365927908554167e-01 1.062923231366045412e-01 2.024110000000000076e-01 8.837513753065684430e-02 1.034365927908554167e-01 8.837513753065683042e-02 1.662750000000000061e-01
2.112839999999999996e-01 1.145088098464657478e-01 1.127403835654989528e-01 1.145088098464657755e-01 2.024110000000000076e-01 9.789995280697535995e-02 1.127403835654989528e-01 9.789995280697533220e-02 1.662750000000000061e-01
2.112839999999999996e-01 1.257277968104245081e-01 1.163922917764512871e-01 1.257277968104245358e-01 2.024110000000000076e-01 1.057074967925331760e-01 1.163922917764512871e-01 1.057074967925331621e-01 1.662750000000000061e-01
2.112839999999999996e-01 1.373387151648773896e-01 1.291490903937439760e-01 1.373387151648774174e-01 2.024110000000000076e-01 1.119708053139724796e-01 1.291490903937439760e-01 1.119708053139724518e-01 1.662750000000000061e-01
2.112839999999999996e-01 1.476772634573715881e-01 1.332361538371387155e-01 1.476772634573716159e-01 2.024110000000000076e-01 1.188004785495980348e-01 1.332361538371387155e-01 1.188004785495980070e-01 1.662750000000000061e-01
2.112839999999999996e-01 1.557514309991749890e-01 1.490077204142286060e-01 1.557514309991750168e-01 2.024110000000000076e-01 1.310119661099340971e-01 1.490077204142286060e-01 1.310119661099340693e-01 1.662750000000000061e-01
2.112839999999999996e-01 1.611734037425785748e-01 1.570386165011380675e-01 1.611734037425786026e-01 2.024110000000000076e-01 1.414741443830538625e-01 1.570386165011380675e-01 1.414741443830538348e-01 1.662750000000000061e-01
2.112839999999999996e-01 1.711104107927804152e-01 1.647316909018491371e-01 1.711104107927804430e-01 2.024110000000000076e-01 1.492052688299007890e-01 1.647316909018491371e-01 1.492052688299007612e-01 1.662750000000000061e-01
2.112839999999999996e-01 1.862261953046192575e-01 1.744129620100338396e-01 1.862261953046192853e-01 2.024110000000000076e-01 1.588989039434089423e-01 1.744129620100338396e-01 1.588989039434089146e-01 1.662750000000000061e-01
2.112839999999999996e-01 1.894180000000000030e-01 1.799899999999999833e-01 1.894180000000000308e-01 2.024110000000000076e-01 1.601550000000000196e-01 1.799899999999999833e-01 1.601549999999999918e-01 1.662750000000000061e-01
c: 
1.096000000000000085e+00
1.493999999999999995e+00
2.105999999999999872e+00
