CDF: 
5.899999999999999689e-01 7.600000000000000089e-01 9.399999999999999467e-01 1.000000000000000000e+00
2.099999999999999922e-01 5.699999999999999512e-01 7.700000000000000178e-01 1.000000000000000000e+00
6.999999999999999556e-01 7.900000000000000355e-01 8.100000000000000533e-01 1.000000000000000000e+00
sigma: 
6.804399999999999338e-02 2.538154116395890145e-04 2.861910035719778759e-03 2.538154116395890145e-04 1.304760000000000086e-01 2.433984493744917495e-03 2.861910035719778325e-03 2.433984493744917495e-03 1.501439999999999997e-01
6.804399999999999338e-02 7.547972769468599963e-03 7.770153124182309530e-03 7.547972769468599963e-03 1.304760000000000086e-01 1.169546236587288256e-02 7.770153124182308663e-03 1.169546236587288256e-02 1.501439999999999997e-01
6.804399999999999338e-02 1.238606246809818325e-02 9.273753291916561267e-03 1.238606246809818325e-02 1.304760000000000086e-01 1.657311366299379571e-02 9.273753291916559532e-03 1.657311366299379571e-02 1.501439999999999997e-01
6.804399999999999338e-02 1.403036914601191523e-02 1.382659859035501558e-02 1.403036914601191523e-02 1.304760000000000086e-01 2.440754360882198618e-02 1.382659859035501385e-02 2.440754360882198618e-02 1.501439999999999997e-01
6.804399999999999338e-02 1.846022400503819980e-02 2.041517619698852287e-02 1.846022400503819980e-02 1.304760000000000086e-01 2.777914262428887726e-02 2.041517619698851940e-02 2.777914262428887726e-02 1.501439999999999997e-01
6.804399999999999338e-02 2.478240047005851945e-02 2.248770257010587054e-02 2.478240047005851945e-02 1.304760000000000086e-01 3.872749006920634535e-02 2.248770257010586707e-02 3.872749006920634535e-02 1.501439999999999997e-01
6.804399999999999338e-02 2.573138276133190780e-02 2.766075405013716446e-02 2.573138276133190780e-02 1.304760000000000086e-01 4.601956821393336783e-02 2.766075405013716099e-02 4.601956821393336783e-02 1.501439999999999997e-01
6.804399999999999338e-02 3.018660897061407888e-02 3.233435062428010459e-02 3.018660897061407888e-02 1.304760000000000086e-01 4.662373368872017865e-02 3.233435062428009765e-02 4.662373368872017865e-02 1.501439999999999997e-01
6.804399999999999338e-02 3.543517745086631476e-02 3.800205596719122975e-02 3.543517745086631476e-02 1.304760000000000086e-01 5.340863465248500003e-02 3.800205596719122975e-02 5.340863465248500003e-02 1.501439999999999997e-01
6.804399999999999338e-02 3.833508086725422037e-02 4.393619206847495379e-02 3.833508086725422037e-02 1.304760000000000086e-01 6.411352165235771616e-02 4.393619206847494685e-02 6.411352165235771616e-02 1.501439999999999997e-01
6.804399999999999338e-02 4.314385471089485224e-02 4.812791432279491660e-02 4.314385471089485224e-02 1.304760000000000086e-01 6.777743362588438403e-02 4.812791432279490966e-02 6.777743362588438403e-02 1.501439999999999997e-01
6.804399999999999338e-02 4.667745084134256733e-02 5.215101319064768814e-02 4.667745084134256733e-02 1.304760000000000086e-01 7.881188244386704012e-02 5.215101319064767427e-02 7.881188244386704012e-02 1.501439999999999997e-01
6.804399999999999338e-02 5.183655329786922977e-02 5.671627592237058618e-02 5.183655329786922977e-02 1.304760000000000086e-01 8.376027111822943738e-02 5.671627592237057230e-02 8.376027111822943738e-02 1.501439999999999997e-01
6.804399999999999338e-02 5.769207210452902829e-02 5.785814426591956439e-02 5.769207210452902829e-02 1.304760000000000086e-01 8.713090746429823230e-02 5.785814426591955051e-02 8.713090746429823230e-02 1.501439999999999997e-01
6.804399999999999338e-02 6.228060185939231219e-02 6.560051347789443155e-02 6.228060185939231219e-02 1.304760000000000086e-01 9.484935729375933156e-02 6.560051347789441767e-02 9.484935729375933156e-02 1.501439999999999997e-01
6.804399999999999338e-02 6.531826128323657554e-02 6.905682769026112722e-02 6.531826128323657554e-02 1.304760000000000086e-01 1.001179629720078956e-01 6.905682769026111334e-02 1.001179629720078956e-01 1.501439999999999997e-01
6.804399999999999338e-02 6.870633699644300429e-02 7.110057755743887098e-02 6.870633699644300429e-02 1.304760000000000086e-01 1.117245087548200122e-01 7.110057755743885710e-02 1.117245087548200122e-01 1.501439999999999997e-01
6.804399999999999338e-02 7.328719635801940469e-02 7.536194319849708056e-02 7.328719635801940469e-02 1.304760000000000086e-01 1.125685903823582246e-01 7.536194319849706669e-02 1.125685903823582246e-01 1.501439999999999997e-01
6.804399999999999338e-02 7.804191920327105403e-02 8.155768615374486830e-02 7.804191920327105403e-02 1.304760000000000086e-01 1.210074215183276208e-01 8.155768615374485442e-02 1.210074215183276208e-01 1.501439999999999997e-01
6.804399999999999338e-02 7.978799999999999781e-02 8.414400000000001045e-02 7.978799999999999781e-02 1.304760000000000086e-01 1.250880000000000047e-01 8.414399999999999658e-02 1.250880000000000047e-01 1.501439999999999997e-01
c: 
1.379000000000000004e+00
2.641000000000000014e+00
2.830999999999999961e+00
