CDF: 
4.500000000000000111e-01 6.199999999999999956e-01 8.900000000000000133e-01 1.000000000000000000e+00
3.699999999999999956e-01 8.800000000000000044e-01 9.300000000000000488e-01 1.000000000000000000e+00
2.399999999999999911e-01 4.199999999999999845e-01 7.299999999999999822e-01 1.000000000000000000e+00
sigma: 
9.273600000000001287e-02 1.903888414900399909e-03 4.686390102531838402e-03 1.903888414900399475e-03 6.110400000000000553e-02 1.899516683743516577e-04 4.686390102531838402e-03 1.899516683743516577e-04 1.545390000000000097e-01
9.273600000000001287e-02 4.629103771616879630e-03 5.196171501914564894e-03 4.629103771616878762e-03 6.110400000000000553e-02 3.707244860659305273e-03 5.196171501914564894e-03 3.707244860659305273e-03 1.545390000000000097e-01
9.273600000000001287e-02 7.217959437130120649e-03 1.070737550652352613e-02 7.217959437130118915e-03 6.110400000000000553e-02 8.370050637425848622e-03 1.070737550652352613e-02 8.370050637425848622e-03 1.545390000000000097e-01
9.273600000000001287e-02 1.290860635516332018e-02 1.814246468137043281e-02 1.290860635516331671e-02 6.110400000000000553e-02 1.196269490049467824e-02 1.814246468137043281e-02 1.196269490049467824e-02 1.545390000000000097e-01
9.273600000000001287e-02 1.602800932468542022e-02 2.066463913498936544e-02 1.602800932468541675e-02 6.110400000000000553e-02 1.486436082362589672e-02 2.066463913498936544e-02 1.486436082362589672e-02 1.545390000000000097e-01
9.273600000000001287e-02 1.726017017822950236e-02 2.948596415017371714e-02 1.726017017822949889e-02 6.110400000000000553e-02 1.526521172551256224e-02 2.948596415017371714e-02 1.526521172551256224e-02 1.545390000000000097e-01
9.273600000000001287e-02 2.291827940318855172e-02 3.276727459285228711e-02 2.291827940318854478e-02 6.110400000000000553e-02 2.014141392819188137e-02 3.276727459285228711e-02 2.014141392819188137e-02 1.545390000000000097e-01
9.273600000000001287e-02 2.401450392798454639e-02 3.510646614090447842e-02 2.401450392798453945e-02 6.110400000000000553e-02 2.229261909447626672e-02 3.510646614090447842e-02 2.229261909447626672e-02 1.545390000000000097e-01
9.273600000000001287e-02 2.806645434193898864e-02 4.358855776050627601e-02 2.806645434193898170e-02 6.110400000000000553e-02 2.517918680728904735e-02 4.358855776050627601e-02 2.517918680728904735e-02 1.545390000000000097e-01
9.273600000000001287e-02 3.310431027287139699e-02 4.680278093135956108e-02 3.310431027287139005e-02 6.110400000000000553e-02 3.021769017312554706e-02 4.680278093135956108e-02 3.021769017312554706e-02 1.545390000000000097e-01
9.273600000000001287e-02 3.398811731460659596e-02 5.069037897895550121e-02 3.398811731460658903e-02 6.110400000000000553e-02 3.201295688216630048e-02 5.069037897895550121e-02 3.201295688216630048e-02 1.545390000000000097e-01
9.273600000000001287e-02 3.767127217276722978e-02 5.642695345634360371e-02 3.767127217276721590e-02 6.110400000000000553e-02 3.623629656792103776e-02 5.642695345634360371e-02 3.623629656792103776e-02 1.545390000000000097e-01
9.273600000000001287e-02 4.197160762539119822e-02 6.378088521710112424e-02 4.197160762539118434e-02 6.110400000000000553e-02 3.701926617251729418e-02 6.378088521710112424e-02 3.701926617251729418e-02 1.545390000000000097e-01
9.273600000000001287e-02 4.482323262117075130e-02 6.435065192482768148e-02 4.482323262117073742e-02 6.110400000000000553e-02 4.131814470846253279e-02 6.435065192482768148e-02 4.131814470846253279e-02 1.545390000000000097e-01
9.273600000000001287e-02 4.892364642341610892e-02 6.937449182042537688e-02 4.892364642341610198e-02 6.110400000000000553e-02 4.326926742496421674e-02 6.937449182042537688e-02 4.326926742496421674e-02 1.545390000000000097e-01
9.273600000000001287e-02 5.271058887902791562e-02 7.873943194870379469e-02 5.271058887902790174e-02 6.110400000000000553e-02 4.814983814315790256e-02 7.873943194870379469e-02 4.814983814315790256e-02 1.545390000000000097e-01
9.273600000000001287e-02 5.463321548065593058e-02 8.327812544891741164e-02 5.463321548065591671e-02 6.110400000000000553e-02 4.920630910527341167e-02 8.327812544891741164e-02 4.920630910527341167e-02 1.545390000000000097e-01
9.273600000000001287e-02 6.059096488252352364e-02 8.802640408919877590e-02 6.059096488252350976e-02 6.110400000000000553e-02 5.436999948022787355e-02 8.802640408919877590e-02 5.436999948022787355e-02 1.545390000000000097e-01
9.273600000000001287e-02 6.247471901663205485e-02 9.093350282069057045e-02 6.247471901663204097e-02 6.110400000000000553e-02 5.746934892939127570e-02 9.093350282069057045e-02 5.746934892939127570e-02 1.545390000000000097e-01
9.273600000000001287e-02 6.411200000000001620e-02 9.375200000000000200e-02 6.411200000000000232e-02 6.110400000000000553e-02 5.798400000000000776e-02 9.375200000000000200e-02 5.798400000000000776e-02 1.545390000000000097e-01
c: 
1.931000000000000050e+00
2.547000000000000153e+00
1.219999999999999973e+00
