CDF: 
6.500000000000000222e-01 6.600000000000000311e-01 8.499999999999999778e-01 1.000000000000000000e+00
5.400000000000000355e-01 6.800000000000000488e-01 9.200000000000000400e-01 1.000000000000000000e+00
2.399999999999999911e-01 6.400000000000000133e-01 7.500000000000000000e-01 1.000000000000000000e+00
sigma: 
1.239360000000000184e-01 2.045639223037809280e-03 4.113309207147190782e-03 2.045639223037809713e-03 7.544399999999999717e-02 1.084853495131550116e-03 4.113309207147190782e-03 1.084853495131550116e-03 1.595710000000000184e-01
1.239360000000000184e-01 7.543370032787885884e-03 9.190391732818712842e-03 7.543370032787886752e-03 7.544399999999999717e-02 5.616676504529469552e-03 9.190391732818712842e-03 5.616676504529469552e-03 1.595710000000000184e-01
1.239360000000000184e-01 9.241184106389957117e-03 1.347093776013466235e-02 9.241184106389958852e-03 7.544399999999999717e-02 1.263038553555562334e-02 1.347093776013466235e-02 1.263038553555562334e-02 1.595710000000000184e-01
1.239360000000000184e-01 1.454868516651916174e-02 2.460403249681599597e-02 1.454868516651916348e-02 7.544399999999999717e-02 1.396848433391344353e-02 2.460403249681599597e-02 1.396848433391344353e-02 1.595710000000000184e-01
1.239360000000000184e-01 1.995818339663831681e-02 3.011567258648282369e-02 1.995818339663832028e-02 7.544399999999999717e-02 2.052367670872603730e-02 3.011567258648282369e-02 2.052367670872603730e-02 1.595710000000000184e-01
1.239360000000000184e-01 2.490580514941968804e-02 3.492579489163434581e-02 2.490580514941969151e-02 7.544399999999999717e-02 2.411073697280291875e-02 3.492579489163434581e-02 2.411073697280291875e-02 1.595710000000000184e-01
1.239360000000000184e-01 2.703617526994056899e-02 3.987349980421855955e-02 2.703617526994057593e-02 7.544399999999999717e-02 2.815743076791537430e-02 3.987349980421855955e-02 2.815743076791537430e-02 1.595710000000000184e-01
1.239360000000000184e-01 3.121051019422947659e-02 4.552465812591669631e-02 3.121051019422948006e-02 7.544399999999999717e-02 3.283233396725560721e-02 4.552465812591669631e-02 3.283233396725560721e-02 1.595710000000000184e-01
1.239360000000000184e-01 3.893399813570266182e-02 5.253146480985000644e-02 3.893399813570266182e-02 7.544399999999999717e-02 3.816255228584905512e-02 5.253146480985000644e-02 3.816255228584905512e-02 1.595710000000000184e-01
1.239360000000000184e-01 4.269178159604363615e-02 6.187301761368908110e-02 4.269178159604364309e-02 7.544399999999999717e-02 4.435502826627234912e-02 6.187301761368908110e-02 4.435502826627234912e-02 1.595710000000000184e-01
1.239360000000000184e-01 4.525667772720805282e-02 6.698043607408174505e-02 4.525667772720805976e-02 7.544399999999999717e-02 4.749229839066631403e-02 6.698043607408174505e-02 4.749229839066631403e-02 1.595710000000000184e-01
1.239360000000000184e-01 4.785581793205201384e-02 7.451019425760221915e-02 4.785581793205202078e-02 7.544399999999999717e-02 5.103827251796946851e-02 7.451019425760221915e-02 5.103827251796946851e-02 1.595710000000000184e-01
1.239360000000000184e-01 5.583549226353991951e-02 8.097972884622962886e-02 5.583549226353992645e-02 7.544399999999999717e-02 5.428399009519533497e-02 8.097972884622962886e-02 5.428399009519533497e-02 1.595710000000000184e-01
1.239360000000000184e-01 5.991216344239796987e-02 8.335668571054616338e-02 5.991216344239798375e-02 7.544399999999999717e-02 6.272134249884966928e-02 8.335668571054616338e-02 6.272134249884966928e-02 1.595710000000000184e-01
1.239360000000000184e-01 6.430366746082649687e-02 9.047546760275006206e-02 6.430366746082651075e-02 7.544399999999999717e-02 6.466861028173977177e-02 9.047546760275006206e-02 6.466861028173977177e-02 1.595710000000000184e-01
1.239360000000000184e-01 6.604684015574116551e-02 9.997328086512712042e-02 6.604684015574117939e-02 7.544399999999999717e-02 7.212457939203022195e-02 9.997328086512712042e-02 7.212457939203022195e-02 1.595710000000000184e-01
1.239360000000000184e-01 6.984568535592255989e-02 1.028775147446157751e-01 6.984568535592257377e-02 7.544399999999999717e-02 7.494072080175269435e-02 1.028775147446157751e-01 7.494072080175269435e-02 1.595710000000000184e-01
1.239360000000000184e-01 7.587060822111584002e-02 1.091698477731773143e-01 7.587060822111585390e-02 7.544399999999999717e-02 7.786109244520468542e-02 1.091698477731773143e-01 7.786109244520468542e-02 1.595710000000000184e-01
1.239360000000000184e-01 8.234075119905241713e-02 1.164441255067574232e-01 8.234075119905243101e-02 7.544399999999999717e-02 8.550510647222903104e-02 1.164441255067574232e-01 8.550510647222903104e-02 1.595710000000000184e-01
1.239360000000000184e-01 8.247199999999998976e-02 1.212160000000000182e-01 8.247200000000000364e-02 7.544399999999999717e-02 8.588200000000001388e-02 1.212160000000000182e-01 8.588200000000001388e-02 1.595710000000000184e-01
c: 
2.459000000000000075e+00
2.407999999999999918e+00
1.201000000000000068e+00
