CDF: 
1.100000000000000006e-01 1.499999999999999944e-01 3.099999999999999978e-01 1.000000000000000000e+00
5.000000000000000278e-02 2.800000000000000266e-01 2.899999999999999800e-01 1.000000000000000000e+00
2.099999999999999922e-01 2.500000000000000000e-01 3.300000000000000155e-01 1.000000000000000000e+00
sigma: 
1.365559999999999830e-01 2.202310909103090842e-03 4.456640996908701850e-03 2.202310909103091276e-03 1.432000000000000217e-01 2.701985010798236067e-04 4.456640996908702718e-03 2.701985010798236067e-04 1.803000000000000158e-01
1.365559999999999830e-01 7.046106943154092049e-03 8.077446050507464809e-03 7.046106943154092916e-03 1.432000000000000217e-01 1.280145014645926033e-02 8.077446050507466543e-03 1.280145014645926033e-02 1.803000000000000158e-01
1.365559999999999830e-01 1.425818791597658133e-02 1.641012626524949655e-02 1.425818791597658480e-02 1.432000000000000217e-01 2.397116542470352843e-02 1.641012626524950002e-02 2.397116542470352843e-02 1.803000000000000158e-01
1.365559999999999830e-01 2.501139732015107697e-02 2.997627673573758506e-02 2.501139732015108391e-02 1.432000000000000217e-01 2.799089725482852009e-02 2.997627673573759199e-02 2.799089725482852009e-02 1.803000000000000158e-01
1.365559999999999830e-01 2.980137177698674242e-02 3.334322491951437206e-02 2.980137177698674936e-02 1.432000000000000217e-01 3.593059634848362605e-02 3.334322491951437900e-02 3.593059634848362605e-02 1.803000000000000158e-01
1.365559999999999830e-01 3.753258332424698474e-02 4.340882039594427116e-02 3.753258332424699167e-02 1.432000000000000217e-01 4.405737829820359497e-02 4.340882039594428504e-02 4.405737829820359497e-02 1.803000000000000158e-01
1.365559999999999830e-01 4.376084657741468459e-02 5.127942542442217450e-02 4.376084657741469847e-02 1.432000000000000217e-01 4.923854692446802406e-02 5.127942542442218837e-02 4.923854692446802406e-02 1.803000000000000158e-01
1.365559999999999830e-01 5.138159483840856051e-02 6.052505511795143456e-02 5.138159483840857439e-02 1.432000000000000217e-01 5.979744682976526754e-02 6.052505511795144844e-02 5.979744682976526754e-02 1.803000000000000158e-01
1.365559999999999830e-01 6.082693214625368994e-02 6.766642407356118771e-02 6.082693214625370381e-02 1.432000000000000217e-01 6.632968563698329878e-02 6.766642407356120159e-02 6.632968563698329878e-02 1.803000000000000158e-01
1.365559999999999830e-01 6.793751745684124821e-02 7.637952376223282325e-02 6.793751745684126209e-02 1.432000000000000217e-01 7.702147588033389503e-02 7.637952376223283713e-02 7.702147588033389503e-02 1.803000000000000158e-01
1.365559999999999830e-01 7.347549618795562454e-02 7.920347189866498716e-02 7.347549618795563842e-02 1.432000000000000217e-01 8.292248754325096116e-02 7.920347189866500104e-02 8.292248754325096116e-02 1.803000000000000158e-01
1.365559999999999830e-01 7.824000496902244750e-02 9.364632108507156549e-02 7.824000496902246138e-02 1.432000000000000217e-01 9.068941870780794501e-02 9.364632108507159325e-02 9.068941870780794501e-02 1.803000000000000158e-01
1.365559999999999830e-01 8.417140893002401925e-02 9.649041946854190754e-02 8.417140893002403312e-02 1.432000000000000217e-01 9.840712027685616370e-02 9.649041946854193530e-02 9.840712027685616370e-02 1.803000000000000158e-01
1.365559999999999830e-01 9.206452864654389445e-02 1.080269951350485841e-01 9.206452864654390833e-02 1.432000000000000217e-01 1.101545573507036607e-01 1.080269951350485980e-01 1.101545573507036607e-01 1.803000000000000158e-01
1.365559999999999830e-01 1.027309166375899585e-01 1.117708598739678566e-01 1.027309166375899863e-01 1.432000000000000217e-01 1.189170301802849744e-01 1.117708598739678844e-01 1.189170301802849744e-01 1.803000000000000158e-01
1.365559999999999830e-01 1.052742215035597229e-01 1.220641149381437029e-01 1.052742215035597506e-01 1.432000000000000217e-01 1.249520051969810613e-01 1.220641149381437168e-01 1.249520051969810613e-01 1.803000000000000158e-01
1.365559999999999830e-01 1.138195200895848191e-01 1.309110628195230552e-01 1.138195200895848469e-01 1.432000000000000217e-01 1.327996940448065710e-01 1.309110628195230552e-01 1.327996940448065710e-01 1.803000000000000158e-01
1.365559999999999830e-01 1.253376915942344405e-01 1.368146112175661344e-01 1.253376915942344683e-01 1.432000000000000217e-01 1.396824136642084158e-01 1.368146112175661622e-01 1.396824136642084158e-01 1.803000000000000158e-01
1.365559999999999830e-01 1.296981473742433166e-01 1.424314329478817420e-01 1.296981473742433444e-01 1.432000000000000217e-01 1.481297432330992425e-01 1.424314329478817698e-01 1.481297432330992425e-01 1.803000000000000158e-01
1.365559999999999830e-01 1.324799999999999867e-01 1.497799999999999687e-01 1.324800000000000144e-01 1.432000000000000217e-01 1.520000000000000240e-01 1.497799999999999965e-01 1.520000000000000240e-01 1.803000000000000158e-01
c: 
1.556000000000000050e+00
1.312999999999999945e+00
1.278000000000000025e+00
