CDF: 
4.799999999999999822e-01 5.200000000000000178e-01 8.100000000000000533e-01 1.000000000000000000e+00
3.400000000000000244e-01 5.699999999999999512e-01 6.500000000000000222e-01 1.000000000000000000e+00
3.200000000000000067e-01 4.199999999999999845e-01 8.699999999999999956e-01 1.000000000000000000e+00
sigma: 
1.394040000000000001e-01 6.540013444363590965e-03 1.362792442570621900e-03 6.540013444363590965e-03 1.888160000000000116e-01 4.743450427003181695e-03 1.362792442570621900e-03 4.743450427003181695e-03 9.710000000000001963e-02
1.394040000000000001e-01 7.362247137030045879e-03 6.822448347902058778e-03 7.362247137030045879e-03 1.888160000000000116e-01 8.738824693261223672e-03 6.822448347902058778e-03 8.738824693261223672e-03 9.710000000000001963e-02
1.394040000000000001e-01 2.135719318796659022e-02 1.304130857868179318e-02 2.135719318796659022e-02 1.888160000000000116e-01 1.651905278010802613e-02 1.304130857868179318e-02 1.651905278010802613e-02 9.710000000000001963e-02
1.394040000000000001e-01 2.731308314333686510e-02 2.048058154815650400e-02 2.731308314333686510e-02 1.888160000000000116e-01 1.748041865800399955e-02 2.048058154815650400e-02 1.748041865800399955e-02 9.710000000000001963e-02
1.394040000000000001e-01 3.020187896730114688e-02 2.237474067125836200e-02 3.020187896730114688e-02 1.888160000000000116e-01 2.684375245601086646e-02 2.237474067125836200e-02 2.684375245601086646e-02 9.710000000000001963e-02
1.394040000000000001e-01 4.275613292083665223e-02 2.752496244945517104e-02 4.275613292083665223e-02 1.888160000000000116e-01 2.773749657656000844e-02 2.752496244945517104e-02 2.773749657656000844e-02 9.710000000000001963e-02
1.394040000000000001e-01 4.911608631563282867e-02 3.446480475047149911e-02 4.911608631563282867e-02 1.888160000000000116e-01 3.565959642653222794e-02 3.446480475047149911e-02 3.565959642653222794e-02 9.710000000000001963e-02
1.394040000000000001e-01 5.360461292387688065e-02 4.198781187201498094e-02 5.360461292387688065e-02 1.888160000000000116e-01 4.407214314202944488e-02 4.198781187201498094e-02 4.407214314202944488e-02 9.710000000000001963e-02
1.394040000000000001e-01 5.974991307568404408e-02 4.387927353240763523e-02 5.974991307568404408e-02 1.888160000000000116e-01 4.844305887264957478e-02 4.387927353240763523e-02 4.844305887264957478e-02 9.710000000000001963e-02
1.394040000000000001e-01 6.775143934169929050e-02 5.042400957213462320e-02 6.775143934169929050e-02 1.888160000000000116e-01 5.077110686192003869e-02 5.042400957213462320e-02 5.077110686192003869e-02 9.710000000000001963e-02
1.394040000000000001e-01 7.899636774269788719e-02 5.584673638300111098e-02 7.899636774269788719e-02 1.888160000000000116e-01 5.815177350321344696e-02 5.584673638300111098e-02 5.815177350321344696e-02 9.710000000000001963e-02
1.394040000000000001e-01 8.472428076461022139e-02 6.263956001494849768e-02 8.472428076461022139e-02 1.888160000000000116e-01 6.179293327607170844e-02 6.263956001494849768e-02 6.179293327607170844e-02 9.710000000000001963e-02
1.394040000000000001e-01 8.993590417225565126e-02 6.380557330748064249e-02 8.993590417225565126e-02 1.888160000000000116e-01 7.141702962040701042e-02 6.380557330748064249e-02 7.141702962040701042e-02 9.710000000000001963e-02
1.394040000000000001e-01 9.801023748537492086e-02 6.985270997290972395e-02 9.801023748537492086e-02 1.888160000000000116e-01 7.206334497776259451e-02 6.985270997290972395e-02 7.206334497776259451e-02 9.710000000000001963e-02
1.394040000000000001e-01 1.046251433502267125e-01 7.823724915464425056e-02 1.046251433502267125e-01 1.888160000000000116e-01 8.251440859507847003e-02 7.823724915464425056e-02 8.251440859507847003e-02 9.710000000000001963e-02
1.394040000000000001e-01 1.106709722208433777e-01 8.087188992762514572e-02 1.106709722208433777e-01 1.888160000000000116e-01 8.490330497022315070e-02 8.087188992762514572e-02 8.490330497022315070e-02 9.710000000000001963e-02
1.394040000000000001e-01 1.192993205034482002e-01 8.518015982000491648e-02 1.192993205034482002e-01 1.888160000000000116e-01 9.085981343946163136e-02 8.518015982000491648e-02 9.085981343946163136e-02 9.710000000000001963e-02
1.394040000000000001e-01 1.243160035044807710e-01 9.100840600746627762e-02 1.243160035044807710e-01 1.888160000000000116e-01 9.819298603585739638e-02 9.100840600746627762e-02 9.819298603585739638e-02 9.710000000000001963e-02
1.394040000000000001e-01 1.315936666514233577e-01 9.799804672134593275e-02 1.315936666514233577e-01 1.888160000000000116e-01 1.047219109438549539e-01 9.799804672134593275e-02 1.047219109438549539e-01 9.710000000000001963e-02
1.394040000000000001e-01 1.380079999999999918e-01 9.998000000000001330e-02 1.380079999999999918e-01 1.888160000000000116e-01 1.047600000000000059e-01 9.998000000000001330e-02 1.047600000000000059e-01 9.710000000000001963e-02
c: 
2.338000000000000078e+00
1.681000000000000050e+00
2.589999999999999858e+00
