CDF: 
3.499999999999999778e-01 4.799999999999999822e-01 5.899999999999999689e-01 1.000000000000000000e+00
1.799999999999999933e-01 2.099999999999999922e-01 4.899999999999999911e-01 1.000000000000000000e+00
1.000000000000000056e-01 6.600000000000000311e-01 8.100000000000000533e-01 1.000000000000000000e+00
sigma: 
2.023999999999999966e-01 6.961168913505771244e-03 2.175676211209167862e-03 6.961168913505772111e-03 1.616160000000000097e-01 1.459489974293424542e-04 2.175676211209167862e-03 1.459489974293424542e-04 1.053560000000000052e-01
2.023999999999999966e-01 9.061728959359870855e-03 5.628529318178219186e-03 9.061728959359872590e-03 1.616160000000000097e-01 5.094554007064220139e-03 5.628529318178219186e-03 5.094554007064220139e-03 1.053560000000000052e-01
2.023999999999999966e-01 1.873576473376956444e-02 1.597728477389634763e-02 1.873576473376956791e-02 1.616160000000000097e-01 8.892004524832341009e-03 1.597728477389634763e-02 8.892004524832341009e-03 1.053560000000000052e-01
2.023999999999999966e-01 3.089562722496642239e-02 1.807288918486828211e-02 3.089562722496642933e-02 1.616160000000000097e-01 1.294291545196613394e-02 1.807288918486828211e-02 1.294291545196613394e-02 1.053560000000000052e-01
2.023999999999999966e-01 3.617155564975899074e-02 2.550727990123317565e-02 3.617155564975899074e-02 1.616160000000000097e-01 2.105749676253993591e-02 2.550727990123317565e-02 2.105749676253993591e-02 1.053560000000000052e-01
2.023999999999999966e-01 4.608443164387850816e-02 3.023683153535398904e-02 4.608443164387851509e-02 1.616160000000000097e-01 2.238267572879320752e-02 3.023683153535398904e-02 2.238267572879320752e-02 1.053560000000000052e-01
2.023999999999999966e-01 5.707548814746361832e-02 3.347210983898766395e-02 5.707548814746362525e-02 1.616160000000000097e-01 2.852851840928248908e-02 3.347210983898766395e-02 2.852851840928248908e-02 1.053560000000000052e-01
2.023999999999999966e-01 6.660040697408946275e-02 3.939130073201037308e-02 6.660040697408947663e-02 1.616160000000000097e-01 3.202068833640612372e-02 3.939130073201037308e-02 3.202068833640612372e-02 1.053560000000000052e-01
2.023999999999999966e-01 7.463362331392918436e-02 4.867596995014722427e-02 7.463362331392919824e-02 1.616160000000000097e-01 3.733978519431195575e-02 4.867596995014722427e-02 3.733978519431195575e-02 1.053560000000000052e-01
2.023999999999999966e-01 8.021272861671996379e-02 5.116841317251140386e-02 8.021272861671997767e-02 1.616160000000000097e-01 3.895756646312138749e-02 5.116841317251140386e-02 3.895756646312138749e-02 1.053560000000000052e-01
2.023999999999999966e-01 8.650087101769177167e-02 5.643109143186057775e-02 8.650087101769178555e-02 1.616160000000000097e-01 4.254081281689790772e-02 5.643109143186057775e-02 4.254081281689790772e-02 1.053560000000000052e-01
2.023999999999999966e-01 9.817596238350817517e-02 6.437029015523579312e-02 9.817596238350818905e-02 1.616160000000000097e-01 4.657785675111143081e-02 6.437029015523579312e-02 4.657785675111143081e-02 1.053560000000000052e-01
2.023999999999999966e-01 1.081465228948387536e-01 6.864593456924542036e-02 1.081465228948387675e-01 1.616160000000000097e-01 5.439719822474704120e-02 6.864593456924542036e-02 5.439719822474704120e-02 1.053560000000000052e-01
2.023999999999999966e-01 1.124827426892948540e-01 7.649040895498858406e-02 1.124827426892948679e-01 1.616160000000000097e-01 5.897790000406622629e-02 7.649040895498858406e-02 5.897790000406622629e-02 1.053560000000000052e-01
2.023999999999999966e-01 1.236785738580626487e-01 8.058635519396943614e-02 1.236785738580626626e-01 1.616160000000000097e-01 6.084840935219488350e-02 8.058635519396943614e-02 6.084840935219488350e-02 1.053560000000000052e-01
2.023999999999999966e-01 1.305438318049283730e-01 8.589191852042066255e-02 1.305438318049283730e-01 1.616160000000000097e-01 6.648041915858246553e-02 8.589191852042066255e-02 6.648041915858246553e-02 1.053560000000000052e-01
2.023999999999999966e-01 1.417450012547260829e-01 8.952082662816297776e-02 1.417450012547261107e-01 1.616160000000000097e-01 6.972061551969417625e-02 8.952082662816297776e-02 6.972061551969417625e-02 1.053560000000000052e-01
2.023999999999999966e-01 1.495319035105000527e-01 9.457717688416418522e-02 1.495319035105000804e-01 1.616160000000000097e-01 7.562126199290389317e-02 9.457717688416418522e-02 7.562126199290389317e-02 1.053560000000000052e-01
2.023999999999999966e-01 1.596874049836826681e-01 1.029190342919967943e-01 1.596874049836826959e-01 1.616160000000000097e-01 7.662125452170431839e-02 1.029190342919967943e-01 7.662125452170431839e-02 1.053560000000000052e-01
2.023999999999999966e-01 1.605599999999999805e-01 1.042399999999999993e-01 1.605600000000000083e-01 1.616160000000000097e-01 8.026400000000000201e-02 1.042399999999999993e-01 8.026400000000000201e-02 1.053560000000000052e-01
c: 
2.955999999999999961e+00
1.491999999999999993e+00
1.465000000000000080e+00
