CDF: 
3.099999999999999978e-01 5.899999999999999689e-01 7.099999999999999645e-01 1.000000000000000000e+00
1.499999999999999944e-01 2.999999999999999889e-01 5.400000000000000355e-01 1.000000000000000000e+00
4.400000000000000022e-01 4.500000000000000111e-01 6.800000000000000488e-01 1.000000000000000000e+00
sigma: 
1.651640000000000053e-01 1.407444219395222358e-03 6.281789463632300383e-03 1.407444219395222358e-03 1.610040000000000082e-01 1.924339195216569697e-04 6.281789463632301250e-03 1.924339195216569697e-04 1.858039999999999969e-01
1.651640000000000053e-01 9.198094159484245663e-03 1.397450140013038224e-02 9.198094159484245663e-03 1.610040000000000082e-01 1.265581682898818741e-02 1.397450140013038397e-02 1.265581682898818741e-02 1.858039999999999969e-01
1.651640000000000053e-01 1.494551201091205879e-02 2.134948015386635770e-02 1.494551201091205879e-02 1.610040000000000082e-01 1.842807068654287589e-02 2.134948015386636117e-02 1.842807068654287589e-02 1.858039999999999969e-01
1.651640000000000053e-01 2.151007606838375649e-02 3.426773987930261528e-02 2.151007606838375649e-02 1.610040000000000082e-01 2.556089462348537511e-02 3.426773987930262222e-02 2.556089462348537511e-02 1.858039999999999969e-01
1.651640000000000053e-01 3.446999037886364081e-02 4.197915694080444488e-02 3.446999037886364081e-02 1.610040000000000082e-01 3.832218189966613703e-02 4.197915694080445181e-02 3.832218189966613703e-02 1.858039999999999969e-01
1.651640000000000053e-01 4.206468961746928636e-02 4.900846909589839928e-02 4.206468961746928636e-02 1.610040000000000082e-01 4.398418009334788964e-02 4.900846909589840622e-02 4.398418009334788964e-02 1.858039999999999969e-01
1.651640000000000053e-01 4.288759341810092357e-02 5.968498208079848349e-02 4.288759341810092357e-02 1.610040000000000082e-01 5.176272514810181802e-02 5.968498208079849737e-02 5.176272514810181802e-02 1.858039999999999969e-01
1.651640000000000053e-01 5.261007214036807211e-02 6.554406610921936771e-02 5.261007214036807211e-02 1.610040000000000082e-01 5.846956496743140747e-02 6.554406610921938159e-02 5.846956496743140747e-02 1.858039999999999969e-01
1.651640000000000053e-01 6.403156445520932771e-02 7.319288440783236482e-02 6.403156445520932771e-02 1.610040000000000082e-01 6.366473169352898642e-02 7.319288440783237870e-02 6.366473169352898642e-02 1.858039999999999969e-01
1.651640000000000053e-01 6.779319974504456614e-02 8.545761957879614845e-02 6.779319974504456614e-02 1.610040000000000082e-01 7.645173751512344962e-02 8.545761957879616233e-02 7.645173751512344962e-02 1.858039999999999969e-01
1.651640000000000053e-01 7.667138706219278621e-02 9.142185215758200090e-02 7.667138706219278621e-02 1.610040000000000082e-01 8.461978498075439781e-02 9.142185215758201478e-02 8.461978498075439781e-02 1.858039999999999969e-01
1.651640000000000053e-01 8.025497207284874868e-02 1.014657529766285066e-01 8.025497207284874868e-02 1.610040000000000082e-01 8.763544089511841884e-02 1.014657529766285343e-01 8.763544089511841884e-02 1.858039999999999969e-01
1.651640000000000053e-01 8.939995198998335058e-02 1.075707520380050353e-01 8.939995198998335058e-02 1.610040000000000082e-01 9.408379748492799732e-02 1.075707520380050491e-01 9.408379748492799732e-02 1.858039999999999969e-01
1.651640000000000053e-01 9.900035454634620313e-02 1.183688704385947033e-01 9.900035454634620313e-02 1.610040000000000082e-01 1.058390034502431770e-01 1.183688704385947171e-01 1.058390034502431770e-01 1.858039999999999969e-01
1.651640000000000053e-01 1.054453420885858306e-01 1.217819593323004185e-01 1.054453420885858306e-01 1.610040000000000082e-01 1.171156905595357317e-01 1.217819593323004324e-01 1.171156905595357317e-01 1.858039999999999969e-01
1.651640000000000053e-01 1.129173345694871322e-01 1.311605904701343417e-01 1.129173345694871322e-01 1.610040000000000082e-01 1.229017193933733265e-01 1.311605904701343417e-01 1.229017193933733265e-01 1.858039999999999969e-01
1.651640000000000053e-01 1.161974001753943442e-01 1.436159720220246683e-01 1.161974001753943442e-01 1.610040000000000082e-01 1.300490006909110208e-01 1.436159720220246960e-01 1.300490006909110208e-01 1.858039999999999969e-01
1.651640000000000053e-01 1.271729247201209001e-01 1.504018573900729183e-01 1.271729247201209001e-01 1.610040000000000082e-01 1.382773290074308381e-01 1.504018573900729461e-01 1.382773290074308381e-01 1.858039999999999969e-01
1.651640000000000053e-01 1.294794161256736797e-01 1.574475832310293644e-01 1.294794161256736797e-01 1.610040000000000082e-01 1.457293281543552976e-01 1.574475832310293921e-01 1.457293281543552976e-01 1.858039999999999969e-01
1.651640000000000053e-01 1.355159999999999698e-01 1.648839999999999750e-01 1.355159999999999698e-01 1.610040000000000082e-01 1.485960000000000059e-01 1.648840000000000028e-01 1.485960000000000059e-01 1.858039999999999969e-01
c: 
1.957999999999999963e+00
1.046999999999999931e+00
2.803999999999999826e+00
