CDF: 
3.200000000000000067e-01 3.499999999999999778e-01 7.800000000000000266e-01 1.000000000000000000e+00
3.300000000000000155e-01 4.199999999999999845e-01 6.600000000000000311e-01 1.000000000000000000e+00
3.099999999999999978e-01 4.899999999999999911e-01 5.600000000000000533e-01 1.000000000000000000e+00
sigma: 
1.350959999999999939e-01 1.231158725278152415e-03 3.480179532152558909e-03 1.231158725278152415e-03 1.852589999999999515e-01 9.647534675828950889e-04 3.480179532152558909e-03 9.647534675828948721e-04 2.186589999999999923e-01
1.350959999999999939e-01 9.279640473996382533e-03 9.854153765846708143e-03 9.279640473996382533e-03 1.852589999999999515e-01 1.324595949863566734e-02 9.854153765846708143e-03 1.324595949863566560e-02 2.186589999999999923e-01
1.350959999999999939e-01 1.610161746143572506e-02 1.849059892957176376e-02 1.610161746143572506e-02 1.852589999999999515e-01 1.942441060000097558e-02 1.849059892957176376e-02 1.942441060000097211e-02 2.186589999999999923e-01
1.350959999999999939e-01 2.640051343906869852e-02 2.149390681690667784e-02 2.640051343906869852e-02 1.852589999999999515e-01 3.643703475254152224e-02 2.149390681690667784e-02 3.643703475254152224e-02 2.186589999999999923e-01
1.350959999999999939e-01 3.451008206218775937e-02 3.255121549296494804e-02 3.451008206218775937e-02 1.852589999999999515e-01 4.333712626313491328e-02 3.255121549296494804e-02 4.333712626313490635e-02 2.186589999999999923e-01
1.350959999999999939e-01 3.475278958430823989e-02 3.757916817834822121e-02 3.475278958430823989e-02 1.852589999999999515e-01 5.205437141870437878e-02 3.757916817834822121e-02 5.205437141870437184e-02 2.186589999999999923e-01
1.350959999999999939e-01 4.313475995064769419e-02 4.192027600939835646e-02 4.313475995064769419e-02 1.852589999999999515e-01 6.480876947207059313e-02 4.192027600939835646e-02 6.480876947207059313e-02 2.186589999999999923e-01
1.350959999999999939e-01 5.253975735250922263e-02 4.951779743779755050e-02 5.253975735250922263e-02 1.852589999999999515e-01 6.905177594476490099e-02 4.951779743779755050e-02 6.905177594476488712e-02 2.186589999999999923e-01
1.350959999999999939e-01 6.070447985417223857e-02 5.807650910748127920e-02 6.070447985417223857e-02 1.852589999999999515e-01 8.228441548688097962e-02 5.807650910748127920e-02 8.228441548688096574e-02 2.186589999999999923e-01
1.350959999999999939e-01 6.607937374166894529e-02 6.096414713975759070e-02 6.607937374166894529e-02 1.852589999999999515e-01 8.777769374479904574e-02 6.096414713975759070e-02 8.777769374479903186e-02 2.186589999999999923e-01
1.350959999999999939e-01 7.400457135990706758e-02 7.251200564010445992e-02 7.400457135990706758e-02 1.852589999999999515e-01 9.803810080842434438e-02 7.251200564010445992e-02 9.803810080842431662e-02 2.186589999999999923e-01
1.350959999999999939e-01 7.766033350275999836e-02 7.535078231322635267e-02 7.766033350275999836e-02 1.852589999999999515e-01 1.070553318580346192e-01 7.535078231322635267e-02 1.070553318580346053e-01 2.186589999999999923e-01
1.350959999999999939e-01 8.625923746639228840e-02 8.722173821363031487e-02 8.625923746639228840e-02 1.852589999999999515e-01 1.128766180252039064e-01 8.722173821363031487e-02 1.128766180252038787e-01 2.186589999999999923e-01
1.350959999999999939e-01 9.052527139355531771e-02 9.351679854745542642e-02 9.052527139355531771e-02 1.852589999999999515e-01 1.234838255997025153e-01 9.351679854745542642e-02 1.234838255997024875e-01 2.186589999999999923e-01
1.350959999999999939e-01 9.834967533642402504e-02 9.559286025931623687e-02 9.834967533642402504e-02 1.852589999999999515e-01 1.390096739320333119e-01 9.559286025931623687e-02 1.390096739320332841e-01 2.186589999999999923e-01
1.350959999999999939e-01 1.075210684858526194e-01 1.073615703003821531e-01 1.075210684858526194e-01 1.852589999999999515e-01 1.421313128184222563e-01 1.073615703003821531e-01 1.421313128184222285e-01 2.186589999999999923e-01
1.350959999999999939e-01 1.151126995377705353e-01 1.086667262402844780e-01 1.151126995377705353e-01 1.852589999999999515e-01 1.577007371224511956e-01 1.086667262402844780e-01 1.577007371224511678e-01 2.186589999999999923e-01
1.350959999999999939e-01 1.230824379298682270e-01 1.201897810294869084e-01 1.230824379298682270e-01 1.852589999999999515e-01 1.662451725270787106e-01 1.201897810294869084e-01 1.662451725270786829e-01 2.186589999999999923e-01
1.350959999999999939e-01 1.307868176110362768e-01 1.280701587245432482e-01 1.307868176110362768e-01 1.852589999999999515e-01 1.719853197836225256e-01 1.280701587245432482e-01 1.719853197836225256e-01 2.186589999999999923e-01
1.350959999999999939e-01 1.317079999999999917e-01 1.281920000000000004e-01 1.317079999999999917e-01 1.852589999999999515e-01 1.776409999999999934e-01 1.281920000000000004e-01 1.776409999999999656e-01 2.186589999999999923e-01
c: 
1.891999999999999904e+00
1.838000000000000078e+00
1.915000000000000036e+00
