CDF: 
3.400000000000000244e-01 7.900000000000000355e-01 8.399999999999999689e-01 1.000000000000000000e+00
3.699999999999999956e-01 5.400000000000000355e-01 5.999999999999999778e-01 1.000000000000000000e+00
3.499999999999999778e-01 3.900000000000000133e-01 5.600000000000000533e-01 1.000000000000000000e+00
sigma: 
1.206000000000000266e-01 3.787473976669985740e-03 3.480157117354160026e-03 3.787473976669985740e-03 2.178750000000000131e-01 4.968783391487511733e-03 3.480157117354159158e-03 4.968783391487511733e-03 2.106750000000000012e-01
1.206000000000000266e-01 7.486738816958236030e-03 6.264296935177872568e-03 7.486738816958236030e-03 2.178750000000000131e-01 1.560901998574244776e-02 6.264296935177870833e-03 1.560901998574244776e-02 2.106750000000000012e-01
1.206000000000000266e-01 1.337159612777430971e-02 1.158988843470136476e-02 1.337159612777430971e-02 2.178750000000000131e-01 2.817798863570500703e-02 1.158988843470136129e-02 2.817798863570500703e-02 2.106750000000000012e-01
1.206000000000000266e-01 1.911674694794452539e-02 1.526644117125962145e-02 1.911674694794452539e-02 2.178750000000000131e-01 3.585066402960929849e-02 1.526644117125961798e-02 3.585066402960929849e-02 2.106750000000000012e-01
1.206000000000000266e-01 2.179295602839444873e-02 2.299852545831030173e-02 2.179295602839444873e-02 2.178750000000000131e-01 5.259612200869787785e-02 2.299852545831029479e-02 5.259612200869787785e-02 2.106750000000000012e-01
1.206000000000000266e-01 2.955176505875857854e-02 2.787754295134281524e-02 2.955176505875857854e-02 2.178750000000000131e-01 5.973363947457054762e-02 2.787754295134280483e-02 5.973363947457054762e-02 2.106750000000000012e-01
1.206000000000000266e-01 3.462190774168171642e-02 3.239288412550903745e-02 3.462190774168171642e-02 2.178750000000000131e-01 6.798396884506814619e-02 3.239288412550903051e-02 6.798396884506814619e-02 2.106750000000000012e-01
1.206000000000000266e-01 4.221682161973259323e-02 3.925591557283324845e-02 4.221682161973259323e-02 2.178750000000000131e-01 8.150307651668704800e-02 3.925591557283323457e-02 8.150307651668704800e-02 2.106750000000000012e-01
1.206000000000000266e-01 4.469944849486293115e-02 4.003875904765068217e-02 4.469944849486293115e-02 2.178750000000000131e-01 8.714665695973961013e-02 4.003875904765066829e-02 8.714665695973961013e-02 2.106750000000000012e-01
1.206000000000000266e-01 5.183385250159934510e-02 4.770487121880467168e-02 5.183385250159934510e-02 2.178750000000000131e-01 9.956990256543110651e-02 4.770487121880465781e-02 9.956990256543110651e-02 2.106750000000000012e-01
1.206000000000000266e-01 5.733438053223474662e-02 5.199217343083422510e-02 5.733438053223474662e-02 2.178750000000000131e-01 1.094213309891235303e-01 5.199217343083421122e-02 1.094213309891235303e-01 2.106750000000000012e-01
1.206000000000000266e-01 6.192543597762726476e-02 5.601780955118747241e-02 6.192543597762726476e-02 2.178750000000000131e-01 1.231222084393398530e-01 5.601780955118745159e-02 1.231222084393398530e-01 2.106750000000000012e-01
1.206000000000000266e-01 6.500966939917697529e-02 6.326150177287302723e-02 6.500966939917697529e-02 2.178750000000000131e-01 1.332843199430842063e-01 6.326150177287299947e-02 1.332843199430842063e-01 2.106750000000000012e-01
1.206000000000000266e-01 7.062941977700486207e-02 6.615825104911259025e-02 7.062941977700486207e-02 2.178750000000000131e-01 1.391570716079607861e-01 6.615825104911257637e-02 1.391570716079607861e-01 2.106750000000000012e-01
1.206000000000000266e-01 7.567811776521964073e-02 7.025522545158334464e-02 7.567811776521964073e-02 2.178750000000000131e-01 1.521420885524578659e-01 7.025522545158333076e-02 1.521420885524578659e-01 2.106750000000000012e-01
1.206000000000000266e-01 8.348527358058904779e-02 7.542580263453815825e-02 8.348527358058904779e-02 2.178750000000000131e-01 1.647873459078991742e-01 7.542580263453813050e-02 1.647873459078991742e-01 2.106750000000000012e-01
1.206000000000000266e-01 8.617281462423806437e-02 7.969570830012610851e-02 8.617281462423806437e-02 2.178750000000000131e-01 1.741924022334291611e-01 7.969570830012608076e-02 1.741924022334291611e-01 2.106750000000000012e-01
1.206000000000000266e-01 9.529171609308262347e-02 8.657697215173761063e-02 9.529171609308262347e-02 2.178750000000000131e-01 1.919922095307690646e-01 8.657697215173758287e-02 1.919922095307690646e-01 2.106750000000000012e-01
1.206000000000000266e-01 9.661282057126292788e-02 9.220095352719248627e-02 9.661282057126292788e-02 2.178750000000000131e-01 1.955309835284961828e-01 9.220095352719245851e-02 1.955309835284961828e-01 2.106750000000000012e-01
1.206000000000000266e-01 1.018000000000000016e-01 9.460000000000001741e-02 1.018000000000000016e-01 2.178750000000000131e-01 2.031749999999999945e-01 9.459999999999998965e-02 2.031749999999999945e-01 2.106750000000000012e-01
c: 
1.185000000000000053e+00
1.425000000000000044e+00
1.786999999999999922e+00
