CDF: 
4.500000000000000111e-01 5.500000000000000444e-01 7.399999999999999911e-01 1.000000000000000000e+00
5.999999999999999778e-01 7.099999999999999645e-01 7.900000000000000355e-01 1.000000000000000000e+00
1.000000000000000056e-01 6.500000000000000222e-01 8.100000000000000533e-01 1.000000000000000000e+00
sigma: 
1.676640000000000075e-01 5.743476427886402488e-03 3.899468576040190058e-03 5.743476427886400754e-03 1.575040000000000329e-01 2.946414223463540271e-03 3.899468576040190058e-03 2.946414223463540271e-03 1.051040000000000030e-01
1.676640000000000075e-01 1.532079260810437042e-02 1.167143095679146897e-02 1.532079260810436869e-02 1.575040000000000329e-01 1.139135683213099090e-02 1.167143095679146897e-02 1.139135683213099090e-02 1.051040000000000030e-01
1.676640000000000075e-01 2.034605520528687261e-02 1.584144521052556834e-02 2.034605520528686914e-02 1.575040000000000329e-01 1.763319437747317558e-02 1.584144521052556834e-02 1.763319437747317558e-02 1.051040000000000030e-01
1.676640000000000075e-01 2.678420912421831945e-02 1.955415126173047635e-02 2.678420912421831598e-02 1.575040000000000329e-01 2.517800280006733671e-02 1.955415126173047635e-02 2.517800280006733671e-02 1.051040000000000030e-01
1.676640000000000075e-01 3.891808181436431230e-02 2.642093033539729893e-02 3.891808181436430536e-02 1.575040000000000329e-01 2.667207995277980082e-02 2.642093033539729893e-02 2.667207995277980082e-02 1.051040000000000030e-01
1.676640000000000075e-01 3.940781184416560640e-02 3.065729932304466984e-02 3.940781184416559946e-02 1.575040000000000329e-01 3.412438698880767424e-02 3.065729932304466984e-02 3.412438698880767424e-02 1.051040000000000030e-01
1.676640000000000075e-01 5.386172222803121967e-02 4.220661029732258179e-02 5.386172222803121273e-02 1.575040000000000329e-01 4.331072643183343091e-02 4.220661029732258179e-02 4.331072643183343091e-02 1.051040000000000030e-01
1.676640000000000075e-01 6.286355263261027282e-02 4.595794542593581444e-02 6.286355263261025894e-02 1.575040000000000329e-01 4.655708517242836825e-02 4.595794542593581444e-02 4.655708517242836825e-02 1.051040000000000030e-01
1.676640000000000075e-01 6.624348200463048286e-02 5.420424426185326688e-02 6.624348200463046898e-02 1.575040000000000329e-01 5.189027901414084570e-02 5.420424426185326688e-02 5.189027901414084570e-02 1.051040000000000030e-01
1.676640000000000075e-01 7.700281749740750525e-02 5.853242783284883649e-02 7.700281749740749138e-02 1.575040000000000329e-01 6.391769251056939050e-02 5.853242783284883649e-02 6.391769251056939050e-02 1.051040000000000030e-01
1.676640000000000075e-01 8.391270721324087245e-02 6.402460056479329642e-02 8.391270721324085857e-02 1.575040000000000329e-01 6.631626627643455452e-02 6.402460056479329642e-02 6.631626627643455452e-02 1.051040000000000030e-01
1.676640000000000075e-01 8.909308014891129113e-02 7.009061861620659306e-02 8.909308014891127725e-02 1.575040000000000329e-01 7.435355733708383374e-02 7.009061861620659306e-02 7.435355733708383374e-02 1.051040000000000030e-01
1.676640000000000075e-01 1.006489048846250095e-01 7.503729023354518968e-02 1.006489048846249956e-01 1.575040000000000329e-01 8.003973793194361919e-02 7.503729023354518968e-02 8.003973793194361919e-02 1.051040000000000030e-01
1.676640000000000075e-01 1.076016700538985488e-01 7.956695781438176407e-02 1.076016700538985210e-01 1.575040000000000329e-01 8.669642892329527950e-02 7.956695781438176407e-02 8.669642892329527950e-02 1.051040000000000030e-01
1.676640000000000075e-01 1.162775021918060203e-01 8.695968772853837625e-02 1.162775021918060064e-01 1.575040000000000329e-01 9.201411356012022258e-02 8.695968772853837625e-02 9.201411356012022258e-02 1.051040000000000030e-01
1.676640000000000075e-01 1.188240080493252609e-01 9.231503807821180019e-02 1.188240080493252332e-01 1.575040000000000329e-01 9.657765583748044447e-02 9.231503807821180019e-02 9.657765583748044447e-02 1.051040000000000030e-01
1.676640000000000075e-01 1.261685858903499047e-01 1.005607656667745764e-01 1.261685858903498769e-01 1.575040000000000329e-01 1.042863721078905598e-01 1.005607656667745764e-01 1.042863721078905598e-01 1.051040000000000030e-01
1.676640000000000075e-01 1.346432250176201328e-01 1.080139868459916996e-01 1.346432250176201051e-01 1.575040000000000329e-01 1.101105832254295480e-01 1.080139868459916996e-01 1.101105832254295480e-01 1.051040000000000030e-01
1.676640000000000075e-01 1.450286993065580954e-01 1.134332527154650466e-01 1.450286993065580676e-01 1.575040000000000329e-01 1.198352462435938320e-01 1.134332527154650466e-01 1.198352462435938320e-01 1.051040000000000030e-01
1.676640000000000075e-01 1.496160000000000267e-01 1.148160000000000014e-01 1.496159999999999990e-01 1.575040000000000329e-01 1.215040000000000148e-01 1.148160000000000014e-01 1.215040000000000148e-01 1.051040000000000030e-01
c: 
1.360999999999999988e+00
1.975000000000000089e+00
1.256999999999999895e+00
