CDF: 
5.999999999999999778e-01 7.399999999999999911e-01 8.399999999999999689e-01 1.000000000000000000e+00
2.899999999999999800e-01 3.800000000000000044e-01 6.500000000000000222e-01 1.000000000000000000e+00
4.600000000000000200e-01 5.400000000000000355e-01 8.299999999999999600e-01 1.000000000000000000e+00
sigma: 
1.287840000000000096e-01 4.746063379943924430e-03 1.481342104597339112e-03 4.746063379943924430e-03 1.816000000000000114e-01 5.216166973106133378e-03 1.481342104597339112e-03 5.216166973106133378e-03 1.266749999999999821e-01
1.287840000000000096e-01 6.546149887555402676e-03 1.158876533828595221e-02 6.546149887555402676e-03 1.816000000000000114e-01 1.189298586966089193e-02 1.158876533828595221e-02 1.189298586966089193e-02 1.266749999999999821e-01
1.287840000000000096e-01 1.602590886631199626e-02 1.579337543261080321e-02 1.602590886631199626e-02 1.816000000000000114e-01 1.312451874647459389e-02 1.579337543261080321e-02 1.312451874647459389e-02 1.266749999999999821e-01
1.287840000000000096e-01 2.184075214518162167e-02 1.978894621707762147e-02 2.184075214518162167e-02 1.816000000000000114e-01 2.372026838720718914e-02 1.978894621707762147e-02 2.372026838720718914e-02 1.266749999999999821e-01
1.287840000000000096e-01 2.706337930087621135e-02 2.938550717476433316e-02 2.706337930087621135e-02 1.816000000000000114e-01 3.030638090383846323e-02 2.938550717476433316e-02 3.030638090383846323e-02 1.266749999999999821e-01
1.287840000000000096e-01 3.477177173002352767e-02 3.421152470220462094e-02 3.477177173002352767e-02 1.816000000000000114e-01 3.260198394420732448e-02 3.421152470220462094e-02 3.260198394420732448e-02 1.266749999999999821e-01
1.287840000000000096e-01 3.941126694409598924e-02 3.831583369467099487e-02 3.941126694409598924e-02 1.816000000000000114e-01 3.868670909869462160e-02 3.831583369467099487e-02 3.868670909869462160e-02 1.266749999999999821e-01
1.287840000000000096e-01 4.275719227201434103e-02 4.997838353669506462e-02 4.275719227201434103e-02 1.816000000000000114e-01 4.708088736902988486e-02 4.997838353669506462e-02 4.708088736902988486e-02 1.266749999999999821e-01
1.287840000000000096e-01 5.182295815421592705e-02 5.507319139889731846e-02 5.182295815421592705e-02 1.816000000000000114e-01 5.344900986253803971e-02 5.507319139889731846e-02 5.344900986253803971e-02 1.266749999999999821e-01
1.287840000000000096e-01 5.568503399763602424e-02 6.269329019840158557e-02 5.568503399763602424e-02 1.816000000000000114e-01 6.087330762664901890e-02 6.269329019840158557e-02 6.087330762664901890e-02 1.266749999999999821e-01
1.287840000000000096e-01 5.930560325809778460e-02 6.675811352026653211e-02 5.930560325809778460e-02 1.816000000000000114e-01 6.875166327334542027e-02 6.675811352026653211e-02 6.875166327334542027e-02 1.266749999999999821e-01
1.287840000000000096e-01 6.933926250386779344e-02 7.297438100833435193e-02 6.933926250386779344e-02 1.816000000000000114e-01 7.001944055316865201e-02 7.297438100833435193e-02 7.001944055316865201e-02 1.266749999999999821e-01
1.287840000000000096e-01 7.314556572004157764e-02 7.750407373977551140e-02 7.314556572004157764e-02 1.816000000000000114e-01 7.914897539435500340e-02 7.750407373977551140e-02 7.914897539435500340e-02 1.266749999999999821e-01
1.287840000000000096e-01 7.650658703982161912e-02 8.791920974452063775e-02 7.650658703982161912e-02 1.816000000000000114e-01 8.641646364364001520e-02 8.791920974452063775e-02 8.641646364364001520e-02 1.266749999999999821e-01
1.287840000000000096e-01 8.573844009316307357e-02 9.441314287056247478e-02 8.573844009316307357e-02 1.816000000000000114e-01 9.187666358049267901e-02 9.441314287056247478e-02 9.187666358049267901e-02 1.266749999999999821e-01
1.287840000000000096e-01 9.005474073715252770e-02 1.001382598133532115e-01 9.005474073715252770e-02 1.816000000000000114e-01 9.922690498713883367e-02 1.001382598133532115e-01 9.922690498713883367e-02 1.266749999999999821e-01
1.287840000000000096e-01 9.724063108049335602e-02 1.048361950340995497e-01 9.724063108049335602e-02 1.816000000000000114e-01 1.031392208144132627e-01 1.048361950340995497e-01 1.031392208144132627e-01 1.266749999999999821e-01
1.287840000000000096e-01 1.039469232831302103e-01 1.119405722903417527e-01 1.039469232831302103e-01 1.816000000000000114e-01 1.094236506388689273e-01 1.119405722903417527e-01 1.094236506388689273e-01 1.266749999999999821e-01
1.287840000000000096e-01 1.092722673715801757e-01 1.177858725653255501e-01 1.092722673715801757e-01 1.816000000000000114e-01 1.140045135483170879e-01 1.177858725653255501e-01 1.140045135483170879e-01 1.266749999999999821e-01
1.287840000000000096e-01 1.107400000000000051e-01 1.212400000000000005e-01 1.107400000000000051e-01 1.816000000000000114e-01 1.197000000000000008e-01 1.212400000000000005e-01 1.197000000000000008e-01 1.266749999999999821e-01
c: 
2.519000000000000128e+00
2.302000000000000046e+00
1.629000000000000004e+00
