CDF: 
2.700000000000000178e-01 4.099999999999999756e-01 7.399999999999999911e-01 1.000000000000000000e+00
2.999999999999999889e-01 3.599999999999999867e-01 5.300000000000000266e-01 1.000000000000000000e+00
3.200000000000000067e-01 4.299999999999999933e-01 4.500000000000000111e-01 1.000000000000000000e+00
sigma: 
1.519710000000000227e-01 5.238797304893299742e-03 6.014889072888132855e-03 5.238797304893299742e-03 2.081709999999999949e-01 6.667173000928000061e-03 6.014889072888132855e-03 6.667173000928000928e-03 2.314109999999999778e-01
1.519710000000000227e-01 7.894168308540120554e-03 1.010849907305551992e-02 7.894168308540120554e-03 2.081709999999999949e-01 1.376703316494721531e-02 1.010849907305551992e-02 1.376703316494721704e-02 2.314109999999999778e-01
1.519710000000000227e-01 1.940537499416713357e-02 1.610594921958126771e-02 1.940537499416713357e-02 2.081709999999999949e-01 2.433485834497683617e-02 1.610594921958126771e-02 2.433485834497683964e-02 2.314109999999999778e-01
1.519710000000000227e-01 2.682866047399071543e-02 2.507338043948513506e-02 2.682866047399071543e-02 2.081709999999999949e-01 3.418763900032597419e-02 2.507338043948513506e-02 3.418763900032597419e-02 2.314109999999999778e-01
1.519710000000000227e-01 3.381388071364503645e-02 3.455960078906920863e-02 3.381388071364503645e-02 2.081709999999999949e-01 4.710899962033740507e-02 3.455960078906920863e-02 4.710899962033741201e-02 2.314109999999999778e-01
1.519710000000000227e-01 4.307098897655183001e-02 4.149529697376471565e-02 4.307098897655183001e-02 2.081709999999999949e-01 6.194599588850188687e-02 4.149529697376471565e-02 6.194599588850189381e-02 2.314109999999999778e-01
1.519710000000000227e-01 4.843483946776526439e-02 4.625642888206450004e-02 4.843483946776526439e-02 2.081709999999999949e-01 7.199938098997304969e-02 4.625642888206450004e-02 7.199938098997306357e-02 2.314109999999999778e-01
1.519710000000000227e-01 5.365281313436313232e-02 5.708681486081278872e-02 5.365281313436313232e-02 2.081709999999999949e-01 8.184255612697013960e-02 5.708681486081278872e-02 8.184255612697015347e-02 2.314109999999999778e-01
1.519710000000000227e-01 6.116075808575520412e-02 5.883971650501768069e-02 6.116075808575520412e-02 2.081709999999999949e-01 9.205034325055039268e-02 5.883971650501768069e-02 9.205034325055040656e-02 2.314109999999999778e-01
1.519710000000000227e-01 7.258848136081642866e-02 7.040503814012430417e-02 7.258848136081642866e-02 2.081709999999999949e-01 9.927166570862068495e-02 7.040503814012430417e-02 9.927166570862069883e-02 2.314109999999999778e-01
1.519710000000000227e-01 7.981354845454065317e-02 7.915656102074587752e-02 7.981354845454065317e-02 2.081709999999999949e-01 1.099004519078516512e-01 7.915656102074587752e-02 1.099004519078516651e-01 2.314109999999999778e-01
1.519710000000000227e-01 8.144297372998665629e-02 8.567595645367902246e-02 8.144297372998665629e-02 2.081709999999999949e-01 1.191962948554157187e-01 8.567595645367902246e-02 1.191962948554157325e-01 2.314109999999999778e-01
1.519710000000000227e-01 9.333712831598875437e-02 9.457074294226294753e-02 9.333712831598875437e-02 2.081709999999999949e-01 1.321025159746778976e-01 9.457074294226294753e-02 1.321025159746779254e-01 2.314109999999999778e-01
1.519710000000000227e-01 9.933565086674450706e-02 1.012203570341846243e-01 9.933565086674450706e-02 2.081709999999999949e-01 1.411707550931237121e-01 1.012203570341846243e-01 1.411707550931237398e-01 2.314109999999999778e-01
1.519710000000000227e-01 1.032406290495426482e-01 1.067302239765208910e-01 1.032406290495426482e-01 2.081709999999999949e-01 1.517485871345667647e-01 1.067302239765208910e-01 1.517485871345667925e-01 2.314109999999999778e-01
1.519710000000000227e-01 1.100323192834079672e-01 1.134222395147107265e-01 1.100323192834079672e-01 2.081709999999999949e-01 1.635717535443861337e-01 1.134222395147107265e-01 1.635717535443861614e-01 2.314109999999999778e-01
1.519710000000000227e-01 1.196067363394106714e-01 1.237593763077238507e-01 1.196067363394106714e-01 2.081709999999999949e-01 1.735223773372448486e-01 1.237593763077238507e-01 1.735223773372448763e-01 2.314109999999999778e-01
1.519710000000000227e-01 1.306071194236992361e-01 1.304835597576431416e-01 1.306071194236992361e-01 2.081709999999999949e-01 1.885162465696220979e-01 1.304835597576431416e-01 1.885162465696221257e-01 2.314109999999999778e-01
1.519710000000000227e-01 1.349711250351197378e-01 1.378031170807819117e-01 1.349711250351197378e-01 2.081709999999999949e-01 1.936343515736585752e-01 1.378031170807819117e-01 1.936343515736586030e-01 2.314109999999999778e-01
1.519710000000000227e-01 1.393290000000000084e-01 1.388090000000000157e-01 1.393290000000000084e-01 2.081709999999999949e-01 1.994909999999999739e-01 1.388090000000000157e-01 1.994910000000000017e-01 2.314109999999999778e-01
c: 
2.077999999999999847e+00
1.006999999999999895e+00
1.590000000000000080e+00
