CDF: 
3.200000000000000067e-01 3.900000000000000133e-01 4.299999999999999933e-01 1.000000000000000000e+00
3.300000000000000155e-01 4.199999999999999845e-01 6.800000000000000488e-01 1.000000000000000000e+00
2.700000000000000178e-01 6.199999999999999956e-01 6.899999999999999467e-01 1.000000000000000000e+00
sigma: 
2.273790000000000255e-01 1.191148681183564796e-03 1.025623166336416241e-03 1.191148681183564796e-03 1.786510000000000042e-01 7.233317180047108691e-03 1.025623166336416458e-03 7.233317180047108691e-03 1.858440000000000092e-01
2.273790000000000255e-01 1.018773279027612028e-02 1.074545335393908667e-02 1.018773279027612028e-02 1.786510000000000042e-01 1.719672473811582891e-02 1.074545335393908840e-02 1.719672473811582891e-02 1.858440000000000092e-01
2.273790000000000255e-01 2.173446572604029181e-02 1.629124751002063512e-02 2.173446572604029181e-02 1.786510000000000042e-01 1.944053341945147298e-02 1.629124751002063859e-02 1.944053341945147298e-02 1.858440000000000092e-01
2.273790000000000255e-01 2.823997469629118892e-02 2.312878173551786293e-02 2.823997469629118892e-02 1.786510000000000042e-01 2.869969321089266973e-02 2.312878173551786640e-02 2.869969321089266973e-02 1.858440000000000092e-01
2.273790000000000255e-01 3.719167636452336279e-02 2.946985983890735433e-02 3.719167636452336279e-02 1.786510000000000042e-01 4.413388312726321955e-02 2.946985983890735780e-02 4.413388312726321955e-02 1.858440000000000092e-01
2.273790000000000255e-01 4.759467479121577693e-02 4.086466546892486562e-02 4.759467479121577693e-02 1.786510000000000042e-01 4.710158261928942131e-02 4.086466546892487256e-02 4.710158261928942131e-02 1.858440000000000092e-01
2.273790000000000255e-01 5.488553267505272282e-02 4.857631030681686113e-02 5.488553267505272282e-02 1.786510000000000042e-01 5.834379193433784916e-02 4.857631030681687501e-02 5.834379193433784916e-02 1.858440000000000092e-01
2.273790000000000255e-01 6.386362282688168301e-02 5.387497354115055453e-02 6.386362282688168301e-02 1.786510000000000042e-01 7.237732565090285175e-02 5.387497354115056147e-02 7.237732565090285175e-02 1.858440000000000092e-01
2.273790000000000255e-01 7.395716669215818273e-02 6.221837015922903474e-02 7.395716669215818273e-02 1.786510000000000042e-01 7.599646087715848652e-02 6.221837015922904862e-02 7.599646087715848652e-02 1.858440000000000092e-01
2.273790000000000255e-01 7.703285810814980428e-02 6.908453664159475149e-02 7.703285810814980428e-02 1.786510000000000042e-01 8.444560350993622622e-02 6.908453664159476537e-02 8.444560350993622622e-02 1.858440000000000092e-01
2.273790000000000255e-01 8.519028123591017299e-02 7.811507668501725676e-02 8.519028123591017299e-02 1.786510000000000042e-01 9.477012558086397864e-02 7.811507668501727064e-02 9.477012558086397864e-02 1.858440000000000092e-01
2.273790000000000255e-01 9.723779187867441498e-02 8.151826336191042577e-02 9.723779187867441498e-02 1.786510000000000042e-01 1.111131975157089724e-01 8.151826336191043965e-02 1.111131975157089724e-01 1.858440000000000092e-01
2.273790000000000255e-01 1.074829105585607819e-01 9.027256018182579222e-02 1.074829105585607819e-01 1.786510000000000042e-01 1.182758586449208782e-01 9.027256018182580610e-02 1.182758586449208782e-01 1.858440000000000092e-01
2.273790000000000255e-01 1.104546443054835597e-01 9.379211963149938769e-02 1.104546443054835597e-01 1.786510000000000042e-01 1.259710015707311836e-01 9.379211963149940157e-02 1.259710015707311836e-01 1.858440000000000092e-01
2.273790000000000255e-01 1.176332058108150030e-01 1.057355331661055664e-01 1.176332058108150030e-01 1.786510000000000042e-01 1.343241987487978351e-01 1.057355331661055942e-01 1.343241987487978351e-01 1.858440000000000092e-01
2.273790000000000255e-01 1.308949885119145840e-01 1.120209412953162564e-01 1.308949885119145840e-01 1.786510000000000042e-01 1.432043589488952440e-01 1.120209412953162703e-01 1.432043589488952440e-01 1.858440000000000092e-01
2.273790000000000255e-01 1.384565047679197913e-01 1.162723977036673878e-01 1.384565047679197913e-01 1.786510000000000042e-01 1.510089991745642291e-01 1.162723977036674156e-01 1.510089991745642291e-01 1.858440000000000092e-01
2.273790000000000255e-01 1.462434312096216327e-01 1.243950393664729481e-01 1.462434312096216327e-01 1.786510000000000042e-01 1.589218746932121729e-01 1.243950393664729759e-01 1.589218746932121729e-01 1.858440000000000092e-01
2.273790000000000255e-01 1.573254739828701676e-01 1.344642968785453030e-01 1.573254739828701676e-01 1.786510000000000042e-01 1.743708567001532594e-01 1.344642968785453307e-01 1.743708567001532594e-01 1.858440000000000092e-01
2.273790000000000255e-01 1.576769999999999561e-01 1.363259999999999750e-01 1.576769999999999561e-01 1.786510000000000042e-01 1.763379999999999947e-01 1.363260000000000027e-01 1.763379999999999947e-01 1.858440000000000092e-01
c: 
1.864999999999999991e+00
1.445000000000000062e+00
1.149000000000000021e+00
