CDF: 
2.300000000000000100e-01 3.300000000000000155e-01 9.300000000000000488e-01 1.000000000000000000e+00
4.699999999999999734e-01 5.500000000000000444e-01 7.900000000000000355e-01 1.000000000000000000e+00
6.899999999999999467e-01 8.299999999999999600e-01 8.800000000000000044e-01 1.000000000000000000e+00
sigma: 
6.109999999999999459e-02 9.072210525693936555e-04 4.747829691558122793e-04 9.072210525693936555e-04 1.479159999999999919e-01 1.558253922810054178e-03 4.747829691558123335e-04 1.558253922810054178e-03 1.053760000000000252e-01
6.109999999999999459e-02 5.187381241720139154e-03 5.566328985674422886e-03 5.187381241720139154e-03 1.479159999999999919e-01 1.014570969793149834e-02 5.566328985674422886e-03 1.014570969793149834e-02 1.053760000000000252e-01
6.109999999999999459e-02 8.470208550307931072e-03 6.395905637040362642e-03 8.470208550307931072e-03 1.479159999999999919e-01 1.300267756668657855e-02 6.395905637040363509e-03 1.300267756668657855e-02 1.053760000000000252e-01
6.109999999999999459e-02 1.286341790733275953e-02 1.090631334917976578e-02 1.286341790733275953e-02 1.479159999999999919e-01 1.859376978411595230e-02 1.090631334917976578e-02 1.859376978411595230e-02 1.053760000000000252e-01
6.109999999999999459e-02 1.481479637662759877e-02 1.162499855016450520e-02 1.481479637662759877e-02 1.479159999999999919e-01 2.159084946807052902e-02 1.162499855016450694e-02 2.159084946807052902e-02 1.053760000000000252e-01
6.109999999999999459e-02 1.735938074835295664e-02 1.545719278617686473e-02 1.735938074835295664e-02 1.479159999999999919e-01 2.688554645630371331e-02 1.545719278617686647e-02 2.688554645630371331e-02 1.053760000000000252e-01
6.109999999999999459e-02 2.305580119343661472e-02 1.864174537430615328e-02 2.305580119343661472e-02 1.479159999999999919e-01 3.413610559194808769e-02 1.864174537430615675e-02 3.413610559194808769e-02 1.053760000000000252e-01
6.109999999999999459e-02 2.423907826976502006e-02 2.185635759733296421e-02 2.423907826976502006e-02 1.479159999999999919e-01 3.956649720677236221e-02 2.185635759733296768e-02 3.956649720677236221e-02 1.053760000000000252e-01
6.109999999999999459e-02 2.925404460935480261e-02 2.506870754571109000e-02 2.925404460935480261e-02 1.479159999999999919e-01 4.464058789337597283e-02 2.506870754571109347e-02 4.464058789337597283e-02 1.053760000000000252e-01
6.109999999999999459e-02 3.149409907295386973e-02 2.733074264991663255e-02 3.149409907295386973e-02 1.479159999999999919e-01 5.229385922964698702e-02 2.733074264991663602e-02 5.229385922964698702e-02 1.053760000000000252e-01
6.109999999999999459e-02 3.429556114838731157e-02 3.080595552118343267e-02 3.429556114838731157e-02 1.479159999999999919e-01 5.680742565457959359e-02 3.080595552118343614e-02 5.680742565457959359e-02 1.053760000000000252e-01
6.109999999999999459e-02 3.841943009369702677e-02 3.239824885715782143e-02 3.841943009369702677e-02 1.479159999999999919e-01 6.414334055478128349e-02 3.239824885715782837e-02 6.414334055478128349e-02 1.053760000000000252e-01
6.109999999999999459e-02 4.261222859880337693e-02 3.599226474499455514e-02 4.261222859880337693e-02 1.479159999999999919e-01 6.643857836970157305e-02 3.599226474499455514e-02 6.643857836970157305e-02 1.053760000000000252e-01
6.109999999999999459e-02 4.689381704264355272e-02 3.771558619512158095e-02 4.689381704264355272e-02 1.479159999999999919e-01 7.320652120551404685e-02 3.771558619512158789e-02 7.320652120551404685e-02 1.053760000000000252e-01
6.109999999999999459e-02 4.898842539762398446e-02 4.064458408307782683e-02 4.898842539762398446e-02 1.479159999999999919e-01 7.632428189649978489e-02 4.064458408307783377e-02 7.632428189649978489e-02 1.053760000000000252e-01
6.109999999999999459e-02 5.305291558045348993e-02 4.374961508093642981e-02 5.305291558045348993e-02 1.479159999999999919e-01 8.135135584528027652e-02 4.374961508093643675e-02 8.135135584528027652e-02 1.053760000000000252e-01
6.109999999999999459e-02 5.584491905316461835e-02 4.720501252402693748e-02 5.584491905316461835e-02 1.479159999999999919e-01 8.755505919830589012e-02 4.720501252402694442e-02 8.755505919830589012e-02 1.053760000000000252e-01
6.109999999999999459e-02 5.915030327831827250e-02 4.858587632033539022e-02 5.915030327831827250e-02 1.479159999999999919e-01 9.453864398263543689e-02 4.858587632033539716e-02 9.453864398263543689e-02 1.053760000000000252e-01
6.109999999999999459e-02 6.311079737789973554e-02 5.355215497062890129e-02 6.311079737789973554e-02 1.479159999999999919e-01 9.734332259293392020e-02 5.355215497062890823e-02 9.734332259293392020e-02 1.053760000000000252e-01
6.109999999999999459e-02 6.454000000000000015e-02 5.376000000000000223e-02 6.454000000000000015e-02 1.479159999999999919e-01 1.019040000000000085e-01 5.376000000000000917e-02 1.019040000000000085e-01 1.053760000000000252e-01
c: 
1.237000000000000099e+00
1.578999999999999959e+00
1.048000000000000043e+00
