CDF: 
1.700000000000000122e-01 2.700000000000000178e-01 5.400000000000000355e-01 1.000000000000000000e+00
1.799999999999999933e-01 5.500000000000000444e-01 5.799999999999999600e-01 1.000000000000000000e+00
1.400000000000000133e-01 4.400000000000000022e-01 4.600000000000000200e-01 1.000000000000000000e+00
sigma: 
1.614559999999999884e-01 3.511630582036746016e-03 2.150417499479101695e-03 3.511630582036745149e-03 1.835640000000000049e-01 5.568811830347068130e-04 2.150417499479101695e-03 5.568811830347070299e-04 1.855360000000000342e-01
1.614559999999999884e-01 1.563974994591128126e-02 1.433940824365287012e-02 1.563974994591127779e-02 1.835640000000000049e-01 1.377865771698680471e-02 1.433940824365287012e-02 1.377865771698680818e-02 1.855360000000000342e-01
1.614559999999999884e-01 2.244934000927682055e-02 1.809439593240284166e-02 2.244934000927681708e-02 1.835640000000000049e-01 1.643687120135941399e-02 1.809439593240284166e-02 1.643687120135942092e-02 1.855360000000000342e-01
1.614559999999999884e-01 2.682507347617846261e-02 3.256868839070552885e-02 2.682507347617845914e-02 1.835640000000000049e-01 2.980851864857487349e-02 3.256868839070552885e-02 2.980851864857488737e-02 1.855360000000000342e-01
1.614559999999999884e-01 3.627679761482706378e-02 4.058985710561153343e-02 3.627679761482705684e-02 1.835640000000000049e-01 3.591301080772680426e-02 4.058985710561153343e-02 3.591301080772681814e-02 1.855360000000000342e-01
1.614559999999999884e-01 4.586146968487183478e-02 4.860022967775285557e-02 4.586146968487182785e-02 1.835640000000000049e-01 4.771624219317815302e-02 4.860022967775285557e-02 4.771624219317817384e-02 1.855360000000000342e-01
1.614559999999999884e-01 5.186193539707809746e-02 5.285848849661035215e-02 5.186193539707809053e-02 1.835640000000000049e-01 4.977848831220031689e-02 5.285848849661035215e-02 4.977848831220033077e-02 1.855360000000000342e-01
1.614559999999999884e-01 6.332375936130470173e-02 6.465046058121057260e-02 6.332375936130468785e-02 1.835640000000000049e-01 6.264863748864195336e-02 6.465046058121057260e-02 6.264863748864198112e-02 1.855360000000000342e-01
1.614559999999999884e-01 7.277309190129258032e-02 6.866937633829714449e-02 7.277309190129256644e-02 1.835640000000000049e-01 6.858668654622773753e-02 6.866937633829714449e-02 6.858668654622776528e-02 1.855360000000000342e-01
1.614559999999999884e-01 8.382111760534513567e-02 7.879950421983808462e-02 8.382111760534512179e-02 1.835640000000000049e-01 7.404740433169904046e-02 7.879950421983808462e-02 7.404740433169905434e-02 1.855360000000000342e-01
1.614559999999999884e-01 9.303385065473815385e-02 8.364896127088260191e-02 9.303385065473813997e-02 1.835640000000000049e-01 8.608789052324940239e-02 8.364896127088260191e-02 8.608789052324944402e-02 1.855360000000000342e-01
1.614559999999999884e-01 9.816820632597673957e-02 9.116191482692098669e-02 9.816820632597672569e-02 1.835640000000000049e-01 9.651523288549222757e-02 9.116191482692098669e-02 9.651523288549226920e-02 1.855360000000000342e-01
1.614559999999999884e-01 1.029978857521983288e-01 1.030566414867177955e-01 1.029978857521983149e-01 1.835640000000000049e-01 1.016973307709789914e-01 1.030566414867177955e-01 1.016973307709790192e-01 1.855360000000000342e-01
1.614559999999999884e-01 1.186880136490185700e-01 1.070327508023126845e-01 1.186880136490185422e-01 1.835640000000000049e-01 1.133659170411645822e-01 1.070327508023126845e-01 1.133659170411646239e-01 1.855360000000000342e-01
1.614559999999999884e-01 1.226576618417594966e-01 1.181086912854845405e-01 1.226576618417594827e-01 1.835640000000000049e-01 1.195792082500044262e-01 1.181086912854845405e-01 1.195792082500044679e-01 1.855360000000000342e-01
1.614559999999999884e-01 1.307863881964089758e-01 1.288740543291759244e-01 1.307863881964089481e-01 1.835640000000000049e-01 1.278482990547230858e-01 1.288740543291759244e-01 1.278482990547231135e-01 1.855360000000000342e-01
1.614559999999999884e-01 1.387295607236615491e-01 1.384602728855250930e-01 1.387295607236615214e-01 1.835640000000000049e-01 1.308954175623045779e-01 1.384602728855250930e-01 1.308954175623046334e-01 1.855360000000000342e-01
1.614559999999999884e-01 1.510538265325805096e-01 1.443665361961193605e-01 1.510538265325804819e-01 1.835640000000000049e-01 1.399994974814615656e-01 1.443665361961193605e-01 1.399994974814616211e-01 1.855360000000000342e-01
1.614559999999999884e-01 1.580081411174694139e-01 1.496708692039452337e-01 1.580081411174693862e-01 1.835640000000000049e-01 1.503627416998112865e-01 1.496708692039452337e-01 1.503627416998113420e-01 1.855360000000000342e-01
1.614559999999999884e-01 1.616720000000000101e-01 1.552959999999999896e-01 1.616719999999999824e-01 1.835640000000000049e-01 1.543519999999999892e-01 1.552959999999999896e-01 1.543520000000000447e-01 1.855360000000000342e-01
c: 
2.257000000000000117e+00
2.019000000000000128e+00
1.062999999999999945e+00
