CDF: 
5.500000000000000444e-01 6.099999999999999867e-01 7.800000000000000266e-01 1.000000000000000000e+00
1.600000000000000033e-01 4.400000000000000022e-01 8.199999999999999512e-01 1.000000000000000000e+00
2.300000000000000100e-01 6.800000000000000488e-01 8.000000000000000444e-01 1.000000000000000000e+00
sigma: 
1.591709999999999792e-01 3.702821548663868482e-03 3.636638809261624923e-03 3.702821548663869349e-03 1.133160000000000139e-01 4.780012478306242853e-03 3.636638809261624923e-03 4.780012478306241985e-03 1.363389999999999880e-01
1.591709999999999792e-01 6.365939167327284119e-03 1.204574980429292362e-02 6.365939167327285854e-03 1.133160000000000139e-01 1.213588648445507352e-02 1.204574980429292362e-02 1.213588648445507179e-02 1.363389999999999880e-01
1.591709999999999792e-01 1.326821429894689021e-02 1.808951894381451500e-02 1.326821429894689368e-02 1.133160000000000139e-01 1.522632464988039371e-02 1.808951894381451500e-02 1.522632464988039197e-02 1.363389999999999880e-01
1.591709999999999792e-01 2.379745229709595913e-02 2.560892836676663398e-02 2.379745229709596607e-02 1.133160000000000139e-01 1.965572806327820637e-02 2.560892836676663398e-02 1.965572806327820291e-02 1.363389999999999880e-01
1.591709999999999792e-01 2.731732473000403685e-02 3.112342067586855443e-02 2.731732473000404379e-02 1.133160000000000139e-01 2.548441599269348629e-02 3.112342067586855443e-02 2.548441599269348282e-02 1.363389999999999880e-01
1.591709999999999792e-01 3.533190627220880037e-02 4.044057646142997647e-02 3.533190627220880731e-02 1.133160000000000139e-01 3.164493988800013563e-02 4.044057646142997647e-02 3.164493988800012869e-02 1.363389999999999880e-01
1.591709999999999792e-01 3.842124556780626699e-02 4.682467246758981183e-02 3.842124556780628086e-02 1.133160000000000139e-01 3.955707781397604234e-02 4.682467246758981183e-02 3.955707781397603540e-02 1.363389999999999880e-01
1.591709999999999792e-01 4.671802691982709227e-02 5.672339113881893352e-02 4.671802691982710615e-02 1.133160000000000139e-01 4.378063963821205579e-02 5.672339113881893352e-02 4.378063963821205579e-02 1.363389999999999880e-01
1.591709999999999792e-01 5.261750804212048105e-02 6.159756684677358124e-02 5.261750804212048799e-02 1.133160000000000139e-01 4.871334868496182691e-02 6.159756684677358124e-02 4.871334868496181997e-02 1.363389999999999880e-01
1.591709999999999792e-01 5.785851927036864822e-02 6.918393023158249389e-02 5.785851927036866210e-02 1.133160000000000139e-01 5.543304659223859815e-02 6.918393023158249389e-02 5.543304659223859121e-02 1.363389999999999880e-01
1.591709999999999792e-01 6.896760997055771669e-02 7.533820305859974253e-02 6.896760997055773057e-02 1.133160000000000139e-01 6.271128655143404229e-02 7.533820305859974253e-02 6.271128655143404229e-02 1.363389999999999880e-01
1.591709999999999792e-01 7.364661880867350019e-02 8.325162026992571906e-02 7.364661880867351407e-02 1.133160000000000139e-01 6.976829026529131339e-02 8.325162026992571906e-02 6.976829026529131339e-02 1.363389999999999880e-01
1.591709999999999792e-01 7.653258130381818125e-02 9.457102832322882013e-02 7.653258130381819513e-02 1.133160000000000139e-01 7.860857489427154621e-02 9.457102832322882013e-02 7.860857489427154621e-02 1.363389999999999880e-01
1.591709999999999792e-01 8.646048946271053803e-02 1.029374889408011390e-01 8.646048946271056579e-02 1.133160000000000139e-01 8.220812801980809104e-02 1.029374889408011390e-01 8.220812801980807716e-02 1.363389999999999880e-01
1.591709999999999792e-01 8.878029329855402496e-02 1.054058173633206086e-01 8.878029329855405272e-02 1.133160000000000139e-01 8.632238385887329446e-02 1.054058173633206086e-01 8.632238385887328058e-02 1.363389999999999880e-01
1.591709999999999792e-01 9.764348050053681116e-02 1.120980707604680437e-01 9.764348050053683892e-02 1.133160000000000139e-01 9.348237763162881020e-02 1.120980707604680437e-01 9.348237763162879632e-02 1.363389999999999880e-01
1.591709999999999792e-01 1.044950741869392491e-01 1.241736194103576496e-01 1.044950741869392769e-01 1.133160000000000139e-01 9.750980600542953625e-02 1.241736194103576496e-01 9.750980600542953625e-02 1.363389999999999880e-01
1.591709999999999792e-01 1.074778466026561075e-01 1.256859356919876325e-01 1.074778466026561352e-01 1.133160000000000139e-01 1.046096068374290367e-01 1.256859356919876325e-01 1.046096068374290228e-01 1.363389999999999880e-01
1.591709999999999792e-01 1.197554961063261869e-01 1.344070565373357840e-01 1.197554961063262147e-01 1.133160000000000139e-01 1.147122451966776091e-01 1.344070565373357840e-01 1.147122451966775952e-01 1.363389999999999880e-01
1.591709999999999792e-01 1.199059999999999848e-01 1.398630000000000151e-01 1.199060000000000126e-01 1.133160000000000139e-01 1.156180000000000124e-01 1.398630000000000151e-01 1.156179999999999986e-01 1.363389999999999880e-01
c: 
2.838000000000000078e+00
1.570999999999999952e+00
1.120000000000000107e+00
