CDF: 
2.600000000000000089e-01 5.699999999999999512e-01 7.099999999999999645e-01 1.000000000000000000e+00
2.099999999999999922e-01 5.200000000000000178e-01 7.700000000000000178e-01 1.000000000000000000e+00
3.900000000000000133e-01 7.299999999999999822e-01 7.500000000000000000e-01 1.000000000000000000e+00
sigma: 
1.739310000000000023e-01 3.906268907476494190e-03 2.804309210181021514e-03 3.906268907476495057e-03 1.427039999999999698e-01 3.217863075584929001e-04 2.804309210181021514e-03 3.217863075584929001e-04 1.710999999999999743e-01
1.739310000000000023e-01 1.077710180653650325e-02 9.914503579547078588e-03 1.077710180653650499e-02 1.427039999999999698e-01 8.636570898953982098e-03 9.914503579547078588e-03 8.636570898953982098e-03 1.710999999999999743e-01
1.739310000000000023e-01 2.206719968084635414e-02 1.997006247495638001e-02 2.206719968084635761e-02 1.427039999999999698e-01 1.922936681039416965e-02 1.997006247495638001e-02 1.922936681039416965e-02 1.710999999999999743e-01
1.739310000000000023e-01 2.368186320220670368e-02 3.124002426191670526e-02 2.368186320220670715e-02 1.427039999999999698e-01 2.493590150830072433e-02 3.124002426191670526e-02 2.493590150830072433e-02 1.710999999999999743e-01
1.739310000000000023e-01 3.382951615271320711e-02 3.964507813218507565e-02 3.382951615271321405e-02 1.427039999999999698e-01 3.723386692375580537e-02 3.964507813218507565e-02 3.723386692375580537e-02 1.710999999999999743e-01
1.739310000000000023e-01 4.141099684215635707e-02 4.336659373053822208e-02 4.141099684215637095e-02 1.427039999999999698e-01 3.947355668620279590e-02 4.336659373053822208e-02 3.947355668620279590e-02 1.710999999999999743e-01
1.739310000000000023e-01 5.045661914351864952e-02 5.373066611130083298e-02 5.045661914351865646e-02 1.427039999999999698e-01 5.020207977658646542e-02 5.373066611130083298e-02 5.020207977658646542e-02 1.710999999999999743e-01
1.739310000000000023e-01 5.835019507767725405e-02 6.594500141350088940e-02 5.835019507767726099e-02 1.427039999999999698e-01 5.738908189596392262e-02 6.594500141350088940e-02 5.738908189596392262e-02 1.710999999999999743e-01
1.739310000000000023e-01 6.540707103173835912e-02 7.469063937363761008e-02 6.540707103173837300e-02 1.427039999999999698e-01 6.810112465641224300e-02 7.469063937363761008e-02 6.810112465641224300e-02 1.710999999999999743e-01
1.739310000000000023e-01 6.763117616821699707e-02 8.200065500232985027e-02 6.763117616821701095e-02 1.427039999999999698e-01 7.210715795183560151e-02 8.200065500232985027e-02 7.210715795183560151e-02 1.710999999999999743e-01
1.739310000000000023e-01 8.089383153336324184e-02 8.680546941233718838e-02 8.089383153336326959e-02 1.427039999999999698e-01 8.138890028943479571e-02 8.680546941233718838e-02 8.138890028943479571e-02 1.710999999999999743e-01
1.739310000000000023e-01 8.630800337223616669e-02 9.822769635758708817e-02 8.630800337223618057e-02 1.427039999999999698e-01 8.616876874068991887e-02 9.822769635758708817e-02 8.616876874068991887e-02 1.710999999999999743e-01
1.739310000000000023e-01 9.172359048329026265e-02 1.041942655821637420e-01 9.172359048329029041e-02 1.427039999999999698e-01 1.008839492479712968e-01 1.041942655821637420e-01 1.008839492479712968e-01 1.710999999999999743e-01
1.739310000000000023e-01 9.891389429624679319e-02 1.139429518599521796e-01 9.891389429624680707e-02 1.427039999999999698e-01 1.025276356940335726e-01 1.139429518599521796e-01 1.025276356940335726e-01 1.710999999999999743e-01
1.739310000000000023e-01 1.059792772625046259e-01 1.237257139257015859e-01 1.059792772625046536e-01 1.427039999999999698e-01 1.148233715844766134e-01 1.237257139257015859e-01 1.148233715844766134e-01 1.710999999999999743e-01
1.739310000000000023e-01 1.143488202206926208e-01 1.296280249403260476e-01 1.143488202206926485e-01 1.427039999999999698e-01 1.230967829341438752e-01 1.296280249403260476e-01 1.230967829341438752e-01 1.710999999999999743e-01
1.739310000000000023e-01 1.217019560280077073e-01 1.399832121401816398e-01 1.217019560280077350e-01 1.427039999999999698e-01 1.291701491676673363e-01 1.399832121401816398e-01 1.291701491676673363e-01 1.710999999999999743e-01
1.739310000000000023e-01 1.323382851801663818e-01 1.448625277433358838e-01 1.323382851801664095e-01 1.427039999999999698e-01 1.349722969462997801e-01 1.448625277433358838e-01 1.349722969462997801e-01 1.710999999999999743e-01
1.739310000000000023e-01 1.379079322806561481e-01 1.553446073783549819e-01 1.379079322806561758e-01 1.427039999999999698e-01 1.439093734992895890e-01 1.553446073783549819e-01 1.439093734992895890e-01 1.710999999999999743e-01
1.739310000000000023e-01 1.427319999999999700e-01 1.587299999999999822e-01 1.427319999999999978e-01 1.427039999999999698e-01 1.479599999999999804e-01 1.587299999999999822e-01 1.479599999999999804e-01 1.710999999999999743e-01
c: 
1.937999999999999945e+00
2.463999999999999968e+00
2.412999999999999812e+00
