CDF: 
8.000000000000000167e-02 5.799999999999999600e-01 6.099999999999999867e-01 1.000000000000000000e+00
1.600000000000000033e-01 3.300000000000000155e-01 6.800000000000000488e-01 1.000000000000000000e+00
2.800000000000000266e-01 3.599999999999999867e-01 4.699999999999999734e-01 1.000000000000000000e+00
sigma: 
1.960989999999999678e-01 5.678530043246830805e-03 4.100831687511382120e-03 5.678530043246830805e-03 1.578360000000000318e-01 4.897673255649796428e-03 4.100831687511381253e-03 4.897673255649796428e-03 2.146589999999999887e-01
1.960989999999999678e-01 1.587705874573093479e-02 1.597862281804724588e-02 1.587705874573093479e-02 1.578360000000000318e-01 9.606741960334928138e-03 1.597862281804724241e-02 9.606741960334928138e-03 2.146589999999999887e-01
1.960989999999999678e-01 2.309093414441181630e-02 1.813853471120619940e-02 2.309093414441181630e-02 1.578360000000000318e-01 2.154377805979773228e-02 1.813853471120619593e-02 2.154377805979773228e-02 2.146589999999999887e-01
1.960989999999999678e-01 2.985254415462367666e-02 3.007096294685878898e-02 2.985254415462367666e-02 1.578360000000000318e-01 2.325652699753001998e-02 3.007096294685878551e-02 2.325652699753001998e-02 2.146589999999999887e-01
1.960989999999999678e-01 4.030452672096602323e-02 4.120075382816395376e-02 4.030452672096602323e-02 1.578360000000000318e-01 3.183393587527916929e-02 4.120075382816394682e-02 3.183393587527916929e-02 2.146589999999999887e-01
1.960989999999999678e-01 4.291663847096539863e-02 4.666665239102864987e-02 4.291663847096539863e-02 1.578360000000000318e-01 4.199791360174286864e-02 4.666665239102864293e-02 4.199791360174286864e-02 2.146589999999999887e-01
1.960989999999999678e-01 5.045415960176038300e-02 4.998795795097269595e-02 5.045415960176038300e-02 1.578360000000000318e-01 4.534084813207598513e-02 4.998795795097268901e-02 4.534084813207598513e-02 2.146589999999999887e-01
1.960989999999999678e-01 5.852991012721558278e-02 6.509234717330844577e-02 5.852991012721558278e-02 1.578360000000000318e-01 5.383359729786974662e-02 6.509234717330843190e-02 5.383359729786974662e-02 2.146589999999999887e-01
1.960989999999999678e-01 6.662104913001253015e-02 7.387337013959191512e-02 6.662104913001253015e-02 1.578360000000000318e-01 6.494304828186915624e-02 7.387337013959190124e-02 6.494304828186915624e-02 2.146589999999999887e-01
1.960989999999999678e-01 7.801284597720710423e-02 7.749440573801726073e-02 7.801284597720710423e-02 1.578360000000000318e-01 6.809992203834930313e-02 7.749440573801724685e-02 6.809992203834930313e-02 2.146589999999999887e-01
1.960989999999999678e-01 8.225381329459001412e-02 8.438650704749790787e-02 8.225381329459001412e-02 1.578360000000000318e-01 8.048569475141444107e-02 8.438650704749788012e-02 8.048569475141444107e-02 2.146589999999999887e-01
1.960989999999999678e-01 9.173574020417588071e-02 9.162310181224334049e-02 9.173574020417588071e-02 1.578360000000000318e-01 8.931512328702402581e-02 9.162310181224332661e-02 8.931512328702402581e-02 2.146589999999999887e-01
1.960989999999999678e-01 9.802834055123067769e-02 1.008405956241296975e-01 9.802834055123067769e-02 1.578360000000000318e-01 9.494117349899207359e-02 1.008405956241296836e-01 9.494117349899207359e-02 2.146589999999999887e-01
1.960989999999999678e-01 1.065254264287950753e-01 1.120884460094779822e-01 1.065254264287950753e-01 1.578360000000000318e-01 1.001313371648742401e-01 1.120884460094779683e-01 1.001313371648742401e-01 2.146589999999999887e-01
1.960989999999999678e-01 1.213802603821975135e-01 1.162802515124970321e-01 1.213802603821975135e-01 1.578360000000000318e-01 1.091550625760497883e-01 1.162802515124970182e-01 1.091550625760497883e-01 2.146589999999999887e-01
1.960989999999999678e-01 1.229418965973670813e-01 1.284358263658334498e-01 1.229418965973670813e-01 1.578360000000000318e-01 1.190087412220242474e-01 1.284358263658334220e-01 1.190087412220242474e-01 2.146589999999999887e-01
1.960989999999999678e-01 1.346849550155987951e-01 1.399219359105541294e-01 1.346849550155987951e-01 1.578360000000000318e-01 1.203393935714814206e-01 1.399219359105541016e-01 1.203393935714814206e-01 2.146589999999999887e-01
1.960989999999999678e-01 1.387918393731010502e-01 1.487833874925559297e-01 1.387918393731010502e-01 1.578360000000000318e-01 1.344357603992692163e-01 1.487833874925559019e-01 1.344357603992692163e-01 2.146589999999999887e-01
1.960989999999999678e-01 1.517888857455188534e-01 1.532853997056820017e-01 1.517888857455188534e-01 1.578360000000000318e-01 1.365549591736310298e-01 1.532853997056819739e-01 1.365549591736310298e-01 2.146589999999999887e-01
1.960989999999999678e-01 1.544419999999999960e-01 1.577210000000000001e-01 1.544419999999999960e-01 1.578360000000000318e-01 1.419180000000000164e-01 1.577209999999999723e-01 1.419180000000000164e-01 2.146589999999999887e-01
c: 
1.381000000000000005e+00
2.275999999999999801e+00
1.070000000000000062e+00
