CDF: 
1.499999999999999944e-01 1.600000000000000033e-01 2.200000000000000011e-01 1.000000000000000000e+00
6.999999999999999556e-01 8.699999999999999956e-01 8.900000000000000133e-01 1.000000000000000000e+00
6.500000000000000222e-01 7.500000000000000000e-01 9.399999999999999467e-01 1.000000000000000000e+00
sigma: 
1.403639999999999888e-01 1.476361886930035094e-03 1.367727767530883907e-03 1.476361886930034660e-03 9.689599999999998214e-02 3.340061368182356202e-03 1.367727767530883907e-03 3.340061368182356202e-03 7.006400000000000128e-02
1.403639999999999888e-01 2.656901690332974519e-03 1.934076959568563564e-03 2.656901690332974086e-03 9.689599999999998214e-02 5.400150986553630718e-03 1.934076959568563564e-03 5.400150986553630718e-03 7.006400000000000128e-02
1.403639999999999888e-01 4.560333071835441857e-03 4.249668792935767242e-03 4.560333071835440122e-03 9.689599999999998214e-02 1.100868439773565813e-02 4.249668792935767242e-03 1.100868439773565813e-02 7.006400000000000128e-02
1.403639999999999888e-01 6.162164645350191178e-03 5.602039864802159201e-03 6.162164645350189443e-03 9.689599999999998214e-02 1.129583155792848390e-02 5.602039864802159201e-03 1.129583155792848390e-02 7.006400000000000128e-02
1.403639999999999888e-01 6.624129064541340456e-03 7.427589638059383173e-03 6.624129064541338721e-03 9.689599999999998214e-02 1.628411657695243847e-02 7.427589638059383173e-03 1.628411657695243847e-02 7.006400000000000128e-02
1.403639999999999888e-01 8.414663358990149417e-03 8.785996469113049531e-03 8.414663358990147682e-03 9.689599999999998214e-02 2.047264142000034676e-02 8.785996469113049531e-03 2.047264142000034676e-02 7.006400000000000128e-02
1.403639999999999888e-01 1.071383999635220144e-02 1.100807864138427482e-02 1.071383999635219797e-02 9.689599999999998214e-02 2.523872124467929981e-02 1.100807864138427482e-02 2.523872124467929981e-02 7.006400000000000128e-02
1.403639999999999888e-01 1.196320956191556685e-02 1.125538533433688947e-02 1.196320956191556338e-02 9.689599999999998214e-02 2.980894441953804014e-02 1.125538533433688947e-02 2.980894441953804014e-02 7.006400000000000128e-02
1.403639999999999888e-01 1.252886675349795115e-02 1.422383848909663899e-02 1.252886675349794768e-02 9.689599999999998214e-02 3.297743413480716534e-02 1.422383848909663899e-02 3.297743413480716534e-02 7.006400000000000128e-02
1.403639999999999888e-01 1.549030604030883322e-02 1.442344291429951096e-02 1.549030604030882975e-02 9.689599999999998214e-02 3.627935028598451572e-02 1.442344291429951096e-02 3.627935028598451572e-02 7.006400000000000128e-02
1.403639999999999888e-01 1.661011617404983473e-02 1.679815006780440226e-02 1.661011617404983126e-02 9.689599999999998214e-02 3.747341944939391878e-02 1.679815006780440226e-02 3.747341944939391878e-02 7.006400000000000128e-02
1.403639999999999888e-01 1.774198081435649291e-02 1.901847122931615147e-02 1.774198081435648944e-02 9.689599999999998214e-02 4.306054299785390393e-02 1.901847122931615147e-02 4.306054299785390393e-02 7.006400000000000128e-02
1.403639999999999888e-01 1.988999367287249895e-02 2.005854110337487034e-02 1.988999367287249548e-02 9.689599999999998214e-02 4.529313598758406834e-02 2.005854110337487034e-02 4.529313598758406834e-02 7.006400000000000128e-02
1.403639999999999888e-01 2.094479491794561110e-02 2.088514036278812588e-02 2.094479491794560763e-02 9.689599999999998214e-02 5.030060090518297805e-02 2.088514036278812588e-02 5.030060090518297805e-02 7.006400000000000128e-02
1.403639999999999888e-01 2.185582172557429259e-02 2.347256709987690163e-02 2.185582172557428912e-02 9.689599999999998214e-02 5.351094551634930779e-02 2.347256709987690163e-02 5.351094551634930779e-02 7.006400000000000128e-02
1.403639999999999888e-01 2.391795996524235385e-02 2.482109959959935205e-02 2.391795996524234691e-02 9.689599999999998214e-02 5.756130800431825956e-02 2.482109959959935205e-02 5.756130800431825956e-02 7.006400000000000128e-02
1.403639999999999888e-01 2.616965534011407232e-02 2.567696948938850976e-02 2.616965534011406538e-02 9.689599999999998214e-02 6.062416299844034656e-02 2.567696948938850976e-02 6.062416299844034656e-02 7.006400000000000128e-02
1.403639999999999888e-01 2.738913146068022719e-02 2.803099356711377318e-02 2.738913146068022025e-02 9.689599999999998214e-02 6.558905749242416316e-02 2.803099356711377318e-02 6.558905749242416316e-02 7.006400000000000128e-02
1.403639999999999888e-01 2.815072671485641803e-02 2.999020425420108327e-02 2.815072671485641109e-02 9.689599999999998214e-02 7.081296293652543372e-02 2.999020425420108327e-02 7.081296293652543372e-02 7.006400000000000128e-02
1.403639999999999888e-01 2.948800000000000379e-02 3.026399999999999924e-02 2.948799999999999685e-02 9.689599999999998214e-02 7.108799999999999841e-02 3.026399999999999924e-02 7.108799999999999841e-02 7.006400000000000128e-02
c: 
1.504000000000000004e+00
1.437999999999999945e+00
2.134999999999999787e+00
