CDF: 
8.999999999999999667e-02 1.000000000000000056e-01 6.099999999999999867e-01 1.000000000000000000e+00
1.400000000000000133e-01 2.000000000000000111e-01 2.899999999999999800e-01 1.000000000000000000e+00
1.700000000000000122e-01 2.099999999999999922e-01 5.899999999999999689e-01 1.000000000000000000e+00
sigma: 
1.167839999999999989e-01 3.776900281242626112e-03 4.322713284710024383e-03 3.776900281242626112e-03 1.522360000000000102e-01 4.021257427877304204e-03 4.322713284710023515e-03 4.021257427877304204e-03 1.474999999999999922e-01
1.167839999999999989e-01 6.659205718983051553e-03 1.028847975841794445e-02 6.659205718983051553e-03 1.522360000000000102e-01 9.130755645759151828e-03 1.028847975841794271e-02 9.130755645759151828e-03 1.474999999999999922e-01
1.167839999999999989e-01 1.334102983353865554e-02 1.711394476829877428e-02 1.334102983353865554e-02 1.522360000000000102e-01 1.628213380399331708e-02 1.711394476829877082e-02 1.628213380399331708e-02 1.474999999999999922e-01
1.167839999999999989e-01 1.517669789552432077e-02 2.293961730261185814e-02 1.517669789552432077e-02 1.522360000000000102e-01 2.339939902853036685e-02 2.293961730261185814e-02 2.339939902853036685e-02 1.474999999999999922e-01
1.167839999999999989e-01 2.232957952473568763e-02 2.995779380086293839e-02 2.232957952473568763e-02 1.522360000000000102e-01 2.683368229894263560e-02 2.995779380086293492e-02 2.683368229894263560e-02 1.474999999999999922e-01
1.167839999999999989e-01 2.613658260219919871e-02 3.689664037227170096e-02 2.613658260219919871e-02 1.522360000000000102e-01 3.123674340668505453e-02 3.689664037227169402e-02 3.123674340668505453e-02 1.474999999999999922e-01
1.167839999999999989e-01 3.138714269407477664e-02 3.932600117220066277e-02 3.138714269407477664e-02 1.522360000000000102e-01 3.891325066823669854e-02 3.932600117220065583e-02 3.891325066823669854e-02 1.474999999999999922e-01
1.167839999999999989e-01 3.558207377402310134e-02 5.056324191324290673e-02 3.558207377402310134e-02 1.522360000000000102e-01 4.735148537629006726e-02 5.056324191324289979e-02 4.735148537629006726e-02 1.474999999999999922e-01
1.167839999999999989e-01 3.964916960262072215e-02 5.255988109862132912e-02 3.964916960262072215e-02 1.522360000000000102e-01 5.176179742884267493e-02 5.255988109862132912e-02 5.176179742884267493e-02 1.474999999999999922e-01
1.167839999999999989e-01 4.279650355392734806e-02 6.127171400345531732e-02 4.279650355392734806e-02 1.522360000000000102e-01 5.481710215529853047e-02 6.127171400345531038e-02 5.481710215529853047e-02 1.474999999999999922e-01
1.167839999999999989e-01 4.648045850109001897e-02 7.063076929965292350e-02 4.648045850109001897e-02 1.522360000000000102e-01 6.466896844005970424e-02 7.063076929965290962e-02 6.466896844005970424e-02 1.474999999999999922e-01
1.167839999999999989e-01 5.337376735952759077e-02 7.324852336760330485e-02 5.337376735952759077e-02 1.522360000000000102e-01 6.794924113843332780e-02 7.324852336760329097e-02 6.794924113843332780e-02 1.474999999999999922e-01
1.167839999999999989e-01 5.804250203146488207e-02 8.258244484508792116e-02 5.804250203146488207e-02 1.522360000000000102e-01 7.667486608771297008e-02 8.258244484508792116e-02 7.667486608771297008e-02 1.474999999999999922e-01
1.167839999999999989e-01 5.953069430565081921e-02 8.371970650852347817e-02 5.953069430565081921e-02 1.522360000000000102e-01 8.205243903474687683e-02 8.371970650852346429e-02 8.205243903474687683e-02 1.474999999999999922e-01
1.167839999999999989e-01 6.536510718607806136e-02 9.505875632196542080e-02 6.536510718607806136e-02 1.522360000000000102e-01 8.456208057502428987e-02 9.505875632196540692e-02 8.456208057502428987e-02 1.474999999999999922e-01
1.167839999999999989e-01 6.966578188472989652e-02 1.003551019448223058e-01 6.966578188472989652e-02 1.522360000000000102e-01 8.977320496881754930e-02 1.003551019448222920e-01 8.977320496881754930e-02 1.474999999999999922e-01
1.167839999999999989e-01 7.464990050053964266e-02 1.086266431971778385e-01 7.464990050053964266e-02 1.522360000000000102e-01 9.585043534814433053e-02 1.086266431971778246e-01 9.585043534814433053e-02 1.474999999999999922e-01
1.167839999999999989e-01 7.821314856451136444e-02 1.101533589502641380e-01 7.821314856451136444e-02 1.522360000000000102e-01 1.040053091707086874e-01 1.101533589502641242e-01 1.040053091707086874e-01 1.474999999999999922e-01
1.167839999999999989e-01 8.277029656531059709e-02 1.190971443256140100e-01 8.277029656531059709e-02 1.522360000000000102e-01 1.082218670857397480e-01 1.190971443256139961e-01 1.082218670857397480e-01 1.474999999999999922e-01
1.167839999999999989e-01 8.543200000000000793e-02 1.222799999999999998e-01 8.543200000000000793e-02 1.522360000000000102e-01 1.127400000000000069e-01 1.222799999999999859e-01 1.127400000000000069e-01 1.474999999999999922e-01
c: 
2.829000000000000181e+00
1.747999999999999998e+00
2.442000000000000171e+00
