CDF: 
1.000000000000000056e-01 4.299999999999999933e-01 7.099999999999999645e-01 1.000000000000000000e+00
2.500000000000000000e-01 3.400000000000000244e-01 4.099999999999999756e-01 1.000000000000000000e+00
3.499999999999999778e-01 3.800000000000000044e-01 5.300000000000000266e-01 1.000000000000000000e+00
sigma: 
1.528510000000000146e-01 6.173044501160793347e-03 5.574818674675569366e-03 6.173044501160791613e-03 2.127999999999999892e-01 7.416161028313210390e-03 5.574818674675569366e-03 7.416161028313210390e-03 2.154760000000000009e-01
1.528510000000000146e-01 9.007717307500065496e-03 9.959444967114761127e-03 9.007717307500063761e-03 2.127999999999999892e-01 1.018824038356183105e-02 9.959444967114761127e-03 1.018824038356183105e-02 2.154760000000000009e-01
1.528510000000000146e-01 1.825654910252096086e-02 2.044315277453631965e-02 1.825654910252095739e-02 2.127999999999999892e-01 2.735438538113902848e-02 2.044315277453631965e-02 2.735438538113902848e-02 2.154760000000000009e-01
1.528510000000000146e-01 2.324979508486831048e-02 2.662682980209068323e-02 2.324979508486830701e-02 2.127999999999999892e-01 3.871121032308003085e-02 2.662682980209068323e-02 3.871121032308003085e-02 2.154760000000000009e-01
1.528510000000000146e-01 2.806205682425619991e-02 3.153228213720749018e-02 2.806205682425619297e-02 2.127999999999999892e-01 4.449101078432565748e-02 3.153228213720749018e-02 4.449101078432565748e-02 2.154760000000000009e-01
1.528510000000000146e-01 3.429982847118700356e-02 3.891339669620949571e-02 3.429982847118699663e-02 2.127999999999999892e-01 5.722699850716038428e-02 3.891339669620949571e-02 5.722699850716038428e-02 2.154760000000000009e-01
1.528510000000000146e-01 4.151814756449866833e-02 4.754033993281935044e-02 4.151814756449865446e-02 2.127999999999999892e-01 6.919566178299710324e-02 4.754033993281935044e-02 6.919566178299710324e-02 2.154760000000000009e-01
1.528510000000000146e-01 4.892597418885849536e-02 5.981917146006470593e-02 4.892597418885848148e-02 2.127999999999999892e-01 7.563892722597759244e-02 5.981917146006470593e-02 7.563892722597759244e-02 2.154760000000000009e-01
1.528510000000000146e-01 5.702515031120776456e-02 6.648437584969428549e-02 5.702515031120775069e-02 2.127999999999999892e-01 8.367795336661881800e-02 6.648437584969428549e-02 8.367795336661881800e-02 2.154760000000000009e-01
1.528510000000000146e-01 6.211724595674525395e-02 7.224217533959888249e-02 6.211724595674524008e-02 2.127999999999999892e-01 9.623975642638143979e-02 7.224217533959888249e-02 9.623975642638143979e-02 2.154760000000000009e-01
1.528510000000000146e-01 7.241444634843716144e-02 8.039411718959667275e-02 7.241444634843714756e-02 2.127999999999999892e-01 1.043898852868880150e-01 8.039411718959667275e-02 1.043898852868880150e-01 2.154760000000000009e-01
1.528510000000000146e-01 7.746960824743447105e-02 8.389480636755532184e-02 7.746960824743445717e-02 2.127999999999999892e-01 1.099786976013008150e-01 8.389480636755532184e-02 1.099786976013008150e-01 2.154760000000000009e-01
1.528510000000000146e-01 8.096276438880048443e-02 9.475007426078434214e-02 8.096276438880047055e-02 2.127999999999999892e-01 1.227928968457435294e-01 9.475007426078434214e-02 1.227928968457435294e-01 2.154760000000000009e-01
1.528510000000000146e-01 9.250215567506224479e-02 1.030983894373423415e-01 9.250215567506221703e-02 2.127999999999999892e-01 1.368454961489245225e-01 1.030983894373423415e-01 1.368454961489245225e-01 2.154760000000000009e-01
1.528510000000000146e-01 9.761594250851705901e-02 1.067485880101664147e-01 9.761594250851703125e-02 2.127999999999999892e-01 1.481130039004675270e-01 1.067485880101664147e-01 1.481130039004675270e-01 2.154760000000000009e-01
1.528510000000000146e-01 1.044555410157187447e-01 1.186901561813100553e-01 1.044555410157187170e-01 2.127999999999999892e-01 1.542968274087142821e-01 1.186901561813100553e-01 1.542968274087142821e-01 2.154760000000000009e-01
1.528510000000000146e-01 1.104498258499557600e-01 1.283188456738635352e-01 1.104498258499557323e-01 2.127999999999999892e-01 1.659529569061252985e-01 1.283188456738635352e-01 1.659529569061252985e-01 2.154760000000000009e-01
1.528510000000000146e-01 1.171092322459256763e-01 1.346135336023099316e-01 1.171092322459256485e-01 2.127999999999999892e-01 1.694133927211974588e-01 1.346135336023099316e-01 1.694133927211974588e-01 2.154760000000000009e-01
1.528510000000000146e-01 1.208429352719945921e-01 1.370942013896040701e-01 1.208429352719945643e-01 2.127999999999999892e-01 1.795731129931237569e-01 1.370942013896040701e-01 1.795731129931237569e-01 2.154760000000000009e-01
1.528510000000000146e-01 1.266599999999999948e-01 1.439739999999999909e-01 1.266599999999999671e-01 2.127999999999999892e-01 1.884399999999999964e-01 1.439739999999999909e-01 1.884399999999999964e-01 2.154760000000000009e-01
c: 
1.560999999999999943e+00
2.736000000000000210e+00
2.240000000000000213e+00
