CDF: 
5.999999999999999778e-02 5.000000000000000000e-01 6.800000000000000488e-01 1.000000000000000000e+00
2.500000000000000000e-01 6.199999999999999956e-01 7.099999999999999645e-01 1.000000000000000000e+00
1.100000000000000006e-01 4.699999999999999734e-01 5.400000000000000355e-01 1.000000000000000000e+00
sigma: 
1.658760000000000234e-01 3.599405436533692406e-03 1.362366134289778137e-03 3.599405436533692406e-03 1.764839999999999742e-01 5.749986947423507385e-04 1.362366134289777920e-03 5.749986947423506300e-04 2.026109999999999856e-01
1.658760000000000234e-01 1.159079965922136558e-02 9.468617061839787116e-03 1.159079965922136558e-02 1.764839999999999742e-01 7.931481903677648979e-03 9.468617061839785382e-03 7.931481903677647244e-03 2.026109999999999856e-01
1.658760000000000234e-01 2.319901532864770619e-02 2.236240565604271160e-02 2.319901532864770619e-02 1.764839999999999742e-01 2.092799912987033245e-02 2.236240565604270814e-02 2.092799912987032898e-02 2.026109999999999856e-01
1.658760000000000234e-01 2.682376616154930060e-02 2.979129163327700128e-02 2.682376616154930060e-02 1.764839999999999742e-01 3.038587065073264024e-02 2.979129163327699781e-02 3.038587065073263330e-02 2.026109999999999856e-01
1.658760000000000234e-01 4.103218922300667232e-02 3.343854742019071458e-02 4.103218922300667232e-02 1.764839999999999742e-01 3.410250943056488543e-02 3.343854742019070764e-02 3.410250943056487849e-02 2.026109999999999856e-01
1.658760000000000234e-01 5.104965227057157995e-02 4.567560568643407037e-02 5.104965227057157995e-02 1.764839999999999742e-01 4.249372076244823521e-02 4.567560568643406343e-02 4.249372076244822827e-02 2.026109999999999856e-01
1.658760000000000234e-01 5.885916914635742209e-02 5.455381883322001080e-02 5.885916914635742209e-02 1.764839999999999742e-01 4.947067750510217299e-02 5.455381883321999692e-02 4.947067750510216605e-02 2.026109999999999856e-01
1.658760000000000234e-01 6.788617322921194908e-02 6.043656141016084254e-02 6.788617322921194908e-02 1.764839999999999742e-01 5.414351141476363843e-02 6.043656141016082867e-02 5.414351141476363150e-02 2.026109999999999856e-01
1.658760000000000234e-01 6.868175152868247202e-02 6.947736323677992931e-02 6.868175152868247202e-02 1.764839999999999742e-01 6.346515725966846155e-02 6.947736323677991543e-02 6.346515725966844768e-02 2.026109999999999856e-01
1.658760000000000234e-01 7.769828378801769964e-02 7.677721258488023892e-02 7.769828378801769964e-02 1.764839999999999742e-01 7.424863941177960169e-02 7.677721258488022504e-02 7.424863941177958782e-02 2.026109999999999856e-01
1.658760000000000234e-01 9.273670192136425350e-02 8.410780756948306458e-02 9.273670192136425350e-02 1.764839999999999742e-01 7.896920147165630011e-02 8.410780756948305070e-02 7.896920147165628623e-02 2.026109999999999856e-01
1.658760000000000234e-01 9.538551341829022701e-02 9.274319869671145133e-02 9.538551341829022701e-02 1.764839999999999742e-01 8.879307994880798749e-02 9.274319869671143746e-02 8.879307994880795973e-02 2.026109999999999856e-01
1.658760000000000234e-01 1.093624606471080701e-01 1.007973781506197042e-01 1.093624606471080701e-01 1.764839999999999742e-01 9.332028545890562465e-02 1.007973781506196764e-01 9.332028545890559690e-02 2.026109999999999856e-01
1.658760000000000234e-01 1.167029739246888964e-01 1.064833254802965978e-01 1.167029739246888964e-01 1.764839999999999742e-01 1.007219859626923147e-01 1.064833254802965840e-01 1.007219859626922870e-01 2.026109999999999856e-01
1.658760000000000234e-01 1.260673249310948763e-01 1.200515852852325205e-01 1.260673249310948763e-01 1.764839999999999742e-01 1.132664676493506106e-01 1.200515852852324927e-01 1.132664676493505967e-01 2.026109999999999856e-01
1.658760000000000234e-01 1.306425976182801763e-01 1.286551564273982207e-01 1.306425976182801763e-01 1.764839999999999742e-01 1.200906317262530054e-01 1.286551564273981929e-01 1.200906317262529915e-01 2.026109999999999856e-01
1.658760000000000234e-01 1.416873605911741496e-01 1.313445035067527522e-01 1.416873605911741496e-01 1.764839999999999742e-01 1.304743789688699862e-01 1.313445035067527245e-01 1.304743789688699585e-01 2.026109999999999856e-01
1.658760000000000234e-01 1.482423146213509291e-01 1.429157326122548755e-01 1.482423146213509291e-01 1.764839999999999742e-01 1.381795389991435918e-01 1.429157326122548477e-01 1.381795389991435641e-01 2.026109999999999856e-01
1.658760000000000234e-01 1.617300845415362842e-01 1.492641767035522982e-01 1.617300845415362842e-01 1.764839999999999742e-01 1.430093319133976526e-01 1.492641767035522704e-01 1.430093319133976248e-01 2.026109999999999856e-01
1.658760000000000234e-01 1.625280000000000058e-01 1.539940000000000198e-01 1.625280000000000058e-01 1.764839999999999742e-01 1.462819999999999954e-01 1.539939999999999920e-01 1.462819999999999676e-01 2.026109999999999856e-01
c: 
1.449000000000000066e+00
1.298999999999999932e+00
2.370000000000000107e+00
