CDF: 
1.900000000000000022e-01 2.899999999999999800e-01 3.699999999999999956e-01 1.000000000000000000e+00
4.600000000000000200e-01 6.600000000000000311e-01 7.800000000000000266e-01 1.000000000000000000e+00
1.499999999999999944e-01 2.700000000000000178e-01 5.999999999999999778e-01 1.000000000000000000e+00
sigma: 
1.973039999999999794e-01 3.220270890164393923e-03 4.666483738568208244e-03 3.220270890164394356e-03 1.566240000000000132e-01 2.846497906872937772e-03 4.666483738568208244e-03 2.846497906872937772e-03 1.697790000000000132e-01
1.973039999999999794e-01 9.504107563247925217e-03 1.095969939531952347e-02 9.504107563247926951e-03 1.566240000000000132e-01 8.391161311003239934e-03 1.095969939531952347e-02 8.391161311003239934e-03 1.697790000000000132e-01
1.973039999999999794e-01 1.119041969650161165e-02 1.645786190067661039e-02 1.119041969650161339e-02 1.566240000000000132e-01 1.765672657662768416e-02 1.645786190067661039e-02 1.765672657662768416e-02 1.697790000000000132e-01
1.973039999999999794e-01 1.846131104402353937e-02 2.677981942333220594e-02 1.846131104402354284e-02 1.566240000000000132e-01 2.109948225682201431e-02 2.677981942333220594e-02 2.109948225682201431e-02 1.697790000000000132e-01
1.973039999999999794e-01 2.315491182795493749e-02 3.611312347422194341e-02 2.315491182795494096e-02 1.566240000000000132e-01 3.107866031472621832e-02 3.611312347422194341e-02 3.107866031472621832e-02 1.697790000000000132e-01
1.973039999999999794e-01 2.676488468750788663e-02 4.073399433910081247e-02 2.676488468750789010e-02 1.566240000000000132e-01 3.313714781014062000e-02 4.073399433910081247e-02 3.313714781014062000e-02 1.697790000000000132e-01
1.973039999999999794e-01 3.374028851476550822e-02 4.883973008266911248e-02 3.374028851476551516e-02 1.566240000000000132e-01 4.454197626517196473e-02 4.883973008266911248e-02 4.454197626517196473e-02 1.697790000000000132e-01
1.973039999999999794e-01 3.537866200404176514e-02 5.576513051115924297e-02 3.537866200404176514e-02 1.566240000000000132e-01 4.929106304548405010e-02 5.576513051115924297e-02 4.929106304548405010e-02 1.697790000000000132e-01
1.973039999999999794e-01 4.289966870245958547e-02 6.235173260516264915e-02 4.289966870245959241e-02 1.566240000000000132e-01 5.753968247177365658e-02 6.235173260516264915e-02 5.753968247177365658e-02 1.697790000000000132e-01
1.973039999999999794e-01 4.473153349527995287e-02 7.265519760547586858e-02 4.473153349527995981e-02 1.566240000000000132e-01 6.164674084601616533e-02 7.265519760547586858e-02 6.164674084601616533e-02 1.697790000000000132e-01
1.973039999999999794e-01 4.951103315639392155e-02 7.921526696769384812e-02 4.951103315639392849e-02 1.566240000000000132e-01 6.613768315371841566e-02 7.921526696769384812e-02 6.613768315371841566e-02 1.697790000000000132e-01
1.973039999999999794e-01 5.567039650970023040e-02 8.366075979250386929e-02 5.567039650970023734e-02 1.566240000000000132e-01 7.379070628825633305e-02 8.366075979250386929e-02 7.379070628825633305e-02 1.697790000000000132e-01
1.973039999999999794e-01 5.872136590744871792e-02 8.962505548570511016e-02 5.872136590744872486e-02 1.566240000000000132e-01 7.970232173079218330e-02 8.962505548570511016e-02 7.970232173079218330e-02 1.697790000000000132e-01
1.973039999999999794e-01 6.556443091319485994e-02 9.949739093449594396e-02 6.556443091319487382e-02 1.566240000000000132e-01 8.821826345351647947e-02 9.949739093449594396e-02 8.821826345351647947e-02 1.697790000000000132e-01
1.973039999999999794e-01 7.314651291660170807e-02 1.020227246871378002e-01 7.314651291660172194e-02 1.566240000000000132e-01 9.409572418940985450e-02 1.020227246871378002e-01 9.409572418940985450e-02 1.697790000000000132e-01
1.973039999999999794e-01 7.413787397689039493e-02 1.116624149640838837e-01 7.413787397689040881e-02 1.566240000000000132e-01 1.005695929047184800e-01 1.116624149640838837e-01 1.005695929047184800e-01 1.697790000000000132e-01
1.973039999999999794e-01 8.183873549539356917e-02 1.205489220894091357e-01 8.183873549539358305e-02 1.566240000000000132e-01 1.107854231221576669e-01 1.205489220894091357e-01 1.107854231221576669e-01 1.697790000000000132e-01
1.973039999999999794e-01 8.617692180146760417e-02 1.272987561925965905e-01 8.617692180146760417e-02 1.566240000000000132e-01 1.181306794418966188e-01 1.272987561925965905e-01 1.181306794418966188e-01 1.697790000000000132e-01
1.973039999999999794e-01 9.178280430181182115e-02 1.336848136392464470e-01 9.178280430181183502e-02 1.566240000000000132e-01 1.187640987012006516e-01 1.336848136392464470e-01 1.187640987012006516e-01 1.697790000000000132e-01
1.973039999999999794e-01 9.273599999999999899e-02 1.382960000000000023e-01 9.273600000000001287e-02 1.566240000000000132e-01 1.251639999999999975e-01 1.382960000000000023e-01 1.251639999999999975e-01 1.697790000000000132e-01
c: 
2.447000000000000064e+00
2.236000000000000210e+00
1.885000000000000009e+00
