CDF: 
7.000000000000000666e-02 4.299999999999999933e-01 5.100000000000000089e-01 1.000000000000000000e+00
3.499999999999999778e-01 4.600000000000000200e-01 4.699999999999999734e-01 1.000000000000000000e+00
5.000000000000000278e-02 5.999999999999999778e-02 5.799999999999999600e-01 1.000000000000000000e+00
sigma: 
1.643640000000000101e-01 7.330059649446401919e-03 4.630173110776328663e-03 7.330059649446403654e-03 2.268640000000000656e-01 2.157151311591544180e-03 4.630173110776328663e-03 2.157151311591544180e-03 1.066999999999999893e-01
1.643640000000000101e-01 1.377816959380395549e-02 7.419758612977006215e-03 1.377816959380395723e-02 2.268640000000000656e-01 1.237427175911761865e-02 7.419758612977006215e-03 1.237427175911762038e-02 1.066999999999999893e-01
1.643640000000000101e-01 2.521543969504398339e-02 1.248358021593459939e-02 2.521543969504398686e-02 2.268640000000000656e-01 1.794308171609818384e-02 1.248358021593459939e-02 1.794308171609818384e-02 1.066999999999999893e-01
1.643640000000000101e-01 3.156535676878167301e-02 1.960091213755056280e-02 3.156535676878167995e-02 2.268640000000000656e-01 2.137766086205778945e-02 1.960091213755056280e-02 2.137766086205779292e-02 1.066999999999999893e-01
1.643640000000000101e-01 4.467658872413478310e-02 2.436364993682174976e-02 4.467658872413479004e-02 2.268640000000000656e-01 2.749995188747319727e-02 2.436364993682174976e-02 2.749995188747320074e-02 1.066999999999999893e-01
1.643640000000000101e-01 5.740167268757174340e-02 3.585584011429308882e-02 5.740167268757175034e-02 2.268640000000000656e-01 3.912250360775663266e-02 3.585584011429308882e-02 3.912250360775663266e-02 1.066999999999999893e-01
1.643640000000000101e-01 6.065462727788757669e-02 4.233028647090607277e-02 6.065462727788758363e-02 2.268640000000000656e-01 4.160417391578762752e-02 4.233028647090607277e-02 4.160417391578763446e-02 1.066999999999999893e-01
1.643640000000000101e-01 6.866987377046283869e-02 4.310037297707036696e-02 6.866987377046283869e-02 2.268640000000000656e-01 5.177777898713450955e-02 4.310037297707036696e-02 5.177777898713451649e-02 1.066999999999999893e-01
1.643640000000000101e-01 8.451156415494655294e-02 5.097568437866377422e-02 8.451156415494656682e-02 2.268640000000000656e-01 5.483277262968449389e-02 5.097568437866377422e-02 5.483277262968450083e-02 1.066999999999999893e-01
1.643640000000000101e-01 9.076415724387404405e-02 5.771846376189564837e-02 9.076415724387405792e-02 2.268640000000000656e-01 6.085320366662328589e-02 5.771846376189564837e-02 6.085320366662329283e-02 1.066999999999999893e-01
1.643640000000000101e-01 9.807403686812721233e-02 6.566590782797540604e-02 9.807403686812722621e-02 2.268640000000000656e-01 6.537004265043988571e-02 6.566590782797540604e-02 6.537004265043988571e-02 1.066999999999999893e-01
1.643640000000000101e-01 1.091553318995814176e-01 6.760615542459863514e-02 1.091553318995814315e-01 2.268640000000000656e-01 7.302550140041626225e-02 6.760615542459863514e-02 7.302550140041627613e-02 1.066999999999999893e-01
1.643640000000000101e-01 1.227465450813035736e-01 7.531086544044687803e-02 1.227465450813035874e-01 2.268640000000000656e-01 8.272368965358643800e-02 7.531086544044687803e-02 8.272368965358645188e-02 1.066999999999999893e-01
1.643640000000000101e-01 1.256567787528915792e-01 8.490764162230352019e-02 1.256567787528915792e-01 2.268640000000000656e-01 8.862803380783663976e-02 8.490764162230352019e-02 8.862803380783665363e-02 1.066999999999999893e-01
1.643640000000000101e-01 1.406761579361020809e-01 8.532332910989592900e-02 1.406761579361020809e-01 2.268640000000000656e-01 9.682001990610414333e-02 8.532332910989592900e-02 9.682001990610414333e-02 1.066999999999999893e-01
1.643640000000000101e-01 1.538217546185239315e-01 9.150187264347790783e-02 1.538217546185239593e-01 2.268640000000000656e-01 1.012846051563243144e-01 9.150187264347790783e-02 1.012846051563243283e-01 1.066999999999999893e-01
1.643640000000000101e-01 1.547403959798539230e-01 9.804255716220362793e-02 1.547403959798539508e-01 2.268640000000000656e-01 1.054983237005943930e-01 9.804255716220362793e-02 1.054983237005944069e-01 1.066999999999999893e-01
1.643640000000000101e-01 1.641571105790882168e-01 1.062964107900873229e-01 1.641571105790882446e-01 2.268640000000000656e-01 1.165767764645937593e-01 1.062964107900873229e-01 1.165767764645937732e-01 1.066999999999999893e-01
1.643640000000000101e-01 1.778245293541134142e-01 1.119373664802559704e-01 1.778245293541134420e-01 2.268640000000000656e-01 1.181597291416537354e-01 1.119373664802559704e-01 1.181597291416537493e-01 1.066999999999999893e-01
1.643640000000000101e-01 1.829360000000000153e-01 1.153799999999999826e-01 1.829360000000000430e-01 2.268640000000000656e-01 1.241199999999999942e-01 1.153799999999999826e-01 1.241200000000000081e-01 1.066999999999999893e-01
c: 
1.403999999999999915e+00
2.415000000000000036e+00
2.434000000000000163e+00
