CDF: 
4.299999999999999933e-01 4.799999999999999822e-01 8.399999999999999689e-01 1.000000000000000000e+00
2.300000000000000100e-01 3.900000000000000133e-01 8.900000000000000133e-01 1.000000000000000000e+00
5.500000000000000444e-01 7.800000000000000266e-01 9.000000000000000222e-01 1.000000000000000000e+00
sigma: 
1.183710000000000040e-01 4.145093271235872172e-03 3.019978552104352672e-03 4.145093271235873039e-03 8.042399999999999549e-02 3.748597416173343397e-03 3.019978552104353106e-03 3.748597416173343397e-03 8.781899999999999429e-02
1.183710000000000040e-01 5.579403322657354967e-03 8.749800784826435029e-03 5.579403322657355835e-03 8.042399999999999549e-02 5.812715574808309874e-03 8.749800784826436764e-03 5.812715574808309874e-03 8.781899999999999429e-02
1.183710000000000040e-01 1.245394894722230521e-02 1.250583133432794057e-02 1.245394894722230694e-02 8.042399999999999549e-02 1.166752867868186064e-02 1.250583133432794231e-02 1.166752867868186064e-02 8.781899999999999429e-02
1.183710000000000040e-01 1.405419629732423438e-02 1.749670981334304834e-02 1.405419629732423611e-02 8.042399999999999549e-02 1.234565968351123040e-02 1.749670981334305181e-02 1.234565968351123040e-02 8.781899999999999429e-02
1.183710000000000040e-01 2.089728888462872095e-02 2.055336425379264767e-02 2.089728888462872441e-02 8.042399999999999549e-02 1.701254773114353053e-02 2.055336425379265114e-02 1.701254773114353053e-02 8.781899999999999429e-02
1.183710000000000040e-01 2.556926865300463564e-02 2.363003456294412649e-02 2.556926865300463911e-02 8.042399999999999549e-02 2.300149339335540513e-02 2.363003456294412996e-02 2.300149339335540513e-02 8.781899999999999429e-02
1.183710000000000040e-01 2.767146127739085470e-02 2.932315595410174905e-02 2.767146127739085817e-02 8.042399999999999549e-02 2.644594484407928464e-02 2.932315595410175252e-02 2.644594484407928464e-02 8.781899999999999429e-02
1.183710000000000040e-01 3.459016760649094580e-02 3.573596628812008430e-02 3.459016760649095273e-02 8.042399999999999549e-02 3.041497517078068161e-02 3.573596628812009124e-02 3.041497517078068161e-02 8.781899999999999429e-02
1.183710000000000040e-01 3.653310788870624964e-02 3.709522861644708874e-02 3.653310788870625658e-02 8.042399999999999549e-02 3.506193824165502321e-02 3.709522861644709568e-02 3.506193824165502321e-02 8.781899999999999429e-02
1.183710000000000040e-01 4.143931694613136457e-02 4.233510044051063542e-02 4.143931694613136457e-02 8.042399999999999549e-02 3.762364013354305148e-02 4.233510044051064236e-02 3.762364013354305148e-02 8.781899999999999429e-02
1.183710000000000040e-01 4.425492338540935183e-02 4.639885935907191172e-02 4.425492338540935877e-02 8.042399999999999549e-02 4.189704422618886759e-02 4.639885935907191866e-02 4.189704422618886759e-02 8.781899999999999429e-02
1.183710000000000040e-01 5.193842287174610384e-02 5.312880320701625358e-02 5.193842287174611078e-02 8.042399999999999549e-02 4.637680697120590695e-02 5.312880320701626052e-02 4.637680697120590695e-02 8.781899999999999429e-02
1.183710000000000040e-01 5.399838768195257960e-02 5.635546943881646065e-02 5.399838768195258654e-02 8.042399999999999549e-02 5.003479157526892485e-02 5.635546943881646759e-02 5.003479157526892485e-02 8.781899999999999429e-02
1.183710000000000040e-01 6.030695239483573750e-02 6.113234792854346789e-02 6.030695239483574444e-02 8.042399999999999549e-02 5.530206286946764971e-02 6.113234792854348176e-02 5.530206286946764971e-02 8.781899999999999429e-02
1.183710000000000040e-01 6.479424070004137504e-02 6.514994134454521468e-02 6.479424070004138891e-02 8.042399999999999549e-02 5.671926609261818825e-02 6.514994134454522856e-02 5.671926609261818825e-02 8.781899999999999429e-02
1.183710000000000040e-01 6.663109410194786864e-02 7.254828375930891249e-02 6.663109410194788251e-02 8.042399999999999549e-02 6.128574970597900490e-02 7.254828375930892637e-02 6.128574970597900490e-02 8.781899999999999429e-02
1.183710000000000040e-01 7.156277607657518525e-02 7.387021215056069345e-02 7.156277607657519912e-02 8.042399999999999549e-02 6.424715858696344872e-02 7.387021215056069345e-02 6.424715858696344872e-02 8.781899999999999429e-02
1.183710000000000040e-01 7.875827502604330899e-02 7.779653615375171916e-02 7.875827502604330899e-02 8.042399999999999549e-02 7.173620867007604596e-02 7.779653615375173303e-02 7.173620867007604596e-02 8.781899999999999429e-02
1.183710000000000040e-01 8.244926655492931800e-02 8.453392308229257246e-02 8.244926655492933187e-02 8.042399999999999549e-02 7.535732707189177204e-02 8.453392308229258634e-02 7.535732707189177204e-02 8.781899999999999429e-02
1.183710000000000040e-01 8.355200000000000127e-02 8.689299999999999802e-02 8.355200000000001515e-02 8.042399999999999549e-02 7.591599999999999737e-02 8.689300000000001190e-02 7.591599999999999737e-02 8.781899999999999429e-02
c: 
2.972999999999999865e+00
1.602999999999999980e+00
1.602999999999999980e+00
