CDF: 
2.999999999999999889e-01 4.699999999999999734e-01 4.899999999999999911e-01 1.000000000000000000e+00
3.400000000000000244e-01 5.200000000000000178e-01 5.400000000000000355e-01 1.000000000000000000e+00
1.199999999999999956e-01 1.400000000000000133e-01 2.000000000000000111e-01 1.000000000000000000e+00
sigma: 
2.152960000000000151e-01 3.038058616848803972e-03 1.689414835155319226e-03 3.038058616848803972e-03 2.163840000000000208e-01 2.957154867566674132e-04 1.689414835155319226e-03 2.957154867566674132e-04 1.248159999999999686e-01
2.152960000000000151e-01 1.367830083642466305e-02 5.072175174052845001e-03 1.367830083642466305e-02 2.163840000000000208e-01 7.929307612426649346e-03 5.072175174052845001e-03 7.929307612426651081e-03 1.248159999999999686e-01
2.152960000000000151e-01 2.369631334079984331e-02 1.420965409542803044e-02 2.369631334079984331e-02 2.163840000000000208e-01 1.270697224995242201e-02 1.420965409542803044e-02 1.270697224995242375e-02 1.248159999999999686e-01
2.152960000000000151e-01 4.035685188029498882e-02 1.547236640757985483e-02 4.035685188029498882e-02 2.163840000000000208e-01 1.424899630354219474e-02 1.547236640757985483e-02 1.424899630354219647e-02 1.248159999999999686e-01
2.152960000000000151e-01 5.036540676171365194e-02 2.420132347082026847e-02 5.036540676171365194e-02 2.163840000000000208e-01 2.056568014279231207e-02 2.420132347082026847e-02 2.056568014279231554e-02 1.248159999999999686e-01
2.152960000000000151e-01 6.290976447118136472e-02 2.606834826357574270e-02 6.290976447118136472e-02 2.163840000000000208e-01 2.386565787178838646e-02 2.606834826357574270e-02 2.386565787178838993e-02 1.248159999999999686e-01
2.152960000000000151e-01 6.706225357939601950e-02 3.075300171185918821e-02 6.706225357939601950e-02 2.163840000000000208e-01 2.955416712130605819e-02 3.075300171185918821e-02 2.955416712130606166e-02 1.248159999999999686e-01
2.152960000000000151e-01 7.687639159878091599e-02 3.600249063813804745e-02 7.687639159878091599e-02 2.163840000000000208e-01 3.299262613470850536e-02 3.600249063813804745e-02 3.299262613470851230e-02 1.248159999999999686e-01
2.152960000000000151e-01 8.581367266168851704e-02 4.139289320280314238e-02 8.581367266168851704e-02 2.163840000000000208e-01 4.104646035644348573e-02 4.139289320280314238e-02 4.104646035644349267e-02 1.248159999999999686e-01
2.152960000000000151e-01 1.015477982926943912e-01 4.857946274538164216e-02 1.015477982926943912e-01 2.163840000000000208e-01 4.446929992058037268e-02 4.857946274538164216e-02 4.446929992058037961e-02 1.248159999999999686e-01
2.152960000000000151e-01 1.088287105327429144e-01 5.210957505414520741e-02 1.088287105327429144e-01 2.163840000000000208e-01 4.637131910711216748e-02 5.210957505414520741e-02 4.637131910711217442e-02 1.248159999999999686e-01
2.152960000000000151e-01 1.248466215837011062e-01 5.730733867921674468e-02 1.248466215837011062e-01 2.163840000000000208e-01 5.306755341155456468e-02 5.730733867921674468e-02 5.306755341155457162e-02 1.248159999999999686e-01
2.152960000000000151e-01 1.334732859756594114e-01 6.362424107253107641e-02 1.334732859756594114e-01 2.163840000000000208e-01 5.527386045825435912e-02 6.362424107253107641e-02 5.527386045825436606e-02 1.248159999999999686e-01
2.152960000000000151e-01 1.425240091846906865e-01 6.754617951692219735e-02 1.425240091846906865e-01 2.163840000000000208e-01 6.113488427833335681e-02 6.754617951692219735e-02 6.113488427833337069e-02 1.248159999999999686e-01
2.152960000000000151e-01 1.545812081235095059e-01 7.084833719417521491e-02 1.545812081235095059e-01 2.163840000000000208e-01 6.715108567858968369e-02 7.084833719417521491e-02 6.715108567858969757e-02 1.248159999999999686e-01
2.152960000000000151e-01 1.603934140398971253e-01 7.816357622674798000e-02 1.603934140398971253e-01 2.163840000000000208e-01 7.266697409681388553e-02 7.816357622674798000e-02 7.266697409681389941e-02 1.248159999999999686e-01
2.152960000000000151e-01 1.786128966994876277e-01 8.034310936015111315e-02 1.786128966994876277e-01 2.163840000000000208e-01 7.470439598638486944e-02 8.034310936015111315e-02 7.470439598638488332e-02 1.248159999999999686e-01
2.152960000000000151e-01 1.897460240521849362e-01 8.866264571834535368e-02 1.897460240521849362e-01 2.163840000000000208e-01 7.926040730162781101e-02 8.866264571834535368e-02 7.926040730162782488e-02 1.248159999999999686e-01
2.152960000000000151e-01 1.948264807398318588e-01 9.019790275015107661e-02 1.948264807398318588e-01 2.163840000000000208e-01 8.571651927405063431e-02 9.019790275015107661e-02 8.571651927405064819e-02 1.248159999999999686e-01
2.152960000000000151e-01 2.025919999999999943e-01 9.494400000000000062e-02 2.025919999999999943e-01 2.163840000000000208e-01 8.668799999999998729e-02 9.494400000000000062e-02 8.668800000000000117e-02 1.248159999999999686e-01
c: 
1.733999999999999986e+00
1.610999999999999988e+00
1.201999999999999957e+00
