CDF: 
1.600000000000000033e-01 4.000000000000000222e-01 6.999999999999999556e-01 1.000000000000000000e+00
3.200000000000000067e-01 3.499999999999999778e-01 5.300000000000000266e-01 1.000000000000000000e+00
7.000000000000000666e-02 6.400000000000000133e-01 6.700000000000000400e-01 1.000000000000000000e+00
sigma: 
1.385760000000000047e-01 5.248822638675766129e-03 4.632073121936193354e-03 5.248822638675766129e-03 1.996959999999999846e-01 5.146301626886810518e-03 4.632073121936195088e-03 5.146301626886810518e-03 1.496639999999999915e-01
1.385760000000000047e-01 7.798206149776007803e-03 7.137886705798749711e-03 7.798206149776007803e-03 1.996959999999999846e-01 1.300403999488938291e-02 7.137886705798751445e-03 1.300403999488938291e-02 1.496639999999999915e-01
1.385760000000000047e-01 2.098802361780997827e-02 1.498157868333680788e-02 2.098802361780997827e-02 1.996959999999999846e-01 1.812586263586092941e-02 1.498157868333680962e-02 1.812586263586092941e-02 1.496639999999999915e-01
1.385760000000000047e-01 2.621520403806355815e-02 2.381743384537544223e-02 2.621520403806355815e-02 1.996959999999999846e-01 2.272287195489294462e-02 2.381743384537544569e-02 2.272287195489294462e-02 1.496639999999999915e-01
1.385760000000000047e-01 3.044537461343294407e-02 3.202314168362852681e-02 3.044537461343294407e-02 1.996959999999999846e-01 2.864900930606276847e-02 3.202314168362853375e-02 2.864900930606276847e-02 1.496639999999999915e-01
1.385760000000000047e-01 4.074057942291152423e-02 4.168540600852169847e-02 4.074057942291152423e-02 1.996959999999999846e-01 3.661435468551501454e-02 4.168540600852170541e-02 3.661435468551501454e-02 1.496639999999999915e-01
1.385760000000000047e-01 4.961464074587033229e-02 4.761308504423826526e-02 4.961464074587033229e-02 1.996959999999999846e-01 4.215523992406530751e-02 4.761308504423827914e-02 4.215523992406530751e-02 1.496639999999999915e-01
1.385760000000000047e-01 5.523212255371900969e-02 5.123571952076390323e-02 5.523212255371900969e-02 1.996959999999999846e-01 4.911985777017287974e-02 5.123571952076391017e-02 4.911985777017287974e-02 1.496639999999999915e-01
1.385760000000000047e-01 6.023325708046502885e-02 6.049545335435454335e-02 6.023325708046502885e-02 1.996959999999999846e-01 5.657901041506457895e-02 6.049545335435455723e-02 5.657901041506457895e-02 1.496639999999999915e-01
1.385760000000000047e-01 7.016747675195190992e-02 6.334000801749296861e-02 7.016747675195190992e-02 1.996959999999999846e-01 6.552265940465283600e-02 6.334000801749296861e-02 6.552265940465283600e-02 1.496639999999999915e-01
1.385760000000000047e-01 7.366236631097500265e-02 7.573661784951637999e-02 7.366236631097500265e-02 1.996959999999999846e-01 7.160002515621584351e-02 7.573661784951639386e-02 7.160002515621584351e-02 1.496639999999999915e-01
1.385760000000000047e-01 8.040531917449975086e-02 7.910922441636296376e-02 8.040531917449975086e-02 1.996959999999999846e-01 8.144686233825453037e-02 7.910922441636297764e-02 8.144686233825453037e-02 1.496639999999999915e-01
1.385760000000000047e-01 9.012268818051784314e-02 8.918969015781912091e-02 9.012268818051784314e-02 1.996959999999999846e-01 8.528366487101014803e-02 8.918969015781913479e-02 8.528366487101014803e-02 1.496639999999999915e-01
1.385760000000000047e-01 1.012720722048183475e-01 9.387892317600406156e-02 1.012720722048183475e-01 1.996959999999999846e-01 8.961250539704020135e-02 9.387892317600407543e-02 8.961250539704020135e-02 1.496639999999999915e-01
1.385760000000000047e-01 1.027776904496171123e-01 1.025347796066699568e-01 1.027776904496171123e-01 1.996959999999999846e-01 9.793343662575357267e-02 1.025347796066699846e-01 9.793343662575357267e-02 1.496639999999999915e-01
1.385760000000000047e-01 1.157182892585935513e-01 1.077882052420160719e-01 1.157182892585935513e-01 1.996959999999999846e-01 1.025938675795125127e-01 1.077882052420160996e-01 1.025938675795125127e-01 1.496639999999999915e-01
1.385760000000000047e-01 1.163335010434124739e-01 1.133764314428350184e-01 1.163335010434124739e-01 1.996959999999999846e-01 1.108902913399168327e-01 1.133764314428350461e-01 1.108902913399168327e-01 1.496639999999999915e-01
1.385760000000000047e-01 1.260630277335201277e-01 1.228847380469662853e-01 1.260630277335201277e-01 1.996959999999999846e-01 1.218578799995727602e-01 1.228847380469663131e-01 1.218578799995727602e-01 1.496639999999999915e-01
1.385760000000000047e-01 1.338233548669262585e-01 1.297022709220949366e-01 1.338233548669262585e-01 1.996959999999999846e-01 1.283078558344600273e-01 1.297022709220949643e-01 1.283078558344600273e-01 1.496639999999999915e-01
1.385760000000000047e-01 1.375359999999999916e-01 1.321919999999999762e-01 1.375359999999999916e-01 1.996959999999999846e-01 1.297119999999999940e-01 1.321920000000000039e-01 1.297119999999999940e-01 1.496639999999999915e-01
c: 
2.185000000000000053e+00
2.149999999999999911e+00
2.350999999999999979e+00
