CDF: 
1.600000000000000033e-01 2.500000000000000000e-01 6.899999999999999467e-01 1.000000000000000000e+00
8.999999999999999667e-02 2.200000000000000011e-01 4.600000000000000200e-01 1.000000000000000000e+00
2.099999999999999922e-01 5.400000000000000355e-01 7.099999999999999645e-01 1.000000000000000000e+00
sigma: 
1.470989999999999798e-01 4.165832868755957319e-03 5.329761525880122135e-03 4.165832868755957319e-03 1.722749999999999837e-01 3.717648441383720418e-03 5.329761525880122135e-03 3.717648441383719984e-03 1.687239999999999851e-01
1.470989999999999798e-01 8.000909477343375389e-03 1.127979933016966946e-02 8.000909477343375389e-03 1.722749999999999837e-01 6.900081835214267288e-03 1.127979933016966946e-02 6.900081835214266421e-03 1.687239999999999851e-01
1.470989999999999798e-01 1.335907292821420823e-02 2.316701428606872740e-02 1.335907292821420823e-02 1.722749999999999837e-01 1.461401659480323148e-02 2.316701428606872740e-02 1.461401659480322975e-02 1.687239999999999851e-01
1.470989999999999798e-01 2.043274895408975569e-02 2.493745546652918407e-02 2.043274895408975569e-02 1.722749999999999837e-01 2.147775532037286134e-02 2.493745546652918407e-02 2.147775532037285787e-02 1.687239999999999851e-01
1.470989999999999798e-01 2.676115122403219596e-02 3.524408700249274939e-02 2.676115122403219596e-02 1.722749999999999837e-01 3.168915143882553714e-02 3.524408700249274939e-02 3.168915143882553020e-02 1.687239999999999851e-01
1.470989999999999798e-01 3.380669232249527978e-02 4.411538552129822682e-02 3.380669232249527978e-02 1.722749999999999837e-01 3.415070211666696581e-02 4.411538552129822682e-02 3.415070211666696581e-02 1.687239999999999851e-01
1.470989999999999798e-01 3.854910110130160134e-02 5.506016725939614359e-02 3.854910110130160134e-02 1.722749999999999837e-01 3.896870715899203308e-02 5.506016725939614359e-02 3.896870715899202614e-02 1.687239999999999851e-01
1.470989999999999798e-01 4.610583105710310686e-02 6.173994786964142473e-02 4.610583105710310686e-02 1.722749999999999837e-01 4.816574856857971931e-02 6.173994786964142473e-02 4.816574856857971237e-02 1.687239999999999851e-01
1.470989999999999798e-01 5.253519376073711306e-02 6.388016416985597967e-02 5.253519376073711306e-02 1.722749999999999837e-01 5.229153657419680773e-02 6.388016416985597967e-02 5.229153657419680079e-02 1.687239999999999851e-01
1.470989999999999798e-01 5.729367086513840329e-02 7.170379809574625729e-02 5.729367086513840329e-02 1.722749999999999837e-01 6.031655409977057514e-02 7.170379809574625729e-02 6.031655409977056820e-02 1.687239999999999851e-01
1.470989999999999798e-01 6.802435754649083233e-02 8.502444498407295270e-02 6.802435754649083233e-02 1.722749999999999837e-01 6.886102592009789303e-02 8.502444498407295270e-02 6.886102592009787915e-02 1.687239999999999851e-01
1.470989999999999798e-01 7.184041896990618625e-02 8.902487634315089937e-02 7.184041896990618625e-02 1.722749999999999837e-01 7.235487730124388894e-02 8.902487634315089937e-02 7.235487730124388894e-02 1.687239999999999851e-01
1.470989999999999798e-01 7.893975570541904296e-02 9.548465068831972491e-02 7.893975570541904296e-02 1.722749999999999837e-01 7.976670328513107977e-02 9.548465068831972491e-02 7.976670328513106589e-02 1.687239999999999851e-01
1.470989999999999798e-01 8.460414837164262347e-02 1.049008368164087990e-01 8.460414837164262347e-02 1.722749999999999837e-01 8.973002326720806721e-02 1.049008368164087990e-01 8.973002326720805333e-02 1.687239999999999851e-01
1.470989999999999798e-01 8.892982988601767780e-02 1.177970843336344220e-01 8.892982988601767780e-02 1.722749999999999837e-01 9.042900752164749478e-02 1.177970843336344220e-01 9.042900752164748091e-02 1.687239999999999851e-01
1.470989999999999798e-01 9.387462551103485653e-02 1.259317181905146299e-01 9.387462551103485653e-02 1.722749999999999837e-01 1.014006758997137159e-01 1.259317181905146299e-01 1.014006758997137020e-01 1.687239999999999851e-01
1.470989999999999798e-01 1.018320803346052100e-01 1.283610810413553793e-01 1.018320803346052100e-01 1.722749999999999837e-01 1.072388319404740664e-01 1.283610810413553793e-01 1.072388319404740525e-01 1.687239999999999851e-01
1.470989999999999798e-01 1.111330354983793012e-01 1.390742358977971049e-01 1.111330354983793012e-01 1.722749999999999837e-01 1.099790524171826572e-01 1.390742358977971049e-01 1.099790524171826434e-01 1.687239999999999851e-01
1.470989999999999798e-01 1.174305478410446468e-01 1.424111053009896599e-01 1.174305478410446468e-01 1.722749999999999837e-01 1.171701429085803131e-01 1.424111053009896599e-01 1.171701429085802992e-01 1.687239999999999851e-01
1.470989999999999798e-01 1.175249999999999906e-01 1.499260000000000037e-01 1.175249999999999906e-01 1.722749999999999837e-01 1.225499999999999923e-01 1.499260000000000037e-01 1.225499999999999784e-01 1.687239999999999851e-01
c: 
2.023000000000000131e+00
2.495999999999999996e+00
2.560000000000000053e+00
