CDF: 
1.600000000000000033e-01 3.800000000000000044e-01 6.700000000000000400e-01 1.000000000000000000e+00
2.300000000000000100e-01 6.800000000000000488e-01 9.399999999999999467e-01 1.000000000000000000e+00
9.000000000000000222e-01 9.100000000000000311e-01 9.200000000000000400e-01 1.000000000000000000e+00
sigma: 
1.655790000000000317e-01 1.102242149915721569e-03 3.311818764917135176e-04 1.102242149915721569e-03 5.441099999999999409e-02 2.507797818326739682e-03 3.311818764917135176e-04 2.507797818326739682e-03 7.394400000000000972e-02
1.655790000000000317e-01 3.771731318800992071e-03 3.347708796334689617e-03 3.771731318800992071e-03 5.441099999999999409e-02 4.155190589127445190e-03 3.347708796334689617e-03 4.155190589127445190e-03 7.394400000000000972e-02
1.655790000000000317e-01 7.988127370577458725e-03 6.936580018355730480e-03 7.988127370577458725e-03 5.441099999999999409e-02 6.685724777907222673e-03 6.936580018355730480e-03 6.685724777907222673e-03 7.394400000000000972e-02
1.655790000000000317e-01 1.246887979963623438e-02 8.082164500029423437e-03 1.246887979963623438e-02 5.441099999999999409e-02 1.031064352805924692e-02 8.082164500029423437e-03 1.031064352805924692e-02 7.394400000000000972e-02
1.655790000000000317e-01 1.515543756277246135e-02 1.235145971497366921e-02 1.515543756277246135e-02 5.441099999999999409e-02 1.229736644646384734e-02 1.235145971497366921e-02 1.229736644646384734e-02 7.394400000000000972e-02
1.655790000000000317e-01 2.155683606778032238e-02 1.474593153194388509e-02 2.155683606778032238e-02 5.441099999999999409e-02 1.426094952297296548e-02 1.474593153194388509e-02 1.426094952297296548e-02 7.394400000000000972e-02
1.655790000000000317e-01 2.291318533890799800e-02 1.562444409557629463e-02 2.291318533890799800e-02 5.441099999999999409e-02 1.838160641501363629e-02 1.562444409557629463e-02 1.838160641501363629e-02 7.394400000000000972e-02
1.655790000000000317e-01 2.603855166209017094e-02 1.947572094091596512e-02 2.603855166209017094e-02 5.441099999999999409e-02 2.177937443391799247e-02 1.947572094091596512e-02 2.177937443391799247e-02 7.394400000000000972e-02
1.655790000000000317e-01 2.974089782931465739e-02 2.170911612523841738e-02 2.974089782931465739e-02 5.441099999999999409e-02 2.239765607277093007e-02 2.170911612523841738e-02 2.239765607277093007e-02 7.394400000000000972e-02
1.655790000000000317e-01 3.313200735163726596e-02 2.298940600175568283e-02 3.313200735163726596e-02 5.441099999999999409e-02 2.574808952138589110e-02 2.298940600175568283e-02 2.574808952138589110e-02 7.394400000000000972e-02
1.655790000000000317e-01 3.896508490493210547e-02 2.536661519893786826e-02 3.896508490493210547e-02 5.441099999999999409e-02 2.750351968907934971e-02 2.536661519893786826e-02 2.750351968907934971e-02 7.394400000000000972e-02
1.655790000000000317e-01 4.008342038413351821e-02 2.824167862604304996e-02 4.008342038413351821e-02 5.441099999999999409e-02 3.234724458850447848e-02 2.824167862604304996e-02 3.234724458850447848e-02 7.394400000000000972e-02
1.655790000000000317e-01 4.509970983867152977e-02 3.188134464250686612e-02 4.509970983867152977e-02 5.441099999999999409e-02 3.458877003641680492e-02 3.188134464250686612e-02 3.458877003641680492e-02 7.394400000000000972e-02
1.655790000000000317e-01 4.909925967481834630e-02 3.259810289878108808e-02 4.909925967481834630e-02 5.441099999999999409e-02 3.633787947945554819e-02 3.259810289878108808e-02 3.633787947945554819e-02 7.394400000000000972e-02
1.655790000000000317e-01 5.241547993466362521e-02 3.569056589267648877e-02 5.241547993466362521e-02 5.441099999999999409e-02 3.961008998139265574e-02 3.569056589267648877e-02 3.961008998139265574e-02 7.394400000000000972e-02
1.655790000000000317e-01 5.529960704323600568e-02 3.903170251204076541e-02 5.529960704323600568e-02 5.441099999999999409e-02 4.331917886866316209e-02 3.903170251204076541e-02 4.331917886866316209e-02 7.394400000000000972e-02
1.655790000000000317e-01 6.057896045755083170e-02 4.148069892533180064e-02 6.057896045755083170e-02 5.441099999999999409e-02 4.525792111765556541e-02 4.148069892533180064e-02 4.525792111765556541e-02 7.394400000000000972e-02
1.655790000000000317e-01 6.230601209003326646e-02 4.346330501835145993e-02 6.230601209003326646e-02 5.441099999999999409e-02 4.714077515179706385e-02 4.346330501835145993e-02 4.714077515179706385e-02 7.394400000000000972e-02
1.655790000000000317e-01 6.605495468636710110e-02 4.684107970472613236e-02 6.605495468636710110e-02 5.441099999999999409e-02 5.047327852838672663e-02 4.684107970472613236e-02 5.047327852838672663e-02 7.394400000000000972e-02
1.655790000000000317e-01 6.886300000000000754e-02 4.712399999999999922e-02 6.886300000000000754e-02 5.441099999999999409e-02 5.182799999999999213e-02 4.712399999999999922e-02 5.182799999999999213e-02 7.394400000000000972e-02
c: 
1.695999999999999952e+00
1.635000000000000009e+00
1.643000000000000016e+00
