CDF: 
2.099999999999999922e-01 4.299999999999999933e-01 6.700000000000000400e-01 1.000000000000000000e+00
4.600000000000000200e-01 5.100000000000000089e-01 5.500000000000000444e-01 1.000000000000000000e+00
8.000000000000000167e-02 3.599999999999999867e-01 6.300000000000000044e-01 1.000000000000000000e+00
sigma: 
1.740240000000000120e-01 6.834599313104333489e-03 7.398940680276847558e-03 6.834599313104333489e-03 2.360110000000000263e-01 8.869918004310419282e-03 7.398940680276848425e-03 8.869918004310422752e-03 1.676590000000000025e-01
1.740240000000000120e-01 1.179325553135258421e-02 9.753568145415794644e-03 1.179325553135258421e-02 2.360110000000000263e-01 1.172908495845480931e-02 9.753568145415796378e-03 1.172908495845481278e-02 1.676590000000000025e-01
1.740240000000000120e-01 2.443707077484782650e-02 1.839617751160899789e-02 2.443707077484782650e-02 2.360110000000000263e-01 1.926013425240947000e-02 1.839617751160900136e-02 1.926013425240947347e-02 1.676590000000000025e-01
1.740240000000000120e-01 2.822331949316061322e-02 3.035317670947383986e-02 2.822331949316061322e-02 2.360110000000000263e-01 3.164433880360804224e-02 3.035317670947384680e-02 3.164433880360804918e-02 1.676590000000000025e-01
1.740240000000000120e-01 4.202788646444506615e-02 3.868531719212462555e-02 4.202788646444506615e-02 2.360110000000000263e-01 3.785374857493295497e-02 3.868531719212463249e-02 3.785374857493296885e-02 1.676590000000000025e-01
1.740240000000000120e-01 5.317126413866139073e-02 4.764674274153066907e-02 5.317126413866139073e-02 2.360110000000000263e-01 4.700627086906644658e-02 4.764674274153067601e-02 4.700627086906646046e-02 1.676590000000000025e-01
1.740240000000000120e-01 5.853903995299499646e-02 5.712024947046209084e-02 5.853903995299499646e-02 2.360110000000000263e-01 6.374000071031453440e-02 5.712024947046209777e-02 6.374000071031456216e-02 1.676590000000000025e-01
1.740240000000000120e-01 7.017373782123283166e-02 6.508621216322678371e-02 7.017373782123283166e-02 2.360110000000000263e-01 6.845945170455371154e-02 6.508621216322679759e-02 6.845945170455373929e-02 1.676590000000000025e-01
1.740240000000000120e-01 8.194374883410386612e-02 7.495557231800065168e-02 8.194374883410386612e-02 2.360110000000000263e-01 7.737505531502159029e-02 7.495557231800066555e-02 7.737505531502161804e-02 1.676590000000000025e-01
1.740240000000000120e-01 8.994164650221375679e-02 8.054643230642612173e-02 8.994164650221375679e-02 2.360110000000000263e-01 9.114168047148671348e-02 8.054643230642613561e-02 9.114168047148674123e-02 1.676590000000000025e-01
1.740240000000000120e-01 9.861659819684236161e-02 8.484556201517721996e-02 9.861659819684236161e-02 2.360110000000000263e-01 9.461463814729276223e-02 8.484556201517723384e-02 9.461463814729278998e-02 1.676590000000000025e-01
1.740240000000000120e-01 1.082869127365702344e-01 9.678543247534904248e-02 1.082869127365702344e-01 2.360110000000000263e-01 1.032554106574960773e-01 9.678543247534905636e-02 1.032554106574961050e-01 1.676590000000000025e-01
1.740240000000000120e-01 1.161812431864127776e-01 1.051198019604225181e-01 1.161812431864127776e-01 2.360110000000000263e-01 1.187586437510705223e-01 1.051198019604225320e-01 1.187586437510705639e-01 1.676590000000000025e-01
1.740240000000000120e-01 1.271526285917058685e-01 1.109646657446445861e-01 1.271526285917058685e-01 2.360110000000000263e-01 1.207513125206533533e-01 1.109646657446446139e-01 1.207513125206533949e-01 1.676590000000000025e-01
1.740240000000000120e-01 1.349895032243941528e-01 1.237984482331623004e-01 1.349895032243941528e-01 2.360110000000000263e-01 1.303847085053609633e-01 1.237984482331623143e-01 1.303847085053609911e-01 1.676590000000000025e-01
1.740240000000000120e-01 1.389168069215202250e-01 1.309821251677091292e-01 1.389168069215202250e-01 2.360110000000000263e-01 1.449924781994834933e-01 1.309821251677091569e-01 1.449924781994835488e-01 1.676590000000000025e-01
1.740240000000000120e-01 1.513612442865457375e-01 1.352199343222820482e-01 1.513612442865457375e-01 2.360110000000000263e-01 1.509110806087464451e-01 1.352199343222820760e-01 1.509110806087465007e-01 1.676590000000000025e-01
1.740240000000000120e-01 1.617315379880113480e-01 1.464249793414272027e-01 1.617315379880113480e-01 2.360110000000000263e-01 1.580022626915158768e-01 1.464249793414272305e-01 1.580022626915159323e-01 1.676590000000000025e-01
1.740240000000000120e-01 1.688474644080499298e-01 1.577500083356485616e-01 1.688474644080499298e-01 2.360110000000000263e-01 1.728803444351388885e-01 1.577500083356485894e-01 1.728803444351389440e-01 1.676590000000000025e-01
1.740240000000000120e-01 1.730920000000000236e-01 1.605040000000000078e-01 1.730920000000000236e-01 2.360110000000000263e-01 1.754069999999999796e-01 1.605040000000000355e-01 1.754070000000000351e-01 1.676590000000000025e-01
c: 
2.209000000000000075e+00
2.229000000000000092e+00
2.152000000000000135e+00
