CDF: 
1.100000000000000006e-01 1.700000000000000122e-01 4.400000000000000022e-01 1.000000000000000000e+00
2.099999999999999922e-01 2.200000000000000011e-01 3.400000000000000244e-01 1.000000000000000000e+00
3.099999999999999978e-01 3.599999999999999867e-01 7.099999999999999645e-01 1.000000000000000000e+00
sigma: 
1.432000000000000217e-01 2.060047576787448712e-03 3.192065912150859192e-03 2.060047576787448712e-03 1.754999999999999893e-01 3.362041605033899358e-03 3.192065912150858758e-03 3.362041605033899358e-03 1.543999999999999817e-01
1.432000000000000217e-01 8.920243226898756303e-03 8.218535802352469957e-03 8.920243226898756303e-03 1.754999999999999893e-01 1.060002815983353795e-02 8.218535802352469957e-03 1.060002815983353795e-02 1.543999999999999817e-01
1.432000000000000217e-01 1.922696340514226318e-02 1.364410841171690911e-02 1.922696340514226318e-02 1.754999999999999893e-01 1.492810792012452467e-02 1.364410841171690737e-02 1.492810792012452467e-02 1.543999999999999817e-01
1.432000000000000217e-01 2.343009813184399048e-02 2.173785629894925756e-02 2.343009813184399048e-02 1.754999999999999893e-01 2.508180695197040344e-02 2.173785629894925409e-02 2.508180695197040344e-02 1.543999999999999817e-01
1.432000000000000217e-01 3.367221108190673190e-02 2.743426269474137646e-02 3.367221108190673190e-02 1.754999999999999893e-01 2.905995028755887361e-02 2.743426269474137300e-02 2.905995028755887361e-02 1.543999999999999817e-01
1.432000000000000217e-01 3.963098494625003770e-02 3.168953184743780738e-02 3.963098494625003770e-02 1.754999999999999893e-01 3.609905407381658327e-02 3.168953184743780044e-02 3.609905407381658327e-02 1.543999999999999817e-01
1.432000000000000217e-01 4.919510962815804717e-02 3.854725246149421497e-02 4.919510962815804717e-02 1.754999999999999893e-01 4.278326095066953966e-02 3.854725246149421497e-02 4.278326095066953966e-02 1.543999999999999817e-01
1.432000000000000217e-01 5.214060366696568471e-02 4.388440944351660461e-02 5.214060366696568471e-02 1.754999999999999893e-01 5.045177004268194126e-02 4.388440944351659767e-02 5.045177004268194126e-02 1.543999999999999817e-01
1.432000000000000217e-01 6.450622923071795689e-02 5.362778473409849506e-02 6.450622923071795689e-02 1.754999999999999893e-01 5.733389730784582000e-02 5.362778473409848812e-02 5.733389730784582000e-02 1.543999999999999817e-01
1.432000000000000217e-01 6.524357757772547561e-02 5.496764401967684649e-02 6.524357757772547561e-02 1.754999999999999893e-01 5.965578353841766851e-02 5.496764401967683955e-02 5.965578353841766851e-02 1.543999999999999817e-01
1.432000000000000217e-01 7.383933266736039669e-02 6.280365849863255023e-02 7.383933266736039669e-02 1.754999999999999893e-01 6.680546234266127037e-02 6.280365849863255023e-02 6.680546234266127037e-02 1.543999999999999817e-01
1.432000000000000217e-01 8.146231828200890812e-02 6.762075136305045753e-02 8.146231828200890812e-02 1.754999999999999893e-01 7.474542327075431314e-02 6.762075136305044365e-02 7.474542327075431314e-02 1.543999999999999817e-01
1.432000000000000217e-01 8.686552707339709190e-02 7.455224547612603059e-02 8.686552707339709190e-02 1.754999999999999893e-01 7.895969778222929059e-02 7.455224547612601671e-02 7.895969778222929059e-02 1.543999999999999817e-01
1.432000000000000217e-01 9.507230262695780254e-02 7.944155545953454634e-02 9.507230262695780254e-02 1.754999999999999893e-01 8.525204563468574692e-02 7.944155545953453246e-02 8.525204563468574692e-02 1.543999999999999817e-01
1.432000000000000217e-01 1.072494874498925860e-01 9.120506270461080367e-02 1.072494874498925860e-01 1.754999999999999893e-01 9.623183479748419200e-02 9.120506270461078979e-02 9.623183479748419200e-02 1.543999999999999817e-01
1.432000000000000217e-01 1.098768250140922803e-01 9.587859576712812193e-02 1.098768250140922803e-01 1.754999999999999893e-01 9.968702167017610971e-02 9.587859576712810805e-02 9.968702167017610971e-02 1.543999999999999817e-01
1.432000000000000217e-01 1.187893451705510084e-01 9.881931779515767955e-02 1.187893451705510084e-01 1.754999999999999893e-01 1.056429957262958880e-01 9.881931779515766567e-02 1.056429957262958880e-01 1.543999999999999817e-01
1.432000000000000217e-01 1.249641118753555269e-01 1.074108102492540157e-01 1.249641118753555269e-01 1.754999999999999893e-01 1.134139633212928461e-01 1.074108102492540018e-01 1.134139633212928461e-01 1.543999999999999817e-01
1.432000000000000217e-01 1.355668069218766980e-01 1.148077275585253909e-01 1.355668069218766980e-01 1.754999999999999893e-01 1.199927241572470715e-01 1.148077275585253770e-01 1.199927241572470715e-01 1.543999999999999817e-01
1.432000000000000217e-01 1.371999999999999886e-01 1.155999999999999944e-01 1.371999999999999886e-01 1.754999999999999893e-01 1.239999999999999991e-01 1.155999999999999805e-01 1.239999999999999991e-01 1.543999999999999817e-01
c: 
2.200000000000000178e+00
1.116000000000000103e+00
1.092000000000000082e+00
