CDF: 
2.600000000000000089e-01 2.899999999999999800e-01 7.099999999999999645e-01 1.000000000000000000e+00
1.700000000000000122e-01 7.299999999999999822e-01 7.399999999999999911e-01 1.000000000000000000e+00
3.099999999999999978e-01 5.300000000000000266e-01 8.900000000000000133e-01 1.000000000000000000e+00
sigma: 
1.431039999999999812e-01 6.080124498048082929e-03 4.347695209589918716e-03 6.080124498048082929e-03 1.426240000000000008e-01 2.955796713927353984e-03 4.347695209589918716e-03 2.955796713927353551e-03 8.759599999999999331e-02
1.431039999999999812e-01 7.386499089693757993e-03 4.926473080305895404e-03 7.386499089693757993e-03 1.426240000000000008e-01 5.035538109469167231e-03 4.926473080305895404e-03 5.035538109469166364e-03 8.759599999999999331e-02
1.431039999999999812e-01 1.672290030565241892e-02 1.059883761843660906e-02 1.672290030565241892e-02 1.426240000000000008e-01 9.085912599161022687e-03 1.059883761843660906e-02 9.085912599161020953e-03 8.759599999999999331e-02
1.431039999999999812e-01 2.395251132007680112e-02 1.435764431658293969e-02 2.395251132007680112e-02 1.426240000000000008e-01 1.752708551955926841e-02 1.435764431658293969e-02 1.752708551955926494e-02 8.759599999999999331e-02
1.431039999999999812e-01 3.112848340955319190e-02 1.999945235261888637e-02 3.112848340955319190e-02 1.426240000000000008e-01 2.133360833031059528e-02 1.999945235261888637e-02 2.133360833031059181e-02 8.759599999999999331e-02
1.431039999999999812e-01 3.910786607286303312e-02 2.756053143358451474e-02 3.910786607286303312e-02 1.426240000000000008e-01 2.280557111672809611e-02 2.756053143358451474e-02 2.280557111672809265e-02 8.759599999999999331e-02
1.431039999999999812e-01 4.531543694833102542e-02 2.891254982333948953e-02 4.531543694833102542e-02 1.426240000000000008e-01 2.804597043333187031e-02 2.891254982333948953e-02 2.804597043333186338e-02 8.759599999999999331e-02
1.431039999999999812e-01 5.081491917209343678e-02 3.411982431965631529e-02 5.081491917209343678e-02 1.426240000000000008e-01 3.285241677724566600e-02 3.411982431965631529e-02 3.285241677724566600e-02 8.759599999999999331e-02
1.431039999999999812e-01 5.489785686724237002e-02 4.062439032598354205e-02 5.489785686724237002e-02 1.426240000000000008e-01 3.886910218072285594e-02 4.062439032598354205e-02 3.886910218072284900e-02 8.759599999999999331e-02
1.431039999999999812e-01 6.446941150048650371e-02 4.349637807657891903e-02 6.446941150048650371e-02 1.426240000000000008e-01 4.271828627498546610e-02 4.349637807657891903e-02 4.271828627498545916e-02 8.759599999999999331e-02
1.431039999999999812e-01 7.306768534311341989e-02 4.976421264708724701e-02 7.306768534311341989e-02 1.426240000000000008e-01 4.750426577694121660e-02 4.976421264708724701e-02 4.750426577694120966e-02 8.759599999999999331e-02
1.431039999999999812e-01 7.710980783600367150e-02 5.435292755612230325e-02 7.710980783600367150e-02 1.426240000000000008e-01 5.086260549035847428e-02 5.435292755612230325e-02 5.086260549035846734e-02 8.759599999999999331e-02
1.431039999999999812e-01 8.761576466564138799e-02 5.848605856709279682e-02 8.761576466564138799e-02 1.426240000000000008e-01 5.688472418822516918e-02 5.848605856709279682e-02 5.688472418822515531e-02 8.759599999999999331e-02
1.431039999999999812e-01 8.889535571705335648e-02 6.396083098236186870e-02 8.889535571705335648e-02 1.426240000000000008e-01 5.927514879066193149e-02 6.396083098236186870e-02 5.927514879066192455e-02 8.759599999999999331e-02
1.431039999999999812e-01 9.746968357260775428e-02 6.789202522638115855e-02 9.746968357260775428e-02 1.426240000000000008e-01 6.429768437289806737e-02 6.789202522638115855e-02 6.429768437289805350e-02 8.759599999999999331e-02
1.431039999999999812e-01 1.026491539144840787e-01 7.289259708768068557e-02 1.026491539144840787e-01 1.426240000000000008e-01 6.794921818115062795e-02 7.289259708768068557e-02 6.794921818115062795e-02 8.759599999999999331e-02
1.431039999999999812e-01 1.134959561988076182e-01 8.014177480266256037e-02 1.134959561988076182e-01 1.426240000000000008e-01 7.477087948139482521e-02 8.014177480266256037e-02 7.477087948139481133e-02 8.759599999999999331e-02
1.431039999999999812e-01 1.162194108620963062e-01 8.105138369707132195e-02 1.162194108620963062e-01 1.426240000000000008e-01 7.823199849945026985e-02 8.105138369707132195e-02 7.823199849945025597e-02 8.759599999999999331e-02
1.431039999999999812e-01 1.228056643476307108e-01 8.877316579902562454e-02 1.228056643476307108e-01 1.426240000000000008e-01 8.299273078488381139e-02 8.877316579902562454e-02 8.299273078488379751e-02 8.759599999999999331e-02
1.431039999999999812e-01 1.283360000000000056e-01 9.012799999999999978e-02 1.283360000000000056e-01 1.426240000000000008e-01 8.435200000000001030e-02 9.012799999999999978e-02 8.435199999999999643e-02 8.759599999999999331e-02
c: 
1.848999999999999977e+00
2.080999999999999961e+00
1.586000000000000076e+00
