CDF: 
1.900000000000000022e-01 3.900000000000000133e-01 7.199999999999999734e-01 1.000000000000000000e+00
1.499999999999999944e-01 2.899999999999999800e-01 5.899999999999999689e-01 1.000000000000000000e+00
8.999999999999999667e-02 2.600000000000000089e-01 6.500000000000000222e-01 1.000000000000000000e+00
sigma: 
1.524990000000000234e-01 2.105818278404263805e-03 2.290407407490042523e-03 2.105818278404263371e-03 1.742040000000000255e-01 4.391161198906728090e-03 2.290407407490042523e-03 4.391161198906728090e-03 1.525440000000000129e-01
1.524990000000000234e-01 1.237713265236667012e-02 1.049483190870939553e-02 1.237713265236666665e-02 1.742040000000000255e-01 8.982019867893575524e-03 1.049483190870939553e-02 8.982019867893575524e-03 1.525440000000000129e-01
1.524990000000000234e-01 1.455701089305408598e-02 1.983293047029829892e-02 1.455701089305408251e-02 1.742040000000000255e-01 1.894787970174260233e-02 1.983293047029829892e-02 1.894787970174260233e-02 1.525440000000000129e-01
1.524990000000000234e-01 2.843064175870356827e-02 2.351800210460982740e-02 2.843064175870356133e-02 1.742040000000000255e-01 3.077753962911442334e-02 2.351800210460982740e-02 3.077753962911442334e-02 1.525440000000000129e-01
1.524990000000000234e-01 3.355733083201951905e-02 2.861232869243623966e-02 3.355733083201951211e-02 1.742040000000000255e-01 3.896266940191094041e-02 2.861232869243623966e-02 3.896266940191094041e-02 1.525440000000000129e-01
1.524990000000000234e-01 3.986292103493369043e-02 4.119681637193992052e-02 3.986292103493368350e-02 1.742040000000000255e-01 3.923504036259288508e-02 4.119681637193992052e-02 3.923504036259288508e-02 1.525440000000000129e-01
1.524990000000000234e-01 4.465752812148233303e-02 4.765154918208278079e-02 4.465752812148232609e-02 1.742040000000000255e-01 5.358531845726775822e-02 4.765154918208278079e-02 5.358531845726775822e-02 1.525440000000000129e-01
1.524990000000000234e-01 5.486403099008604900e-02 5.633661345840557805e-02 5.486403099008604206e-02 1.742040000000000255e-01 6.131839523823020416e-02 5.633661345840557805e-02 6.131839523823020416e-02 1.525440000000000129e-01
1.524990000000000234e-01 6.021476640112534418e-02 6.128530456110350272e-02 6.021476640112533724e-02 1.742040000000000255e-01 6.591756784818253445e-02 6.128530456110350272e-02 6.591756784818253445e-02 1.525440000000000129e-01
1.524990000000000234e-01 6.718442205532418332e-02 6.815830144264356516e-02 6.718442205532416944e-02 1.742040000000000255e-01 7.552484778925264153e-02 6.815830144264356516e-02 7.552484778925264153e-02 1.525440000000000129e-01
1.524990000000000234e-01 7.303884818308342686e-02 7.703480975204385350e-02 7.303884818308341298e-02 1.742040000000000255e-01 7.989024251548265676e-02 7.703480975204385350e-02 7.989024251548265676e-02 1.525440000000000129e-01
1.524990000000000234e-01 7.941376944654927883e-02 8.398415296085023907e-02 7.941376944654926495e-02 1.742040000000000255e-01 9.344298165605738338e-02 8.398415296085023907e-02 9.344298165605738338e-02 1.525440000000000129e-01
1.524990000000000234e-01 9.115383051030075123e-02 9.175366376366779486e-02 9.115383051030073736e-02 1.742040000000000255e-01 9.858011321793276605e-02 9.175366376366779486e-02 9.858011321793276605e-02 1.525440000000000129e-01
1.524990000000000234e-01 9.906391550948458191e-02 9.629378801999560755e-02 9.906391550948455416e-02 1.742040000000000255e-01 1.074606172859699088e-01 9.629378801999560755e-02 1.074606172859699088e-01 1.525440000000000129e-01
1.524990000000000234e-01 1.035853672164056272e-01 1.031735633505704158e-01 1.035853672164056133e-01 1.742040000000000255e-01 1.116236656585042203e-01 1.031735633505704158e-01 1.116236656585042203e-01 1.525440000000000129e-01
1.524990000000000234e-01 1.117886042429011018e-01 1.085425423536275497e-01 1.117886042429010740e-01 1.742040000000000255e-01 1.180336626801488514e-01 1.085425423536275497e-01 1.180336626801488514e-01 1.525440000000000129e-01
1.524990000000000234e-01 1.210587353388585946e-01 1.204712003107154261e-01 1.210587353388585807e-01 1.742040000000000255e-01 1.261644572986916624e-01 1.204712003107154261e-01 1.261644572986916624e-01 1.525440000000000129e-01
1.524990000000000234e-01 1.266419005764224948e-01 1.253983325963625994e-01 1.266419005764224670e-01 1.742040000000000255e-01 1.387629937809395364e-01 1.253983325963625994e-01 1.387629937809395364e-01 1.525440000000000129e-01
1.524990000000000234e-01 1.287791910305884635e-01 1.325027686464902432e-01 1.287791910305884635e-01 1.742040000000000255e-01 1.444051374605980764e-01 1.325027686464902432e-01 1.444051374605980764e-01 1.525440000000000129e-01
1.524990000000000234e-01 1.359140000000000348e-01 1.358840000000000048e-01 1.359140000000000070e-01 1.742040000000000255e-01 1.482240000000000224e-01 1.358840000000000048e-01 1.482240000000000224e-01 1.525440000000000129e-01
c: 
1.181000000000000050e+00
2.520000000000000018e+00
1.260000000000000009e+00
