CDF: 
3.699999999999999956e-01 5.899999999999999689e-01 7.399999999999999911e-01 1.000000000000000000e+00
3.800000000000000044e-01 5.100000000000000089e-01 8.199999999999999512e-01 1.000000000000000000e+00
3.599999999999999867e-01 4.299999999999999933e-01 6.400000000000000133e-01 1.000000000000000000e+00
sigma: 
1.603040000000000020e-01 5.573296131187685867e-03 2.215808586264859242e-03 5.573296131187684133e-03 1.259000000000000119e-01 6.408523146105972977e-03 2.215808586264859242e-03 6.408523146105972977e-03 1.866360000000000241e-01
1.603040000000000020e-01 7.986281221812333714e-03 1.599598955197163025e-02 7.986281221812331979e-03 1.259000000000000119e-01 8.109642236510129429e-03 1.599598955197163025e-02 8.109642236510129429e-03 1.866360000000000241e-01
1.603040000000000020e-01 1.977118406868831613e-02 2.002469254549636701e-02 1.977118406868831266e-02 1.259000000000000119e-01 1.706943588302275300e-02 2.002469254549636701e-02 1.706943588302275300e-02 1.866360000000000241e-01
1.603040000000000020e-01 2.143883922867675929e-02 3.217956387262013718e-02 2.143883922867675235e-02 1.259000000000000119e-01 2.497036964123074479e-02 3.217956387262013718e-02 2.497036964123074479e-02 1.866360000000000241e-01
1.603040000000000020e-01 3.046077734123909045e-02 3.938708439352626295e-02 3.046077734123908351e-02 1.259000000000000119e-01 3.202996740446328178e-02 3.938708439352626295e-02 3.202996740446328178e-02 1.866360000000000241e-01
1.603040000000000020e-01 3.563742900258066310e-02 4.921104768832855469e-02 3.563742900258065616e-02 1.259000000000000119e-01 3.735234121981706457e-02 4.921104768832855469e-02 3.735234121981706457e-02 1.866360000000000241e-01
1.603040000000000020e-01 4.095624215255556921e-02 5.137230875161310356e-02 4.095624215255556227e-02 1.259000000000000119e-01 4.273790554859926288e-02 5.137230875161310356e-02 4.273790554859926288e-02 1.866360000000000241e-01
1.603040000000000020e-01 4.866817914602872275e-02 6.347392255374308123e-02 4.866817914602870887e-02 1.259000000000000119e-01 5.012938978821719627e-02 6.347392255374308123e-02 5.012938978821719627e-02 1.866360000000000241e-01
1.603040000000000020e-01 5.485546531609605120e-02 6.638535715227918133e-02 5.485546531609603732e-02 1.259000000000000119e-01 6.055260295062225850e-02 6.638535715227918133e-02 6.055260295062225850e-02 1.866360000000000241e-01
1.603040000000000020e-01 6.104874123308510342e-02 7.757002457148719221e-02 6.104874123308508954e-02 1.259000000000000119e-01 6.344150307669950417e-02 7.757002457148719221e-02 6.344150307669950417e-02 1.866360000000000241e-01
1.603040000000000020e-01 7.283643576310895595e-02 8.433634945487629431e-02 7.283643576310894208e-02 1.259000000000000119e-01 6.909074679082656545e-02 8.433634945487629431e-02 6.909074679082656545e-02 1.866360000000000241e-01
1.603040000000000020e-01 7.616741089256029440e-02 9.060584629385093347e-02 7.616741089256028052e-02 1.259000000000000119e-01 8.024957794592826876e-02 9.060584629385093347e-02 8.024957794592826876e-02 1.866360000000000241e-01
1.603040000000000020e-01 8.634879088440888806e-02 1.059166717257736534e-01 8.634879088440886030e-02 1.259000000000000119e-01 8.573663876363293856e-02 1.059166717257736534e-01 8.573663876363293856e-02 1.866360000000000241e-01
1.603040000000000020e-01 8.897585093923061905e-02 1.121287190006462209e-01 8.897585093923060517e-02 1.259000000000000119e-01 9.520564852979003512e-02 1.121287190006462209e-01 9.520564852979003512e-02 1.866360000000000241e-01
1.603040000000000020e-01 9.882236575702960102e-02 1.234455938551441978e-01 9.882236575702958714e-02 1.259000000000000119e-01 1.022421787895859691e-01 1.234455938551441978e-01 1.022421787895859691e-01 1.866360000000000241e-01
1.603040000000000020e-01 1.040207178326776200e-01 1.297506673047220394e-01 1.040207178326775922e-01 1.259000000000000119e-01 1.029853863321359420e-01 1.297506673047220394e-01 1.029853863321359420e-01 1.866360000000000241e-01
1.603040000000000020e-01 1.116326844644162652e-01 1.368191471667007941e-01 1.116326844644162514e-01 1.259000000000000119e-01 1.137857451975583800e-01 1.368191471667007941e-01 1.137857451975583800e-01 1.866360000000000241e-01
1.603040000000000020e-01 1.182294434428156626e-01 1.468426083497053614e-01 1.182294434428156349e-01 1.259000000000000119e-01 1.182347218139671446e-01 1.468426083497053614e-01 1.182347218139671446e-01 1.866360000000000241e-01
1.603040000000000020e-01 1.217780245072082740e-01 1.556552174724322446e-01 1.217780245072082462e-01 1.259000000000000119e-01 1.285592237882300093e-01 1.556552174724322446e-01 1.285592237882300093e-01 1.866360000000000241e-01
1.603040000000000020e-01 1.274800000000000100e-01 1.564880000000000160e-01 1.274799999999999822e-01 1.259000000000000119e-01 1.300600000000000089e-01 1.564880000000000160e-01 1.300600000000000089e-01 1.866360000000000241e-01
c: 
1.804000000000000048e+00
1.308000000000000052e+00
2.906000000000000139e+00
