CDF: 
3.300000000000000155e-01 5.300000000000000266e-01 5.999999999999999778e-01 1.000000000000000000e+00
1.300000000000000044e-01 1.400000000000000133e-01 4.099999999999999756e-01 1.000000000000000000e+00
5.000000000000000278e-02 4.899999999999999911e-01 5.600000000000000533e-01 1.000000000000000000e+00
sigma: 
2.001760000000000206e-01 3.707579162356868093e-04 1.277302268473165265e-03 3.707579162356867009e-04 1.436000000000000054e-01 4.700191528553534538e-03 1.277302268473165048e-03 4.700191528553534538e-03 1.596640000000000004e-01
2.001760000000000206e-01 1.361141616381710343e-02 1.572232135316170565e-02 1.361141616381709996e-02 1.436000000000000054e-01 1.200023866149001715e-02 1.572232135316170218e-02 1.200023866149001715e-02 1.596640000000000004e-01
2.001760000000000206e-01 1.396217850779395142e-02 2.562853375325300359e-02 1.396217850779394969e-02 1.436000000000000054e-01 1.548683812982964113e-02 2.562853375325300012e-02 1.548683812982964113e-02 1.596640000000000004e-01
2.001760000000000206e-01 2.470267832147142115e-02 3.266507341341202270e-02 2.470267832147141421e-02 1.436000000000000054e-01 1.977887623318155125e-02 3.266507341341201576e-02 1.977887623318155125e-02 1.596640000000000004e-01
2.001760000000000206e-01 3.163382127967777346e-02 4.042597098317727428e-02 3.163382127967776652e-02 1.436000000000000054e-01 2.562034710424644299e-02 4.042597098317726734e-02 2.562034710424644299e-02 1.596640000000000004e-01
2.001760000000000206e-01 3.973403614251030253e-02 5.133789319536813389e-02 3.973403614251028865e-02 1.436000000000000054e-01 3.216702874877310631e-02 5.133789319536812695e-02 3.216702874877310631e-02 1.596640000000000004e-01
2.001760000000000206e-01 4.741348309193812310e-02 6.120801673234780443e-02 4.741348309193810923e-02 1.436000000000000054e-01 4.037218065069021755e-02 6.120801673234779749e-02 4.037218065069021755e-02 1.596640000000000004e-01
2.001760000000000206e-01 4.857496959833935979e-02 6.332970264879832223e-02 4.857496959833934591e-02 1.436000000000000054e-01 4.725360502194000945e-02 6.332970264879830835e-02 4.725360502194000945e-02 1.596640000000000004e-01
2.001760000000000206e-01 5.957464474579702435e-02 7.549387969169005230e-02 5.957464474579701047e-02 1.436000000000000054e-01 5.501384377196166797e-02 7.549387969169003842e-02 5.501384377196166797e-02 1.596640000000000004e-01
2.001760000000000206e-01 6.751112044000040502e-02 8.241970772686786628e-02 6.751112044000039114e-02 1.436000000000000054e-01 6.120866896858195849e-02 8.241970772686785240e-02 6.120866896858195849e-02 1.596640000000000004e-01
2.001760000000000206e-01 7.211081538168073735e-02 9.206538964332663944e-02 7.211081538168072347e-02 1.436000000000000054e-01 6.256162181830463020e-02 9.206538964332662556e-02 6.256162181830463020e-02 1.596640000000000004e-01
2.001760000000000206e-01 7.965408419449603039e-02 9.879013443195644451e-02 7.965408419449601651e-02 1.436000000000000054e-01 6.970527256122242832e-02 9.879013443195641675e-02 6.970527256122242832e-02 1.596640000000000004e-01
2.001760000000000206e-01 8.894452566808050409e-02 1.098593212279130177e-01 8.894452566808049021e-02 1.436000000000000054e-01 7.412485311042592284e-02 1.098593212279130038e-01 7.412485311042592284e-02 1.596640000000000004e-01
2.001760000000000206e-01 9.091723722121955453e-02 1.247972463645784097e-01 9.091723722121952678e-02 1.436000000000000054e-01 8.585202783230368173e-02 1.247972463645783958e-01 8.585202783230368173e-02 1.596640000000000004e-01
2.001760000000000206e-01 9.656598286202905390e-02 1.313219921908239107e-01 9.656598286202904002e-02 1.436000000000000054e-01 8.985832456378568811e-02 1.313219921908238830e-01 8.985832456378568811e-02 1.596640000000000004e-01
2.001760000000000206e-01 1.066231364518687441e-01 1.424533125398252387e-01 1.066231364518687164e-01 1.436000000000000054e-01 9.296995506763229555e-02 1.424533125398252109e-01 9.296995506763229555e-02 1.596640000000000004e-01
2.001760000000000206e-01 1.158882957442626954e-01 1.520323029331842601e-01 1.158882957442626815e-01 1.436000000000000054e-01 9.945688820709101818e-02 1.520323029331842324e-01 9.945688820709101818e-02 1.596640000000000004e-01
2.001760000000000206e-01 1.174594426586149792e-01 1.608310512068877873e-01 1.174594426586149515e-01 1.436000000000000054e-01 1.099739480295289507e-01 1.608310512068877596e-01 1.099739480295289507e-01 1.596640000000000004e-01
2.001760000000000206e-01 1.276605503091647609e-01 1.645771859223063571e-01 1.276605503091647331e-01 1.436000000000000054e-01 1.137378838303263057e-01 1.645771859223063294e-01 1.137378838303263057e-01 1.596640000000000004e-01
2.001760000000000206e-01 1.308000000000000274e-01 1.701920000000000099e-01 1.307999999999999996e-01 1.436000000000000054e-01 1.167999999999999872e-01 1.701919999999999822e-01 1.167999999999999872e-01 1.596640000000000004e-01
c: 
2.745999999999999996e+00
2.513999999999999790e+00
2.403999999999999915e+00
