CDF: 
2.300000000000000100e-01 5.100000000000000089e-01 6.600000000000000311e-01 1.000000000000000000e+00
1.499999999999999944e-01 1.900000000000000022e-01 4.899999999999999911e-01 1.000000000000000000e+00
1.600000000000000033e-01 4.099999999999999756e-01 5.400000000000000355e-01 1.000000000000000000e+00
sigma: 
1.672639999999999960e-01 4.742308392498612371e-03 1.092997981410147442e-03 4.742308392498612371e-03 1.525559999999999972e-01 7.681251935310576436e-03 1.092997981410147442e-03 7.681251935310578170e-03 1.749560000000000004e-01
1.672639999999999960e-01 1.203672016902947346e-02 1.236695754291272133e-02 1.203672016902947346e-02 1.525559999999999972e-01 9.182588551242735694e-03 1.236695754291272133e-02 9.182588551242735694e-03 1.749560000000000004e-01
1.672639999999999960e-01 2.039474434248541440e-02 2.268542566773630934e-02 2.039474434248541440e-02 1.525559999999999972e-01 1.723837385416400469e-02 2.268542566773630934e-02 1.723837385416400816e-02 1.749560000000000004e-01
1.672639999999999960e-01 2.333606579254279140e-02 2.653622991019997934e-02 2.333606579254279140e-02 1.525559999999999972e-01 3.190004189876653046e-02 2.653622991019997934e-02 3.190004189876653740e-02 1.749560000000000004e-01
1.672639999999999960e-01 3.077009537751768803e-02 3.605294210847375530e-02 3.077009537751768803e-02 1.525559999999999972e-01 3.933227317015595970e-02 3.605294210847375530e-02 3.933227317015596664e-02 1.749560000000000004e-01
1.672639999999999960e-01 3.536419534029138639e-02 4.048801193498145073e-02 3.536419534029138639e-02 1.525559999999999972e-01 4.564585064341783460e-02 4.048801193498145073e-02 4.564585064341784154e-02 1.749560000000000004e-01
1.672639999999999960e-01 4.810208570012279583e-02 5.393564256822914321e-02 4.810208570012279583e-02 1.525559999999999972e-01 5.172647897321597243e-02 5.393564256822914321e-02 5.172647897321597937e-02 1.749560000000000004e-01
1.672639999999999960e-01 5.580361434935925818e-02 5.612246755501518886e-02 5.580361434935925818e-02 1.525559999999999972e-01 6.427122227305256952e-02 5.612246755501518886e-02 6.427122227305258340e-02 1.749560000000000004e-01
1.672639999999999960e-01 6.265895091559456342e-02 6.987937195374523125e-02 6.265895091559456342e-02 1.525559999999999972e-01 7.005260224053204421e-02 6.987937195374523125e-02 7.005260224053205809e-02 1.749560000000000004e-01
1.672639999999999960e-01 6.383496898923955720e-02 7.510454516642769973e-02 6.383496898923955720e-02 1.525559999999999972e-01 7.993662573553451944e-02 7.510454516642769973e-02 7.993662573553454720e-02 1.749560000000000004e-01
1.672639999999999960e-01 7.421033998191901848e-02 8.431068879819940409e-02 7.421033998191901848e-02 1.525559999999999972e-01 8.328885296824561912e-02 8.431068879819940409e-02 8.328885296824563300e-02 1.749560000000000004e-01
1.672639999999999960e-01 8.186088059908916414e-02 9.563677133899756155e-02 8.186088059908916414e-02 1.525559999999999972e-01 8.921021275164857378e-02 9.563677133899756155e-02 8.921021275164858766e-02 1.749560000000000004e-01
1.672639999999999960e-01 8.862030157099555494e-02 9.900652908588751522e-02 8.862030157099555494e-02 1.525559999999999972e-01 1.046872749749310216e-01 9.900652908588751522e-02 1.046872749749310494e-01 1.749560000000000004e-01
1.672639999999999960e-01 9.808432473614847602e-02 1.095519449389972672e-01 9.808432473614847602e-02 1.525559999999999972e-01 1.071409741265929860e-01 1.095519449389972672e-01 1.071409741265930138e-01 1.749560000000000004e-01
1.672639999999999960e-01 9.873846141037072310e-02 1.162104218214464330e-01 9.873846141037072310e-02 1.525559999999999972e-01 1.142885519416696055e-01 1.162104218214464330e-01 1.142885519416696194e-01 1.749560000000000004e-01
1.672639999999999960e-01 1.093109864231490702e-01 1.267950410852519139e-01 1.093109864231490702e-01 1.525559999999999972e-01 1.245891384428711446e-01 1.267950410852519139e-01 1.245891384428711723e-01 1.749560000000000004e-01
1.672639999999999960e-01 1.168055174009400704e-01 1.300282999179561416e-01 1.168055174009400704e-01 1.525559999999999972e-01 1.344838857167500734e-01 1.300282999179561416e-01 1.344838857167501012e-01 1.749560000000000004e-01
1.672639999999999960e-01 1.225361498404401450e-01 1.420290380204232705e-01 1.225361498404401450e-01 1.525559999999999972e-01 1.388823997657615550e-01 1.420290380204232705e-01 1.388823997657615827e-01 1.749560000000000004e-01
1.672639999999999960e-01 1.286100270052487893e-01 1.446168682142613404e-01 1.286100270052487893e-01 1.525559999999999972e-01 1.453299913984462399e-01 1.446168682142613404e-01 1.453299913984462677e-01 1.749560000000000004e-01
1.672639999999999960e-01 1.338719999999999910e-01 1.517279999999999740e-01 1.338719999999999910e-01 1.525559999999999972e-01 1.530439999999999856e-01 1.517279999999999740e-01 1.530440000000000134e-01 1.749560000000000004e-01
c: 
2.919000000000000039e+00
1.358000000000000096e+00
2.817000000000000171e+00
