CDF: 
1.700000000000000122e-01 2.300000000000000100e-01 7.500000000000000000e-01 1.000000000000000000e+00
3.400000000000000244e-01 5.699999999999999512e-01 8.299999999999999600e-01 1.000000000000000000e+00
2.999999999999999889e-01 4.299999999999999933e-01 8.000000000000000444e-01 1.000000000000000000e+00
sigma: 
1.276560000000000195e-01 2.219172414597233006e-03 5.724228372595142715e-03 2.219172414597233006e-03 1.222590000000000204e-01 6.531726550225689949e-04 5.724228372595143582e-03 6.531726550225689949e-04 1.296240000000000170e-01
1.276560000000000195e-01 1.047959099632648529e-02 1.091551117273504429e-02 1.047959099632648529e-02 1.222590000000000204e-01 7.070893261113216956e-03 1.091551117273504602e-02 7.070893261113216956e-03 1.296240000000000170e-01
1.276560000000000195e-01 1.406945902638208692e-02 1.624277446376253334e-02 1.406945902638208692e-02 1.222590000000000204e-01 1.762591699769588266e-02 1.624277446376253681e-02 1.762591699769588266e-02 1.296240000000000170e-01
1.276560000000000195e-01 1.776456464206976546e-02 2.370412545783576880e-02 1.776456464206976546e-02 1.222590000000000204e-01 2.167392254138355775e-02 2.370412545783577227e-02 2.167392254138355775e-02 1.296240000000000170e-01
1.276560000000000195e-01 2.303497084730590436e-02 2.685507680669983049e-02 2.303497084730590436e-02 1.222590000000000204e-01 2.879732706306045026e-02 2.685507680669983396e-02 2.879732706306045026e-02 1.296240000000000170e-01
1.276560000000000195e-01 2.951626657634644907e-02 3.302972271590674108e-02 2.951626657634644907e-02 1.222590000000000204e-01 3.271127006771696460e-02 3.302972271590674802e-02 3.271127006771696460e-02 1.296240000000000170e-01
1.276560000000000195e-01 3.464066347196129159e-02 3.893869544349529144e-02 3.464066347196129159e-02 1.222590000000000204e-01 3.910599471697855795e-02 3.893869544349529144e-02 3.910599471697855795e-02 1.296240000000000170e-01
1.276560000000000195e-01 4.254686670965880657e-02 4.301605467762758400e-02 4.254686670965880657e-02 1.222590000000000204e-01 4.460052301491798654e-02 4.301605467762758400e-02 4.460052301491798654e-02 1.296240000000000170e-01
1.276560000000000195e-01 4.895366235238613611e-02 5.130707107726101279e-02 4.895366235238613611e-02 1.222590000000000204e-01 5.340982602236580418e-02 5.130707107726101973e-02 5.340982602236580418e-02 1.296240000000000170e-01
1.276560000000000195e-01 5.158282820782836980e-02 5.585252648037344197e-02 5.158282820782836980e-02 1.222590000000000204e-01 5.627217441411229426e-02 5.585252648037344891e-02 5.627217441411229426e-02 1.296240000000000170e-01
1.276560000000000195e-01 5.975717288377660474e-02 6.261457638851369856e-02 5.975717288377660474e-02 1.222590000000000204e-01 6.733985703209940943e-02 6.261457638851369856e-02 6.733985703209940943e-02 1.296240000000000170e-01
1.276560000000000195e-01 6.218853608950652978e-02 7.011619985375468211e-02 6.218853608950652978e-02 1.222590000000000204e-01 7.364813254207938642e-02 7.011619985375469599e-02 7.364813254207938642e-02 1.296240000000000170e-01
1.276560000000000195e-01 6.742696302218580129e-02 7.366591272055417194e-02 6.742696302218580129e-02 1.222590000000000204e-01 7.743755851829228765e-02 7.366591272055417194e-02 7.743755851829228765e-02 1.296240000000000170e-01
1.276560000000000195e-01 7.414312232192517282e-02 8.242111375664554207e-02 7.414312232192517282e-02 1.222590000000000204e-01 8.298017597455208116e-02 8.242111375664555595e-02 8.298017597455208116e-02 1.296240000000000170e-01
1.276560000000000195e-01 8.152888678960548696e-02 8.654733715812407135e-02 8.152888678960548696e-02 1.222590000000000204e-01 8.686280234865359495e-02 8.654733715812408523e-02 8.686280234865359495e-02 1.296240000000000170e-01
1.276560000000000195e-01 8.668930500690470720e-02 9.490521387339972970e-02 8.668930500690470720e-02 1.222590000000000204e-01 9.629616241684489653e-02 9.490521387339974357e-02 9.629616241684489653e-02 1.296240000000000170e-01
1.276560000000000195e-01 9.238934734941568749e-02 9.834334809661916810e-02 9.238934734941568749e-02 1.222590000000000204e-01 1.027064900050439905e-01 9.834334809661918197e-02 1.027064900050439905e-01 1.296240000000000170e-01
1.276560000000000195e-01 9.580088302062360339e-02 1.081349245650814750e-01 9.580088302062360339e-02 1.222590000000000204e-01 1.077998617009908733e-01 1.081349245650814889e-01 1.077998617009908733e-01 1.296240000000000170e-01
1.276560000000000195e-01 1.013887341465597863e-01 1.089926780900575543e-01 1.013887341465597863e-01 1.222590000000000204e-01 1.167709617739244726e-01 1.089926780900575681e-01 1.167709617739244726e-01 1.296240000000000170e-01
1.276560000000000195e-01 1.054480000000000139e-01 1.142120000000000080e-01 1.054480000000000139e-01 1.222590000000000204e-01 1.169960000000000166e-01 1.142120000000000218e-01 1.169960000000000166e-01 1.296240000000000170e-01
c: 
1.068000000000000060e+00
2.597999999999999865e+00
1.743000000000000105e+00
