CDF: 
1.400000000000000133e-01 3.599999999999999867e-01 4.600000000000000200e-01 1.000000000000000000e+00
3.300000000000000155e-01 4.000000000000000222e-01 5.100000000000000089e-01 1.000000000000000000e+00
1.100000000000000006e-01 2.200000000000000011e-01 5.699999999999999512e-01 1.000000000000000000e+00
sigma: 
2.007359999999999978e-01 8.157234228473806900e-03 6.507778983055874204e-03 8.157234228473806900e-03 2.196999999999999786e-01 8.085311638304244070e-03 6.507778983055874204e-03 8.085311638304244070e-03 1.644840000000000191e-01
2.007359999999999978e-01 1.752289377714107838e-02 1.437824823312456972e-02 1.752289377714107838e-02 2.196999999999999786e-01 1.133891575882872531e-02 1.437824823312456972e-02 1.133891575882872531e-02 1.644840000000000191e-01
2.007359999999999978e-01 2.197861996399393461e-02 1.691656850202251025e-02 2.197861996399393461e-02 2.196999999999999786e-01 2.479964692369193008e-02 1.691656850202251025e-02 2.479964692369193008e-02 1.644840000000000191e-01
2.007359999999999978e-01 3.373730264000357471e-02 2.633169033618177474e-02 3.373730264000357471e-02 2.196999999999999786e-01 3.551402020697535383e-02 2.633169033618177474e-02 3.551402020697535383e-02 1.644840000000000191e-01
2.007359999999999978e-01 5.160403232267383317e-02 3.443039622288006363e-02 5.160403232267383317e-02 2.196999999999999786e-01 4.246117825742781737e-02 3.443039622288006363e-02 4.246117825742781737e-02 1.644840000000000191e-01
2.007359999999999978e-01 5.473944359731600096e-02 4.818810326578137904e-02 5.473944359731600096e-02 2.196999999999999786e-01 4.691121086993101791e-02 4.818810326578137904e-02 4.691121086993101791e-02 1.644840000000000191e-01
2.007359999999999978e-01 7.137329202505128534e-02 5.504442365511755253e-02 7.137329202505128534e-02 2.196999999999999786e-01 5.683300233027505088e-02 5.504442365511755253e-02 5.683300233027505088e-02 1.644840000000000191e-01
2.007359999999999978e-01 7.321810623802960105e-02 6.116174149261771609e-02 7.321810623802960105e-02 2.196999999999999786e-01 6.558703785399774833e-02 6.116174149261771609e-02 6.558703785399774833e-02 1.644840000000000191e-01
2.007359999999999978e-01 9.296459603104549607e-02 6.503637201482025121e-02 9.296459603104549607e-02 2.196999999999999786e-01 7.665846782446641972e-02 6.503637201482025121e-02 7.665846782446641972e-02 1.644840000000000191e-01
2.007359999999999978e-01 1.031071755041605836e-01 8.064601466646344197e-02 1.031071755041605836e-01 2.196999999999999786e-01 8.703409747465865043e-02 8.064601466646344197e-02 8.703409747465865043e-02 1.644840000000000191e-01
2.007359999999999978e-01 1.144700574599065573e-01 8.571011829861216458e-02 1.144700574599065573e-01 2.196999999999999786e-01 9.852746018435394604e-02 8.571011829861216458e-02 9.852746018435394604e-02 1.644840000000000191e-01
2.007359999999999978e-01 1.246366518053506067e-01 9.142077328936064340e-02 1.246366518053506067e-01 2.196999999999999786e-01 1.009381919130281080e-01 9.142077328936064340e-02 1.009381919130281080e-01 1.644840000000000191e-01
2.007359999999999978e-01 1.314679735483294254e-01 9.991267348020696493e-02 1.314679735483294254e-01 2.196999999999999786e-01 1.138815375686145215e-01 9.991267348020696493e-02 1.138815375686145215e-01 1.644840000000000191e-01
2.007359999999999978e-01 1.439490882192252796e-01 1.112672263412037565e-01 1.439490882192252796e-01 2.196999999999999786e-01 1.192708008516010637e-01 1.112672263412037565e-01 1.192708008516010637e-01 1.644840000000000191e-01
2.007359999999999978e-01 1.460489094946158251e-01 1.168070455959344250e-01 1.460489094946158251e-01 2.196999999999999786e-01 1.326296124031235424e-01 1.168070455959344250e-01 1.326296124031235424e-01 1.644840000000000191e-01
2.007359999999999978e-01 1.592409517266150099e-01 1.289045377243871193e-01 1.592409517266150099e-01 2.196999999999999786e-01 1.409529246438641081e-01 1.289045377243871193e-01 1.409529246438641081e-01 1.644840000000000191e-01
2.007359999999999978e-01 1.680508127208580615e-01 1.324026886560779326e-01 1.680508127208580615e-01 2.196999999999999786e-01 1.459301539525530711e-01 1.324026886560779326e-01 1.459301539525530711e-01 1.644840000000000191e-01
2.007359999999999978e-01 1.777917452141445642e-01 1.433633278984631221e-01 1.777917452141445642e-01 2.196999999999999786e-01 1.538044002179766168e-01 1.433633278984631221e-01 1.538044002179766168e-01 1.644840000000000191e-01
2.007359999999999978e-01 1.924176512335328271e-01 1.502622001922007955e-01 1.924176512335328271e-01 2.196999999999999786e-01 1.629283275876219350e-01 1.502622001922007955e-01 1.629283275876219350e-01 1.644840000000000191e-01
2.007359999999999978e-01 1.981399999999999828e-01 1.537680000000000158e-01 1.981399999999999828e-01 2.196999999999999786e-01 1.706199999999999939e-01 1.537680000000000158e-01 1.706199999999999939e-01 1.644840000000000191e-01
c: 
2.537999999999999812e+00
1.284000000000000030e+00
2.922000000000000153e+00
