CDF: 
2.300000000000000100e-01 3.300000000000000155e-01 8.399999999999999689e-01 1.000000000000000000e+00
5.500000000000000444e-01 6.400000000000000133e-01 7.299999999999999822e-01 1.000000000000000000e+00
1.000000000000000056e-01 4.299999999999999933e-01 5.300000000000000266e-01 1.000000000000000000e+00
sigma: 
1.025709999999999955e-01 3.682769224641668348e-03 1.882999023610095433e-03 3.682769224641668348e-03 1.853639999999999732e-01 3.852572806633561449e-03 1.882999023610095433e-03 3.852572806633560581e-03 1.982110000000000261e-01
1.025709999999999955e-01 8.904982468109222046e-03 5.435679611318936996e-03 8.904982468109222046e-03 1.853639999999999732e-01 1.209182094669668077e-02 5.435679611318936996e-03 1.209182094669667903e-02 1.982110000000000261e-01
1.025709999999999955e-01 1.207614967230669425e-02 1.419734917138592081e-02 1.207614967230669425e-02 1.853639999999999732e-01 1.587722854812435858e-02 1.419734917138592081e-02 1.587722854812435511e-02 1.982110000000000261e-01
1.025709999999999955e-01 2.153022894653621247e-02 1.590897104745334079e-02 2.153022894653621247e-02 1.853639999999999732e-01 2.500620573294181151e-02 1.590897104745334079e-02 2.500620573294180804e-02 1.982110000000000261e-01
1.025709999999999955e-01 2.301306855493922068e-02 2.147927593258342274e-02 2.301306855493922068e-02 1.853639999999999732e-01 3.046152519037155851e-02 2.147927593258342274e-02 3.046152519037155157e-02 1.982110000000000261e-01
1.025709999999999955e-01 3.255149920683954312e-02 2.491979999249790620e-02 3.255149920683954312e-02 1.853639999999999732e-01 4.006353756206947059e-02 2.491979999249790620e-02 4.006353756206946365e-02 1.982110000000000261e-01
1.025709999999999955e-01 3.710867044284084371e-02 3.012568925686183799e-02 3.710867044284084371e-02 1.853639999999999732e-01 4.756665804125759234e-02 3.012568925686183799e-02 4.756665804125757846e-02 1.982110000000000261e-01
1.025709999999999955e-01 4.243665713689324243e-02 3.799482984986563006e-02 4.243665713689324243e-02 1.853639999999999732e-01 5.344386562601621815e-02 3.799482984986563006e-02 5.344386562601620427e-02 1.982110000000000261e-01
1.025709999999999955e-01 4.774157230806634622e-02 3.977311343466160415e-02 4.774157230806634622e-02 1.853639999999999732e-01 6.439884877425214316e-02 3.977311343466160415e-02 6.439884877425212928e-02 1.982110000000000261e-01
1.025709999999999955e-01 5.433637358899064129e-02 4.806847355654934179e-02 5.433637358899064129e-02 1.853639999999999732e-01 7.494078289836840490e-02 4.806847355654934179e-02 7.494078289836839102e-02 1.982110000000000261e-01
1.025709999999999955e-01 5.562104232478697063e-02 4.953697846272825389e-02 5.562104232478697063e-02 1.853639999999999732e-01 7.576247517030974821e-02 4.953697846272825389e-02 7.576247517030973433e-02 1.982110000000000261e-01
1.025709999999999955e-01 6.585458302536689734e-02 5.682971750523020671e-02 6.585458302536689734e-02 1.853639999999999732e-01 8.981184835640583508e-02 5.682971750523020671e-02 8.981184835640580733e-02 1.982110000000000261e-01
1.025709999999999955e-01 6.699193920420912218e-02 6.070467053774646765e-02 6.699193920420912218e-02 1.853639999999999732e-01 9.371897636774219331e-02 6.070467053774646765e-02 9.371897636774217943e-02 1.982110000000000261e-01
1.025709999999999955e-01 7.289309313408573465e-02 6.622527524409461963e-02 7.289309313408573465e-02 1.853639999999999732e-01 1.045560608988810453e-01 6.622527524409461963e-02 1.045560608988810175e-01 1.982110000000000261e-01
1.025709999999999955e-01 8.124439748171836950e-02 7.219969858993503797e-02 8.124439748171836950e-02 1.853639999999999732e-01 1.062917787272463499e-01 7.219969858993503797e-02 1.062917787272463360e-01 1.982110000000000261e-01
1.025709999999999955e-01 8.837675613868685442e-02 7.611016231805783905e-02 8.837675613868685442e-02 1.853639999999999732e-01 1.156572723912634992e-01 7.611016231805783905e-02 1.156572723912634854e-01 1.982110000000000261e-01
1.025709999999999955e-01 9.375833080596895908e-02 8.096173646176520189e-02 9.375833080596895908e-02 1.853639999999999732e-01 1.248474416622087912e-01 8.096173646176520189e-02 1.248474416622087635e-01 1.982110000000000261e-01
1.025709999999999955e-01 9.806234809144918907e-02 8.506688497419788442e-02 9.806234809144918907e-02 1.853639999999999732e-01 1.286827536768131164e-01 8.506688497419788442e-02 1.286827536768130886e-01 1.982110000000000261e-01
1.025709999999999955e-01 1.008601454235229788e-01 9.039196626379775168e-02 1.008601454235229788e-01 1.853639999999999732e-01 1.408824056267085623e-01 9.039196626379775168e-02 1.408824056267085345e-01 1.982110000000000261e-01
1.025709999999999955e-01 1.049619999999999997e-01 9.384099999999999386e-02 1.049619999999999997e-01 1.853639999999999732e-01 1.429020000000000012e-01 9.384099999999999386e-02 1.429019999999999735e-01 1.982110000000000261e-01
c: 
2.955999999999999961e+00
1.858000000000000096e+00
1.395000000000000018e+00
