CDF: 
1.600000000000000033e-01 4.600000000000000200e-01 6.999999999999999556e-01 1.000000000000000000e+00
1.499999999999999944e-01 2.399999999999999911e-01 3.900000000000000133e-01 1.000000000000000000e+00
5.300000000000000266e-01 5.799999999999999600e-01 6.300000000000000044e-01 1.000000000000000000e+00
sigma: 
1.629960000000000020e-01 2.531104341250617340e-03 3.936373210586137025e-03 2.531104341250616906e-03 1.835039999999999727e-01 6.742399827073754584e-03 3.936373210586137025e-03 6.742399827073754584e-03 2.228999999999999870e-01
1.629960000000000020e-01 7.693772369953280447e-03 1.698169536036837901e-02 7.693772369953278713e-03 1.835039999999999727e-01 1.065085147223732848e-02 1.698169536036837901e-02 1.065085147223732848e-02 2.228999999999999870e-01
1.629960000000000020e-01 1.751397063010136715e-02 2.527250860587484591e-02 1.751397063010136021e-02 1.835039999999999727e-01 1.533260745851267731e-02 2.527250860587484591e-02 1.533260745851267731e-02 2.228999999999999870e-01
1.629960000000000020e-01 2.370097854707737053e-02 3.446151399125918502e-02 2.370097854707736360e-02 1.835039999999999727e-01 2.089214654681367453e-02 3.446151399125918502e-02 2.089214654681367453e-02 2.228999999999999870e-01
1.629960000000000020e-01 3.070159324413210267e-02 3.890508018045007316e-02 3.070159324413209226e-02 1.835039999999999727e-01 2.850658233195250968e-02 3.890508018045007316e-02 2.850658233195250968e-02 2.228999999999999870e-01
1.629960000000000020e-01 3.208274287263439967e-02 5.246495813367331451e-02 3.208274287263439273e-02 1.835039999999999727e-01 3.789700443810459229e-02 5.246495813367331451e-02 3.789700443810459229e-02 2.228999999999999870e-01
1.629960000000000020e-01 3.919266806229465550e-02 5.993785854793712287e-02 3.919266806229464162e-02 1.835039999999999727e-01 4.767875063196348739e-02 5.993785854793712287e-02 4.767875063196348739e-02 2.228999999999999870e-01
1.629960000000000020e-01 4.505403225655266880e-02 6.768018395472742699e-02 4.505403225655265492e-02 1.835039999999999727e-01 5.458092682747527763e-02 6.768018395472742699e-02 5.458092682747527763e-02 2.228999999999999870e-01
1.629960000000000020e-01 5.257424214085654884e-02 7.571821377390100527e-02 5.257424214085653497e-02 1.835039999999999727e-01 6.012813570077697733e-02 7.571821377390100527e-02 6.012813570077697733e-02 2.228999999999999870e-01
1.629960000000000020e-01 5.650204137495318940e-02 8.439804768753240982e-02 5.650204137495317552e-02 1.835039999999999727e-01 6.809407162933642232e-02 8.439804768753240982e-02 6.809407162933642232e-02 2.228999999999999870e-01
1.629960000000000020e-01 6.604322855335184594e-02 9.550767763350782869e-02 6.604322855335183207e-02 1.835039999999999727e-01 7.520147704628665775e-02 9.550767763350782869e-02 7.520147704628665775e-02 2.228999999999999870e-01
1.629960000000000020e-01 6.900724126747510845e-02 1.032163186026601870e-01 6.900724126747509457e-02 1.835039999999999727e-01 7.745643169956105412e-02 1.032163186026601870e-01 7.745643169956105412e-02 2.228999999999999870e-01
1.629960000000000020e-01 7.595301070937865440e-02 1.081023220982237215e-01 7.595301070937864052e-02 1.835039999999999727e-01 8.416128115852898606e-02 1.081023220982237215e-01 8.416128115852898606e-02 2.228999999999999870e-01
1.629960000000000020e-01 8.408606125095254014e-02 1.197804971013209235e-01 8.408606125095251238e-02 1.835039999999999727e-01 9.240632368658180384e-02 1.197804971013209235e-01 9.240632368658180384e-02 2.228999999999999870e-01
1.629960000000000020e-01 9.107479643531764257e-02 1.337203002357942039e-01 9.107479643531761482e-02 1.835039999999999727e-01 1.018279908586495613e-01 1.337203002357942039e-01 1.018279908586495613e-01 2.228999999999999870e-01
1.629960000000000020e-01 9.763067196127148129e-02 1.366031325239998317e-01 9.763067196127145353e-02 1.835039999999999727e-01 1.069443341341731607e-01 1.366031325239998317e-01 1.069443341341731607e-01 2.228999999999999870e-01
1.629960000000000020e-01 9.967863420927805529e-02 1.438708550120942065e-01 9.967863420927802753e-02 1.835039999999999727e-01 1.164380085772674378e-01 1.438708550120942065e-01 1.164380085772674378e-01 2.228999999999999870e-01
1.629960000000000020e-01 1.088831290279917152e-01 1.553492735106871692e-01 1.088831290279916875e-01 1.835039999999999727e-01 1.178672693819591277e-01 1.553492735106871692e-01 1.178672693819591277e-01 2.228999999999999870e-01
1.629960000000000020e-01 1.122753517412442142e-01 1.632641073348245209e-01 1.122753517412441865e-01 1.835039999999999727e-01 1.303743696501678540e-01 1.632641073348245209e-01 1.303743696501678540e-01 2.228999999999999870e-01
1.629960000000000020e-01 1.173720000000000041e-01 1.702200000000000102e-01 1.173719999999999763e-01 1.835039999999999727e-01 1.310399999999999898e-01 1.702200000000000102e-01 1.310399999999999898e-01 2.228999999999999870e-01
c: 
1.766999999999999904e+00
2.730999999999999872e+00
2.495000000000000107e+00
