CDF: 
2.300000000000000100e-01 6.600000000000000311e-01 8.299999999999999600e-01 1.000000000000000000e+00
2.899999999999999800e-01 3.900000000000000133e-01 7.399999999999999911e-01 1.000000000000000000e+00
1.499999999999999944e-01 4.500000000000000111e-01 8.499999999999999778e-01 1.000000000000000000e+00
sigma: 
1.199039999999999828e-01 3.133202660049022679e-03 1.290612190545866855e-03 3.133202660049022679e-03 1.518749999999999822e-01 2.548652703927124698e-03 1.290612190545866855e-03 2.548652703927125132e-03 9.899999999999999079e-02
1.199039999999999828e-01 1.133513872704870057e-02 8.810572934170523077e-03 1.133513872704870057e-02 1.518749999999999822e-01 9.332207455838388219e-03 8.810572934170524811e-03 9.332207455838389953e-03 9.899999999999999079e-02
1.199039999999999828e-01 1.397587895752835756e-02 1.169989949161228011e-02 1.397587895752835756e-02 1.518749999999999822e-01 1.067320387377991217e-02 1.169989949161228185e-02 1.067320387377991391e-02 9.899999999999999079e-02
1.199039999999999828e-01 1.812855469432538003e-02 1.969611506664146333e-02 1.812855469432538003e-02 1.518749999999999822e-01 1.988287884253618978e-02 1.969611506664146680e-02 1.988287884253619325e-02 9.899999999999999079e-02
1.199039999999999828e-01 2.928825083590319220e-02 2.379279194664265032e-02 2.928825083590319220e-02 1.518749999999999822e-01 2.503138435826035221e-02 2.379279194664265379e-02 2.503138435826035568e-02 9.899999999999999079e-02
1.199039999999999828e-01 3.141016746832518691e-02 2.829963086282167445e-02 3.141016746832518691e-02 1.518749999999999822e-01 3.105295345939370483e-02 2.829963086282167792e-02 3.105295345939370830e-02 9.899999999999999079e-02
1.199039999999999828e-01 3.884159949746664869e-02 3.247695736976333875e-02 3.884159949746664869e-02 1.518749999999999822e-01 3.551233458946889687e-02 3.247695736976334568e-02 3.551233458946890381e-02 9.899999999999999079e-02
1.199039999999999828e-01 4.543076554641662518e-02 3.906675372783689065e-02 4.543076554641662518e-02 1.518749999999999822e-01 4.129169409884114045e-02 3.906675372783689759e-02 4.129169409884114739e-02 9.899999999999999079e-02
1.199039999999999828e-01 5.266480628604180286e-02 4.554012104918739312e-02 5.266480628604180286e-02 1.518749999999999822e-01 4.462141426980058279e-02 4.554012104918740006e-02 4.462141426980058972e-02 9.899999999999999079e-02
1.199039999999999828e-01 5.905471113886048840e-02 5.171629600166999935e-02 5.905471113886048840e-02 1.518749999999999822e-01 4.792771667022502347e-02 5.171629600167000629e-02 4.792771667022503040e-02 9.899999999999999079e-02
1.199039999999999828e-01 6.380780221989863776e-02 5.720012848974396352e-02 6.380780221989863776e-02 1.518749999999999822e-01 5.719348467457451707e-02 5.720012848974397046e-02 5.719348467457452401e-02 9.899999999999999079e-02
1.199039999999999828e-01 6.703013787366210452e-02 6.058197976441011962e-02 6.703013787366210452e-02 1.518749999999999822e-01 6.182347730744941483e-02 6.058197976441012655e-02 6.182347730744942871e-02 9.899999999999999079e-02
1.199039999999999828e-01 7.336280685196860940e-02 6.379120803870035050e-02 7.336280685196860940e-02 1.518749999999999822e-01 6.485429746346306479e-02 6.379120803870035050e-02 6.485429746346307867e-02 9.899999999999999079e-02
1.199039999999999828e-01 8.171776860550199195e-02 7.099635200338003105e-02 8.171776860550199195e-02 1.518749999999999822e-01 7.262671414671882653e-02 7.099635200338003105e-02 7.262671414671884040e-02 9.899999999999999079e-02
1.199039999999999828e-01 8.916575941644877545e-02 7.567566299004650776e-02 8.916575941644877545e-02 1.518749999999999822e-01 7.734032418027855793e-02 7.567566299004652164e-02 7.734032418027855793e-02 9.899999999999999079e-02
1.199039999999999828e-01 9.071633445742360857e-02 8.093249772684359133e-02 9.071633445742360857e-02 1.518749999999999822e-01 7.859761875348574012e-02 8.093249772684360521e-02 7.859761875348575400e-02 9.899999999999999079e-02
1.199039999999999828e-01 1.020309546147343815e-01 8.574945913824839894e-02 1.020309546147343815e-01 1.518749999999999822e-01 8.623029397709025545e-02 8.574945913824841282e-02 8.623029397709026933e-02 9.899999999999999079e-02
1.199039999999999828e-01 1.040731276917050280e-01 9.412513598759784939e-02 1.040731276917050280e-01 1.518749999999999822e-01 9.416423095026045520e-02 9.412513598759786326e-02 9.416423095026046908e-02 9.899999999999999079e-02
1.199039999999999828e-01 1.135458517433662884e-01 9.619185151782318199e-02 1.135458517433662884e-01 1.518749999999999822e-01 9.717501548479255680e-02 9.619185151782318199e-02 9.717501548479257067e-02 9.899999999999999079e-02
1.199039999999999828e-01 1.143000000000000127e-01 1.005999999999999950e-01 1.143000000000000127e-01 1.518749999999999822e-01 9.939999999999998836e-02 1.006000000000000089e-01 9.940000000000000224e-02 9.899999999999999079e-02
c: 
2.834999999999999964e+00
1.193999999999999950e+00
2.709000000000000075e+00
