CDF: 
5.200000000000000178e-01 7.299999999999999822e-01 7.900000000000000355e-01 1.000000000000000000e+00
3.099999999999999978e-01 3.599999999999999867e-01 6.199999999999999956e-01 1.000000000000000000e+00
2.200000000000000011e-01 4.799999999999999822e-01 7.099999999999999645e-01 1.000000000000000000e+00
sigma: 
1.518239999999999867e-01 5.231480531175477025e-03 1.018282237366607617e-03 5.231480531175477892e-03 1.795639999999999459e-01 6.294951104049835607e-03 1.018282237366607400e-03 6.294951104049837341e-03 1.488440000000000318e-01
1.518239999999999867e-01 1.011578671442245510e-02 1.036803582476535264e-02 1.011578671442245857e-02 1.795639999999999459e-01 1.159874916841966211e-02 1.036803582476534917e-02 1.159874916841966384e-02 1.488440000000000318e-01
1.518239999999999867e-01 1.960421087027475542e-02 2.022808441578092739e-02 1.960421087027475889e-02 1.795639999999999459e-01 2.280538277930862015e-02 2.022808441578092392e-02 2.280538277930862362e-02 1.488440000000000318e-01
1.518239999999999867e-01 2.432022482120415816e-02 2.576391542128568524e-02 2.432022482120416162e-02 1.795639999999999459e-01 2.650895863780679262e-02 2.576391542128568177e-02 2.650895863780679956e-02 1.488440000000000318e-01
1.518239999999999867e-01 2.914837515673202387e-02 3.320579947425725958e-02 2.914837515673203081e-02 1.795639999999999459e-01 3.172664534559026250e-02 3.320579947425725265e-02 3.172664534559026944e-02 1.488440000000000318e-01
1.518239999999999867e-01 3.665025658882816589e-02 3.720129568490956190e-02 3.665025658882817283e-02 1.795639999999999459e-01 4.169408474533790182e-02 3.720129568490954802e-02 4.169408474533790876e-02 1.488440000000000318e-01
1.518239999999999867e-01 4.460837035457284466e-02 4.580924483977938388e-02 4.460837035457285854e-02 1.795639999999999459e-01 4.932725980383725894e-02 4.580924483977937001e-02 4.932725980383726588e-02 1.488440000000000318e-01
1.518239999999999867e-01 5.130540030150692460e-02 5.113078069872811771e-02 5.130540030150693848e-02 1.795639999999999459e-01 5.606515158453415082e-02 5.113078069872811077e-02 5.606515158453416470e-02 1.488440000000000318e-01
1.518239999999999867e-01 5.761894839042170507e-02 5.938958068114467970e-02 5.761894839042171895e-02 1.795639999999999459e-01 6.611841787128071302e-02 5.938958068114466582e-02 6.611841787128072689e-02 1.488440000000000318e-01
1.518239999999999867e-01 6.147169185342923198e-02 6.938361518029639852e-02 6.147169185342924586e-02 1.795639999999999459e-01 7.642234569795759713e-02 6.938361518029638464e-02 7.642234569795761101e-02 1.488440000000000318e-01
1.518239999999999867e-01 7.148989524049322031e-02 7.203496431699428493e-02 7.148989524049324806e-02 1.795639999999999459e-01 7.711681018245920838e-02 7.203496431699427105e-02 7.711681018245922226e-02 1.488440000000000318e-01
1.518239999999999867e-01 8.003494788337806032e-02 7.899087224114427486e-02 8.003494788337807420e-02 1.795639999999999459e-01 8.500268693684014110e-02 7.899087224114426098e-02 8.500268693684015497e-02 1.488440000000000318e-01
1.518239999999999867e-01 8.109467213327439805e-02 8.845827645248829918e-02 8.109467213327441193e-02 1.795639999999999459e-01 9.698504934664828325e-02 8.845827645248828530e-02 9.698504934664829713e-02 1.488440000000000318e-01
1.518239999999999867e-01 8.890133753973905595e-02 9.670943907892824709e-02 8.890133753973908370e-02 1.795639999999999459e-01 1.019035251703845624e-01 9.670943907892821934e-02 1.019035251703845762e-01 1.488440000000000318e-01
1.518239999999999867e-01 1.000915995085219501e-01 1.007738782814700668e-01 1.000915995085219778e-01 1.795639999999999459e-01 1.120199353736752862e-01 1.007738782814700390e-01 1.120199353736753001e-01 1.488440000000000318e-01
1.518239999999999867e-01 1.063425310162453286e-01 1.108358600446177761e-01 1.063425310162453563e-01 1.795639999999999459e-01 1.192189732859767343e-01 1.108358600446177483e-01 1.192189732859767481e-01 1.488440000000000318e-01
1.518239999999999867e-01 1.102327130516455728e-01 1.166225727626581249e-01 1.102327130516456005e-01 1.795639999999999459e-01 1.227335894869154287e-01 1.166225727626580971e-01 1.227335894869154564e-01 1.488440000000000318e-01
1.518239999999999867e-01 1.158721648649663066e-01 1.227331447496823186e-01 1.158721648649663344e-01 1.795639999999999459e-01 1.318821102327147887e-01 1.227331447496822908e-01 1.318821102327148165e-01 1.488440000000000318e-01
1.518239999999999867e-01 1.218902892823278544e-01 1.277911000253759699e-01 1.218902892823278683e-01 1.795639999999999459e-01 1.445898975384229956e-01 1.277911000253759422e-01 1.445898975384230234e-01 1.488440000000000318e-01
1.518239999999999867e-01 1.276559999999999639e-01 1.334160000000000068e-01 1.276559999999999917e-01 1.795639999999999459e-01 1.456039999999999834e-01 1.334159999999999791e-01 1.456040000000000112e-01 1.488440000000000318e-01
c: 
2.403999999999999915e+00
2.031000000000000139e+00
1.754999999999999893e+00
