CDF: 
1.100000000000000006e-01 3.300000000000000155e-01 7.700000000000000178e-01 1.000000000000000000e+00
2.000000000000000111e-01 2.200000000000000011e-01 8.100000000000000533e-01 1.000000000000000000e+00
3.400000000000000244e-01 4.500000000000000111e-01 5.200000000000000178e-01 1.000000000000000000e+00
sigma: 
1.067000000000000171e-01 1.437693557770949307e-04 3.117086634708685165e-03 1.437693557770949036e-04 1.003000000000000280e-01 9.660595036619464742e-04 3.117086634708685165e-03 9.660595036619463657e-04 2.147000000000000020e-01
1.067000000000000171e-01 9.441038230203558160e-03 9.713559292300095668e-03 9.441038230203556425e-03 1.003000000000000280e-01 7.309835831607930726e-03 9.713559292300095668e-03 7.309835831607929858e-03 2.147000000000000020e-01
1.067000000000000171e-01 1.008510493248505197e-02 1.580870667130046189e-02 1.008510493248505023e-02 1.003000000000000280e-01 1.396249660413695880e-02 1.580870667130046189e-02 1.396249660413695706e-02 2.147000000000000020e-01
1.067000000000000171e-01 1.634285088291825491e-02 2.154682242362168654e-02 1.634285088291825491e-02 1.003000000000000280e-01 1.988289568781874753e-02 2.154682242362168654e-02 1.988289568781874406e-02 2.147000000000000020e-01
1.067000000000000171e-01 2.402425553861153515e-02 2.783021202911783662e-02 2.402425553861153168e-02 1.003000000000000280e-01 2.214595503707963292e-02 2.783021202911783662e-02 2.214595503707962945e-02 2.147000000000000020e-01
1.067000000000000171e-01 2.857297587338758493e-02 3.309464719014543893e-02 2.857297587338758146e-02 1.003000000000000280e-01 2.687479399429970606e-02 3.309464719014543893e-02 2.687479399429970259e-02 2.147000000000000020e-01
1.067000000000000171e-01 2.930836398201522655e-02 3.946583403966062720e-02 2.930836398201522308e-02 1.003000000000000280e-01 3.474442871169978325e-02 3.946583403966062720e-02 3.474442871169977631e-02 2.147000000000000020e-01
1.067000000000000171e-01 3.553088767418053490e-02 4.481107203247278181e-02 3.553088767418052796e-02 1.003000000000000280e-01 3.679988251211475242e-02 4.481107203247278181e-02 3.679988251211474548e-02 2.147000000000000020e-01
1.067000000000000171e-01 4.181244643074521344e-02 4.810057118224559530e-02 4.181244643074521344e-02 1.003000000000000280e-01 4.158942115959092523e-02 4.810057118224559530e-02 4.158942115959091829e-02 2.147000000000000020e-01
1.067000000000000171e-01 4.862629834839200110e-02 5.302916794252314492e-02 4.862629834839199416e-02 1.003000000000000280e-01 4.932166598472513541e-02 5.302916794252314492e-02 4.932166598472512847e-02 2.147000000000000020e-01
1.067000000000000171e-01 5.060116911595679418e-02 5.986653400920293605e-02 5.060116911595678724e-02 1.003000000000000280e-01 5.513770779838072372e-02 5.986653400920293605e-02 5.513770779838071678e-02 2.147000000000000020e-01
1.067000000000000171e-01 5.372172985171175252e-02 6.793283685048304155e-02 5.372172985171174558e-02 1.003000000000000280e-01 5.802887236586658226e-02 6.793283685048304155e-02 5.802887236586657532e-02 2.147000000000000020e-01
1.067000000000000171e-01 6.009058744372953315e-02 7.577797156242845056e-02 6.009058744372952621e-02 1.003000000000000280e-01 6.564474811839421386e-02 7.577797156242845056e-02 6.564474811839419999e-02 2.147000000000000020e-01
1.067000000000000171e-01 6.541952834443756637e-02 8.200977473829991482e-02 6.541952834443755249e-02 1.003000000000000280e-01 6.859772611303198431e-02 8.200977473829991482e-02 6.859772611303197043e-02 2.147000000000000020e-01
1.067000000000000171e-01 7.276057339479001518e-02 8.503636383948033617e-02 7.276057339479000130e-02 1.003000000000000280e-01 7.651456723167433804e-02 8.503636383948033617e-02 7.651456723167432417e-02 2.147000000000000020e-01
1.067000000000000171e-01 7.454878150404599391e-02 9.304435455980146485e-02 7.454878150404598003e-02 1.003000000000000280e-01 7.879839340966640626e-02 9.304435455980146485e-02 7.879839340966639238e-02 2.147000000000000020e-01
1.067000000000000171e-01 8.176093698178646396e-02 9.569288056375631346e-02 8.176093698178645008e-02 1.003000000000000280e-01 8.282434823817814984e-02 9.569288056375631346e-02 8.282434823817813596e-02 2.147000000000000020e-01
1.067000000000000171e-01 8.682561131461384585e-02 1.045523343301400093e-01 8.682561131461383197e-02 1.003000000000000280e-01 9.216256087516820628e-02 1.045523343301400093e-01 9.216256087516819240e-02 2.147000000000000020e-01
1.067000000000000171e-01 9.144377499358848083e-02 1.103816651391823778e-01 9.144377499358846695e-02 1.003000000000000280e-01 9.804816545853743681e-02 1.103816651391823778e-01 9.804816545853742293e-02 2.147000000000000020e-01
1.067000000000000171e-01 9.250000000000001277e-02 1.115000000000000019e-01 9.249999999999999889e-02 1.003000000000000280e-01 9.810000000000002052e-02 1.115000000000000019e-01 9.810000000000000664e-02 2.147000000000000020e-01
c: 
2.749000000000000110e+00
1.766000000000000014e+00
2.295999999999999819e+00
