CDF: 
1.700000000000000122e-01 5.999999999999999778e-01 6.700000000000000400e-01 1.000000000000000000e+00
2.899999999999999800e-01 4.799999999999999822e-01 7.199999999999999734e-01 1.000000000000000000e+00
3.599999999999999867e-01 6.099999999999999867e-01 7.800000000000000266e-01 1.000000000000000000e+00
sigma: 
1.612640000000000184e-01 3.451033431692719818e-03 5.500650597953126407e-03 3.451033431692720685e-03 1.546040000000000192e-01 5.739504185673535881e-03 5.500650597953126407e-03 5.739504185673535881e-03 1.429559999999999997e-01
1.612640000000000184e-01 8.342804597452466511e-03 1.384562392877621700e-02 8.342804597452468246e-03 1.546040000000000192e-01 8.930400907988271172e-03 1.384562392877621700e-02 8.930400907988271172e-03 1.429559999999999997e-01
1.612640000000000184e-01 2.171848620019505710e-02 1.794624997100262298e-02 2.171848620019506057e-02 1.546040000000000192e-01 1.491393962363905465e-02 1.794624997100262298e-02 1.491393962363905465e-02 1.429559999999999997e-01
1.612640000000000184e-01 2.799508040100253184e-02 2.642456179517689574e-02 2.799508040100253878e-02 1.546040000000000192e-01 2.540076610220794867e-02 2.642456179517689574e-02 2.540076610220794867e-02 1.429559999999999997e-01
1.612640000000000184e-01 3.067461994126196786e-02 2.929468930225322468e-02 3.067461994126197480e-02 1.546040000000000192e-01 2.884912817969806018e-02 2.929468930225322468e-02 2.884912817969806018e-02 1.429559999999999997e-01
1.612640000000000184e-01 3.894947782230589323e-02 3.569362534066017334e-02 3.894947782230590710e-02 1.546040000000000192e-01 4.182851258876082307e-02 3.569362534066017334e-02 4.182851258876082307e-02 1.429559999999999997e-01
1.612640000000000184e-01 4.921730004491817190e-02 4.268448420983968900e-02 4.921730004491817884e-02 1.546040000000000192e-01 4.699566098843678541e-02 4.268448420983968900e-02 4.699566098843678541e-02 1.429559999999999997e-01
1.612640000000000184e-01 6.030038797049274563e-02 5.076607258081627244e-02 6.030038797049275950e-02 1.546040000000000192e-01 5.692855896159387807e-02 5.076607258081627244e-02 5.692855896159387807e-02 1.429559999999999997e-01
1.612640000000000184e-01 6.424216988568920428e-02 5.866177066709558907e-02 6.424216988568920428e-02 1.546040000000000192e-01 5.977100417388998832e-02 5.866177066709558907e-02 5.977100417388998832e-02 1.429559999999999997e-01
1.612640000000000184e-01 7.111619833377129385e-02 6.385794831865283794e-02 7.111619833377130773e-02 1.546040000000000192e-01 6.639788483638131567e-02 6.385794831865283794e-02 6.639788483638131567e-02 1.429559999999999997e-01
1.612640000000000184e-01 8.166554081675631016e-02 7.315242653135871354e-02 8.166554081675632404e-02 1.546040000000000192e-01 7.625742211573607876e-02 7.315242653135871354e-02 7.625742211573607876e-02 1.429559999999999997e-01
1.612640000000000184e-01 8.693523830809590791e-02 8.274257591607586670e-02 8.693523830809592179e-02 1.546040000000000192e-01 7.955899732681025183e-02 8.274257591607586670e-02 7.955899732681025183e-02 1.429559999999999997e-01
1.612640000000000184e-01 9.238263744792450660e-02 9.118781223481338405e-02 9.238263744792453436e-02 1.546040000000000192e-01 9.290067767199633453e-02 9.118781223481338405e-02 9.290067767199633453e-02 1.429559999999999997e-01
1.612640000000000184e-01 1.029269081338702180e-01 9.189858579372719993e-02 1.029269081338702457e-01 1.546040000000000192e-01 9.526228374469788984e-02 9.189858579372719993e-02 9.526228374469788984e-02 1.429559999999999997e-01
1.612640000000000184e-01 1.126671474523635724e-01 9.902891568078865669e-02 1.126671474523635863e-01 1.546040000000000192e-01 1.010927920525692136e-01 9.902891568078865669e-02 1.010927920525692136e-01 1.429559999999999997e-01
1.612640000000000184e-01 1.199580100515229980e-01 1.120102327850330121e-01 1.199580100515230119e-01 1.546040000000000192e-01 1.139969335559554431e-01 1.120102327850330121e-01 1.139969335559554431e-01 1.429559999999999997e-01
1.612640000000000184e-01 1.265249729426571879e-01 1.166433001316109219e-01 1.265249729426572156e-01 1.546040000000000192e-01 1.153500581606323461e-01 1.166433001316109219e-01 1.153500581606323461e-01 1.429559999999999997e-01
1.612640000000000184e-01 1.306279092859492230e-01 1.258066178010307234e-01 1.306279092859492508e-01 1.546040000000000192e-01 1.293844585930075120e-01 1.258066178010307234e-01 1.293844585930075120e-01 1.429559999999999997e-01
1.612640000000000184e-01 1.392817810963063452e-01 1.313466696411695889e-01 1.392817810963063729e-01 1.546040000000000192e-01 1.323143775877549944e-01 1.313466696411695889e-01 1.323143775877549944e-01 1.429559999999999997e-01
1.612640000000000184e-01 1.445839999999999903e-01 1.339279999999999915e-01 1.445840000000000181e-01 1.546040000000000192e-01 1.368680000000000174e-01 1.339279999999999915e-01 1.368680000000000174e-01 1.429559999999999997e-01
c: 
2.835999999999999854e+00
2.692000000000000171e+00
2.617999999999999883e+00
