CDF: 
1.300000000000000044e-01 3.200000000000000067e-01 3.400000000000000244e-01 1.000000000000000000e+00
4.199999999999999845e-01 6.500000000000000222e-01 8.100000000000000533e-01 1.000000000000000000e+00
5.600000000000000533e-01 6.400000000000000133e-01 6.600000000000000311e-01 1.000000000000000000e+00
sigma: 
1.723639999999999894e-01 1.951961252448946617e-04 1.872405902861001619e-03 1.951961252448946075e-04 1.347999999999999754e-01 1.250820892848080552e-03 1.872405902861001836e-03 1.250820892848080552e-03 2.139039999999999830e-01
1.723639999999999894e-01 8.261318718843304459e-03 7.941325423423449895e-03 8.261318718843304459e-03 1.347999999999999754e-01 1.206100288749917433e-02 7.941325423423449895e-03 1.206100288749917433e-02 2.139039999999999830e-01
1.723639999999999894e-01 1.381346575211445452e-02 1.355564324332358961e-02 1.381346575211445278e-02 1.347999999999999754e-01 1.946805567598834316e-02 1.355564324332359134e-02 1.946805567598834316e-02 2.139039999999999830e-01
1.723639999999999894e-01 1.753037905700349092e-02 1.979445856835691450e-02 1.753037905700348745e-02 1.347999999999999754e-01 2.408602607616588259e-02 1.979445856835691797e-02 2.408602607616588259e-02 2.139039999999999830e-01
1.723639999999999894e-01 1.940653674653894725e-02 2.496773290076404611e-02 1.940653674653894378e-02 1.347999999999999754e-01 3.811345150124400422e-02 2.496773290076404958e-02 3.811345150124400422e-02 2.139039999999999830e-01
1.723639999999999894e-01 2.500633566755132084e-02 3.235392160135554251e-02 2.500633566755131390e-02 1.347999999999999754e-01 4.219331587101506076e-02 3.235392160135554251e-02 4.219331587101506076e-02 2.139039999999999830e-01
1.723639999999999894e-01 3.028443448992525905e-02 3.442363311945074306e-02 3.028443448992525211e-02 1.347999999999999754e-01 4.820437899755228989e-02 3.442363311945074306e-02 4.820437899755228989e-02 2.139039999999999830e-01
1.723639999999999894e-01 3.649757841440387507e-02 4.179312417214368219e-02 3.649757841440386813e-02 1.347999999999999754e-01 5.994654818550388536e-02 4.179312417214368913e-02 5.994654818550388536e-02 2.139039999999999830e-01
1.723639999999999894e-01 4.066551006172650085e-02 4.648805551713016543e-02 4.066551006172649391e-02 1.347999999999999754e-01 6.230323019097803311e-02 4.648805551713016543e-02 6.230323019097803311e-02 2.139039999999999830e-01
1.723639999999999894e-01 4.444144996061026587e-02 5.616507709493374911e-02 4.444144996061025893e-02 1.347999999999999754e-01 7.614410785660544190e-02 5.616507709493375605e-02 7.614410785660544190e-02 2.139039999999999830e-01
1.723639999999999894e-01 4.839997248035220190e-02 6.010968444215939593e-02 4.839997248035219496e-02 1.347999999999999754e-01 7.715286826427220079e-02 6.010968444215940287e-02 7.715286826427220079e-02 2.139039999999999830e-01
1.723639999999999894e-01 5.172220349318251004e-02 6.349710974885763859e-02 5.172220349318250310e-02 1.347999999999999754e-01 8.902700730707475973e-02 6.349710974885765247e-02 8.902700730707475973e-02 2.139039999999999830e-01
1.723639999999999894e-01 5.610557108931001069e-02 6.921608929411050826e-02 5.610557108931000375e-02 1.347999999999999754e-01 9.857304922353596344e-02 6.921608929411050826e-02 9.857304922353596344e-02 2.139039999999999830e-01
1.723639999999999894e-01 6.214660850575973866e-02 7.728528178966720397e-02 6.214660850575972478e-02 1.347999999999999754e-01 1.067123768059184546e-01 7.728528178966721784e-02 1.067123768059184546e-01 2.139039999999999830e-01
1.723639999999999894e-01 6.743739304317791783e-02 7.895006848453042791e-02 6.743739304317791783e-02 1.347999999999999754e-01 1.140136689156628774e-01 7.895006848453042791e-02 1.140136689156628774e-01 2.139039999999999830e-01
1.723639999999999894e-01 7.369098856411041010e-02 8.666797069377672746e-02 7.369098856411039622e-02 1.347999999999999754e-01 1.225908864978569601e-01 8.666797069377672746e-02 1.225908864978569601e-01 2.139039999999999830e-01
1.723639999999999894e-01 7.641721340654071548e-02 9.237872373479980026e-02 7.641721340654070160e-02 1.347999999999999754e-01 1.298820874147386117e-01 9.237872373479981414e-02 1.298820874147386117e-01 2.139039999999999830e-01
1.723639999999999894e-01 8.058333668409906059e-02 1.001341948789780528e-01 8.058333668409904671e-02 1.347999999999999754e-01 1.336632076157550919e-01 1.001341948789780667e-01 1.336632076157550919e-01 2.139039999999999830e-01
1.723639999999999894e-01 8.569023179994622597e-02 1.042607754886413773e-01 8.569023179994621209e-02 1.347999999999999754e-01 1.392045778541277090e-01 1.042607754886413912e-01 1.392045778541277090e-01 2.139039999999999830e-01
1.723639999999999894e-01 8.819999999999998674e-02 1.070159999999999861e-01 8.819999999999997287e-02 1.347999999999999754e-01 1.463999999999999746e-01 1.070160000000000000e-01 1.463999999999999746e-01 2.139039999999999830e-01
c: 
2.732000000000000206e+00
1.953999999999999959e+00
1.090000000000000080e+00
