CDF: 
1.700000000000000122e-01 6.300000000000000044e-01 6.400000000000000133e-01 1.000000000000000000e+00
1.100000000000000006e-01 3.200000000000000067e-01 5.000000000000000000e-01 1.000000000000000000e+00
2.300000000000000100e-01 5.600000000000000533e-01 7.099999999999999645e-01 1.000000000000000000e+00
sigma: 
1.982189999999999508e-01 4.515860342447899911e-03 2.568886554134166330e-03 4.515860342447899911e-03 1.876749999999999807e-01 3.869497990037240077e-03 2.568886554134166330e-03 3.869497990037239210e-03 1.713760000000000006e-01
1.982189999999999508e-01 8.488546705489853628e-03 1.561138287987868037e-02 8.488546705489853628e-03 1.876749999999999807e-01 1.151919524859394174e-02 1.561138287987868037e-02 1.151919524859394001e-02 1.713760000000000006e-01
1.982189999999999508e-01 1.824555558573110955e-02 1.762857106238715707e-02 1.824555558573110955e-02 1.876749999999999807e-01 2.067885498750269418e-02 1.762857106238715707e-02 2.067885498750269072e-02 1.713760000000000006e-01
1.982189999999999508e-01 2.391538356999844267e-02 3.231983115408134516e-02 2.391538356999844267e-02 1.876749999999999807e-01 2.638354298690129968e-02 3.231983115408134516e-02 2.638354298690129621e-02 1.713760000000000006e-01
1.982189999999999508e-01 3.134356451259943249e-02 4.068580225168306336e-02 3.134356451259943249e-02 1.876749999999999807e-01 3.413436885092298312e-02 4.068580225168306336e-02 3.413436885092297618e-02 1.713760000000000006e-01
1.982189999999999508e-01 4.284701011391282149e-02 4.706944549610811435e-02 4.284701011391282149e-02 1.876749999999999807e-01 3.751073846588859340e-02 4.706944549610811435e-02 3.751073846588858646e-02 1.713760000000000006e-01
1.982189999999999508e-01 4.967227855105557643e-02 5.902806910336765717e-02 4.967227855105557643e-02 1.876749999999999807e-01 4.769692577704452013e-02 5.902806910336765717e-02 4.769692577704451319e-02 1.713760000000000006e-01
1.982189999999999508e-01 5.751243658307962636e-02 6.556680593657619738e-02 5.751243658307962636e-02 1.876749999999999807e-01 5.136881136572563761e-02 6.556680593657619738e-02 5.136881136572563067e-02 1.713760000000000006e-01
1.982189999999999508e-01 6.678732573046226861e-02 7.497750623080749743e-02 6.678732573046226861e-02 1.876749999999999807e-01 6.171411052923473500e-02 7.497750623080749743e-02 6.171411052923472113e-02 1.713760000000000006e-01
1.982189999999999508e-01 7.154046808643962918e-02 8.337905565747079362e-02 7.154046808643962918e-02 1.876749999999999807e-01 6.917829189879708129e-02 8.337905565747079362e-02 6.917829189879706742e-02 1.713760000000000006e-01
1.982189999999999508e-01 8.430488066909327949e-02 9.319220379710604907e-02 8.430488066909327949e-02 1.876749999999999807e-01 7.585597380956189684e-02 9.319220379710604907e-02 7.585597380956188296e-02 1.713760000000000006e-01
1.982189999999999508e-01 9.300367934557543514e-02 9.838935247011128260e-02 9.300367934557543514e-02 1.876749999999999807e-01 7.946411104501180378e-02 9.838935247011128260e-02 7.946411104501178990e-02 1.713760000000000006e-01
1.982189999999999508e-01 9.668623406738839632e-02 1.090555317998938151e-01 9.668623406738839632e-02 1.876749999999999807e-01 9.145141606024273506e-02 1.090555317998938151e-01 9.145141606024272118e-02 1.713760000000000006e-01
1.982189999999999508e-01 1.086079847356531403e-01 1.193883746915372079e-01 1.086079847356531403e-01 1.876749999999999807e-01 9.674048661306067221e-02 1.193883746915372079e-01 9.674048661306065833e-02 1.713760000000000006e-01
1.982189999999999508e-01 1.157981115233084890e-01 1.294453440835784119e-01 1.157981115233084890e-01 1.876749999999999807e-01 1.063006755049800273e-01 1.294453440835784119e-01 1.063006755049800134e-01 1.713760000000000006e-01
1.982189999999999508e-01 1.223922788389235072e-01 1.316922470381839683e-01 1.223922788389235072e-01 1.876749999999999807e-01 1.138038804052176611e-01 1.316922470381839683e-01 1.138038804052176334e-01 1.713760000000000006e-01
1.982189999999999508e-01 1.315503365044833339e-01 1.410017900776951161e-01 1.315503365044833339e-01 1.876749999999999807e-01 1.163642029899680796e-01 1.410017900776951161e-01 1.163642029899680519e-01 1.713760000000000006e-01
1.982189999999999508e-01 1.346866198966339689e-01 1.499413514740579045e-01 1.346866198966339689e-01 1.876749999999999807e-01 1.281759692138674245e-01 1.499413514740579045e-01 1.281759692138673967e-01 1.713760000000000006e-01
1.982189999999999508e-01 1.457263326995472397e-01 1.622263851845526517e-01 1.457263326995472397e-01 1.876749999999999807e-01 1.344109290349372043e-01 1.622263851845526517e-01 1.344109290349371766e-01 1.713760000000000006e-01
1.982189999999999508e-01 1.477249999999999952e-01 1.667879999999999918e-01 1.477249999999999952e-01 1.876749999999999807e-01 1.357000000000000151e-01 1.667879999999999918e-01 1.356999999999999873e-01 1.713760000000000006e-01
c: 
1.199000000000000066e+00
2.579000000000000181e+00
1.584000000000000075e+00
