CDF: 
4.899999999999999911e-01 5.600000000000000533e-01 6.600000000000000311e-01 1.000000000000000000e+00
1.600000000000000033e-01 1.799999999999999933e-01 2.600000000000000089e-01 1.000000000000000000e+00
1.900000000000000022e-01 2.200000000000000011e-01 5.400000000000000355e-01 1.000000000000000000e+00
sigma: 
2.075710000000000610e-01 1.952666601149169977e-03 8.883961404327518629e-04 1.952666601149170627e-03 1.606440000000000090e-01 5.531538615378050507e-03 8.883961404327518629e-04 5.531538615378050507e-03 1.766190000000000260e-01
2.075710000000000610e-01 7.624080273747302697e-03 1.422709969678724075e-02 7.624080273747305299e-03 1.606440000000000090e-01 1.175635675729221410e-02 1.422709969678724075e-02 1.175635675729221410e-02 1.766190000000000260e-01
2.075710000000000610e-01 1.158191466027339717e-02 2.453473925548365492e-02 1.158191466027340064e-02 1.606440000000000090e-01 1.804676577256557682e-02 2.453473925548365492e-02 1.804676577256557682e-02 1.766190000000000260e-01
2.075710000000000610e-01 1.675861753449861893e-02 2.693700090465401750e-02 1.675861753449862587e-02 1.606440000000000090e-01 1.995785280680374349e-02 2.693700090465401750e-02 1.995785280680374349e-02 1.766190000000000260e-01
2.075710000000000610e-01 2.032659635063265025e-02 4.251903394479550347e-02 2.032659635063265718e-02 1.606440000000000090e-01 2.540308097537513979e-02 4.251903394479550347e-02 2.540308097537513979e-02 1.766190000000000260e-01
2.075710000000000610e-01 2.334552603817269603e-02 4.670807933095726810e-02 2.334552603817270297e-02 1.606440000000000090e-01 3.672594720448937172e-02 4.670807933095726810e-02 3.672594720448937172e-02 1.766190000000000260e-01
2.075710000000000610e-01 3.244277141151890448e-02 5.855794142483975590e-02 3.244277141151891836e-02 1.606440000000000090e-01 4.029905807402611034e-02 5.855794142483975590e-02 4.029905807402611034e-02 1.766190000000000260e-01
2.075710000000000610e-01 3.602574364054741268e-02 6.330326046250638050e-02 3.602574364054741962e-02 1.606440000000000090e-01 4.856108731207751938e-02 6.330326046250638050e-02 4.856108731207751938e-02 1.766190000000000260e-01
2.075710000000000610e-01 3.835841369035201259e-02 7.271838304347856552e-02 3.835841369035202647e-02 1.606440000000000090e-01 5.526858140854315482e-02 7.271838304347856552e-02 5.526858140854315482e-02 1.766190000000000260e-01
2.075710000000000610e-01 4.291225884882347852e-02 8.048717335675310836e-02 4.291225884882349240e-02 1.606440000000000090e-01 6.317886985050655269e-02 8.048717335675310836e-02 6.317886985050655269e-02 1.766190000000000260e-01
2.075710000000000610e-01 4.954043812385672263e-02 9.275607974251730281e-02 4.954043812385673651e-02 1.606440000000000090e-01 6.834744202161599502e-02 9.275607974251730281e-02 6.834744202161599502e-02 1.766190000000000260e-01
2.075710000000000610e-01 5.133454735799271307e-02 1.023615019647799718e-01 5.133454735799273388e-02 1.606440000000000090e-01 7.321049721467828841e-02 1.023615019647799718e-01 7.321049721467828841e-02 1.766190000000000260e-01
2.075710000000000610e-01 5.625304568078851736e-02 1.042958553492118468e-01 5.625304568078853124e-02 1.606440000000000090e-01 7.722864116647726318e-02 1.042958553492118468e-01 7.722864116647726318e-02 1.766190000000000260e-01
2.075710000000000610e-01 6.213608686778500367e-02 1.150719724729069721e-01 6.213608686778502449e-02 1.606440000000000090e-01 8.332258034347979347e-02 1.150719724729069721e-01 8.332258034347979347e-02 1.766190000000000260e-01
2.075710000000000610e-01 6.941293116727012547e-02 1.215284555018692481e-01 6.941293116727013934e-02 1.606440000000000090e-01 9.052839320189777494e-02 1.215284555018692481e-01 9.052839320189777494e-02 1.766190000000000260e-01
2.075710000000000610e-01 7.152660258475151966e-02 1.338444591082344204e-01 7.152660258475154742e-02 1.606440000000000090e-01 9.825608636987470668e-02 1.338444591082344204e-01 9.825608636987470668e-02 1.766190000000000260e-01
2.075710000000000610e-01 7.505034746217385810e-02 1.383215371940272331e-01 7.505034746217388586e-02 1.606440000000000090e-01 1.020989606653621151e-01 1.383215371940272331e-01 1.020989606653621151e-01 1.766190000000000260e-01
2.075710000000000610e-01 8.171053967116657935e-02 1.511895155629581766e-01 8.171053967116659322e-02 1.606440000000000090e-01 1.112533915882097796e-01 1.511895155629581766e-01 1.112533915882097796e-01 1.766190000000000260e-01
2.075710000000000610e-01 8.384485325124152455e-02 1.561360674994417275e-01 8.384485325124153843e-02 1.606440000000000090e-01 1.151378712365254686e-01 1.561360674994417275e-01 1.151378712365254686e-01 1.766190000000000260e-01
2.075710000000000610e-01 8.821799999999999087e-02 1.627570000000000128e-01 8.821800000000001862e-02 1.606440000000000090e-01 1.203060000000000240e-01 1.627570000000000128e-01 1.203060000000000240e-01 1.766190000000000260e-01
c: 
1.120000000000000107e+00
2.378000000000000114e+00
2.807999999999999829e+00
