CDF: 
1.100000000000000006e-01 2.899999999999999800e-01 3.400000000000000244e-01 1.000000000000000000e+00
3.200000000000000067e-01 5.000000000000000000e-01 7.500000000000000000e-01 1.000000000000000000e+00
3.699999999999999956e-01 5.500000000000000444e-01 8.199999999999999512e-01 1.000000000000000000e+00
sigma: 
1.860510000000000219e-01 2.483358384421243282e-03 4.208268437147042774e-03 2.483358384421243282e-03 1.566509999999999847e-01 1.874362511677426200e-03 4.208268437147041907e-03 1.874362511677425984e-03 1.282589999999999841e-01
1.860510000000000219e-01 7.515154760090117167e-03 7.254977524985989704e-03 7.515154760090117167e-03 1.566509999999999847e-01 1.130530323519697740e-02 7.254977524985988836e-03 1.130530323519697566e-02 1.282589999999999841e-01
1.860510000000000219e-01 1.617825513288556963e-02 1.110598010162664948e-02 1.617825513288556963e-02 1.566509999999999847e-01 1.478152044943099354e-02 1.110598010162664774e-02 1.478152044943099007e-02 1.282589999999999841e-01
1.860510000000000219e-01 1.831191822135321348e-02 1.380466213563135217e-02 1.831191822135321348e-02 1.566509999999999847e-01 2.624604301174060517e-02 1.380466213563135043e-02 2.624604301174059823e-02 1.282589999999999841e-01
1.860510000000000219e-01 2.365924678624448455e-02 2.041619348096337591e-02 2.365924678624448455e-02 1.566509999999999847e-01 2.683081560944451313e-02 2.041619348096337244e-02 2.683081560944450619e-02 1.282589999999999841e-01
1.860510000000000219e-01 3.128015246917795894e-02 2.669250868785652542e-02 3.128015246917795894e-02 1.566509999999999847e-01 3.822932538923493051e-02 2.669250868785652195e-02 3.822932538923492357e-02 1.282589999999999841e-01
1.860510000000000219e-01 3.314755210155892473e-02 3.103403071828166396e-02 3.314755210155892473e-02 1.566509999999999847e-01 4.373291786959652983e-02 3.103403071828165702e-02 4.373291786959652289e-02 1.282589999999999841e-01
1.860510000000000219e-01 4.155381544023991486e-02 3.455287639668047639e-02 4.155381544023991486e-02 1.566509999999999847e-01 5.293565854164190843e-02 3.455287639668046945e-02 5.293565854164189455e-02 1.282589999999999841e-01
1.860510000000000219e-01 4.806361438922183288e-02 3.770428672593015978e-02 4.806361438922183288e-02 1.566509999999999847e-01 5.851040999422633948e-02 3.770428672593015978e-02 5.851040999422632560e-02 1.282589999999999841e-01
1.860510000000000219e-01 5.369026821230128699e-02 4.106231808011662210e-02 5.369026821230128699e-02 1.566509999999999847e-01 6.131989481529748209e-02 4.106231808011661516e-02 6.131989481529746822e-02 1.282589999999999841e-01
1.860510000000000219e-01 5.688431979114450671e-02 4.670001013668591966e-02 5.688431979114450671e-02 1.566509999999999847e-01 6.821246256443033729e-02 4.670001013668591272e-02 6.821246256443032341e-02 1.282589999999999841e-01
1.860510000000000219e-01 6.271760355971298107e-02 5.104318024782644736e-02 6.271760355971298107e-02 1.566509999999999847e-01 7.735182551438117560e-02 5.104318024782643348e-02 7.735182551438114784e-02 1.282589999999999841e-01
1.860510000000000219e-01 6.667760013262084839e-02 5.686509583996391531e-02 6.667760013262084839e-02 1.566509999999999847e-01 8.219345613327003197e-02 5.686509583996390838e-02 8.219345613327001809e-02 1.282589999999999841e-01
1.860510000000000219e-01 7.473389870540336766e-02 6.093171123793895277e-02 7.473389870540336766e-02 1.566509999999999847e-01 8.747529167710668685e-02 6.093171123793894584e-02 8.747529167710665909e-02 1.282589999999999841e-01
1.860510000000000219e-01 8.155866239689359143e-02 6.443971422635585977e-02 8.155866239689359143e-02 1.566509999999999847e-01 9.847751113256156263e-02 6.443971422635584589e-02 9.847751113256154876e-02 1.282589999999999841e-01
1.860510000000000219e-01 8.297300636263840734e-02 7.152549502725180641e-02 8.297300636263840734e-02 1.566509999999999847e-01 1.022794765681275114e-01 7.152549502725180641e-02 1.022794765681274837e-01 1.282589999999999841e-01
1.860510000000000219e-01 8.881639158325330130e-02 7.555587735387207793e-02 8.881639158325330130e-02 1.566509999999999847e-01 1.094314052998463099e-01 7.555587735387206405e-02 1.094314052998462961e-01 1.282589999999999841e-01
1.860510000000000219e-01 9.409126189457224509e-02 8.016233349730313151e-02 9.409126189457224509e-02 1.566509999999999847e-01 1.168232124956951751e-01 8.016233349730311764e-02 1.168232124956951473e-01 1.282589999999999841e-01
1.860510000000000219e-01 9.964953343636631655e-02 8.339878281721962994e-02 9.964953343636631655e-02 1.566509999999999847e-01 1.229964153429300988e-01 8.339878281721961606e-02 1.229964153429300711e-01 1.282589999999999841e-01
1.860510000000000219e-01 1.039009999999999934e-01 8.565300000000000691e-02 1.039009999999999934e-01 1.566509999999999847e-01 1.261030000000000206e-01 8.565299999999999303e-02 1.261029999999999929e-01 1.282589999999999841e-01
c: 
1.659999999999999920e+00
1.891999999999999904e+00
1.415999999999999925e+00
