CDF: 
8.999999999999999667e-02 1.300000000000000044e-01 2.399999999999999911e-01 1.000000000000000000e+00
3.699999999999999956e-01 3.900000000000000133e-01 7.099999999999999645e-01 1.000000000000000000e+00
1.199999999999999956e-01 7.299999999999999822e-01 7.399999999999999911e-01 1.000000000000000000e+00
sigma: 
1.198560000000000042e-01 1.262828460985938135e-03 8.200653139384254161e-04 1.262828460985938135e-03 1.639160000000000061e-01 4.755241978044418352e-03 8.200653139384254161e-04 4.755241978044418352e-03 1.370040000000000147e-01
1.198560000000000042e-01 5.320367863444552294e-03 4.661813602484896069e-03 5.320367863444552294e-03 1.639160000000000061e-01 1.210875676343275455e-02 4.661813602484896069e-03 1.210875676343275455e-02 1.370040000000000147e-01
1.198560000000000042e-01 1.143154909956043026e-02 8.648363185921556853e-03 1.143154909956043026e-02 1.639160000000000061e-01 1.996918549178986618e-02 8.648363185921556853e-03 1.996918549178986618e-02 1.370040000000000147e-01
1.198560000000000042e-01 1.347316943169625005e-02 1.050469786873039525e-02 1.347316943169625005e-02 1.639160000000000061e-01 2.316352707186285567e-02 1.050469786873039525e-02 2.316352707186285567e-02 1.370040000000000147e-01
1.198560000000000042e-01 1.953197154919091710e-02 1.323461924377320950e-02 1.953197154919091710e-02 1.639160000000000061e-01 3.250265500494824156e-02 1.323461924377320950e-02 3.250265500494824156e-02 1.370040000000000147e-01
1.198560000000000042e-01 2.464185835060496085e-02 1.656592364610787529e-02 2.464185835060496085e-02 1.639160000000000061e-01 3.680102918508864479e-02 1.656592364610787529e-02 3.680102918508864479e-02 1.370040000000000147e-01
1.198560000000000042e-01 2.607975715672010766e-02 2.009478625343361774e-02 2.607975715672010766e-02 1.639160000000000061e-01 4.245806997739180050e-02 2.009478625343361774e-02 4.245806997739180050e-02 1.370040000000000147e-01
1.198560000000000042e-01 3.176085209339160609e-02 2.428144729594616802e-02 3.176085209339160609e-02 1.639160000000000061e-01 5.215080385639440930e-02 2.428144729594616802e-02 5.215080385639440930e-02 1.370040000000000147e-01
1.198560000000000042e-01 3.474825143451630571e-02 2.664000957274824388e-02 3.474825143451630571e-02 1.639160000000000061e-01 6.115342457727375447e-02 2.664000957274824388e-02 6.115342457727375447e-02 1.370040000000000147e-01
1.198560000000000042e-01 4.142982927746090283e-02 2.945503604699349284e-02 4.142982927746090283e-02 1.639160000000000061e-01 6.723900773422376853e-02 2.945503604699349284e-02 6.723900773422376853e-02 1.370040000000000147e-01
1.198560000000000042e-01 4.298196455738083344e-02 3.191857653546725099e-02 4.298196455738083344e-02 1.639160000000000061e-01 7.488795333731425308e-02 3.191857653546725099e-02 7.488795333731425308e-02 1.370040000000000147e-01
1.198560000000000042e-01 4.923226390354685372e-02 3.432521100299346789e-02 4.923226390354685372e-02 1.639160000000000061e-01 7.863741370827832811e-02 3.432521100299346789e-02 7.863741370827832811e-02 1.370040000000000147e-01
1.198560000000000042e-01 5.146667925370328883e-02 3.804424888447944381e-02 5.146667925370328883e-02 1.639160000000000061e-01 8.377729337291699163e-02 3.804424888447944381e-02 8.377729337291699163e-02 1.370040000000000147e-01
1.198560000000000042e-01 5.732971835517820108e-02 4.116941216634612682e-02 5.732971835517820108e-02 1.639160000000000061e-01 9.122455525896350226e-02 4.116941216634612682e-02 9.122455525896350226e-02 1.370040000000000147e-01
1.198560000000000042e-01 6.259665513335704867e-02 4.311902004663740323e-02 6.259665513335704867e-02 1.639160000000000061e-01 9.903344701285042573e-02 4.311902004663740323e-02 9.903344701285042573e-02 1.370040000000000147e-01
1.198560000000000042e-01 6.379279054409917049e-02 4.674675647669321310e-02 6.379279054409917049e-02 1.639160000000000061e-01 1.092438054116115081e-01 4.674675647669321310e-02 1.092438054116115081e-01 1.370040000000000147e-01
1.198560000000000042e-01 6.896405481787792890e-02 5.083977642929199403e-02 6.896405481787792890e-02 1.639160000000000061e-01 1.171551981960238381e-01 5.083977642929199403e-02 1.171551981960238381e-01 1.370040000000000147e-01
1.198560000000000042e-01 7.449897860773560532e-02 5.227803305894020841e-02 7.449897860773560532e-02 1.639160000000000061e-01 1.233492522721977153e-01 5.227803305894020841e-02 1.233492522721977153e-01 1.370040000000000147e-01
1.198560000000000042e-01 7.887929805514586057e-02 5.518978492696013233e-02 7.887929805514586057e-02 1.639160000000000061e-01 1.247480283982825150e-01 5.518978492696013233e-02 1.247480283982825150e-01 1.370040000000000147e-01
1.198560000000000042e-01 7.933600000000000374e-02 5.776799999999998603e-02 7.933600000000000374e-02 1.639160000000000061e-01 1.315080000000000138e-01 5.776799999999998603e-02 1.315080000000000138e-01 1.370040000000000147e-01
c: 
1.530000000000000027e+00
1.695999999999999952e+00
1.012999999999999901e+00
