CDF: 
1.100000000000000006e-01 1.700000000000000122e-01 8.100000000000000533e-01 1.000000000000000000e+00
2.700000000000000178e-01 3.300000000000000155e-01 3.599999999999999867e-01 1.000000000000000000e+00
3.699999999999999956e-01 4.600000000000000200e-01 5.899999999999999689e-01 1.000000000000000000e+00
sigma: 
8.503600000000000048e-02 3.018463525421328716e-03 2.667694480065298246e-03 3.018463525421328716e-03 2.063039999999999874e-01 3.113378509299755885e-04 2.667694480065298246e-03 3.113378509299755343e-04 2.039999999999999869e-01
8.503600000000000048e-02 5.789014755137654976e-03 7.108020137607674871e-03 5.789014755137654976e-03 2.063039999999999874e-01 9.940959001201208484e-03 7.108020137607674871e-03 9.940959001201206749e-03 2.039999999999999869e-01
8.503600000000000048e-02 9.118674406005635585e-03 9.884942431457720974e-03 9.118674406005635585e-03 2.063039999999999874e-01 2.253306024470272395e-02 9.884942431457720974e-03 2.253306024470272048e-02 2.039999999999999869e-01
8.503600000000000048e-02 1.457775529108808719e-02 1.779489503824797231e-02 1.457775529108808719e-02 2.063039999999999874e-01 3.367526068491787788e-02 1.779489503824797231e-02 3.367526068491787788e-02 2.039999999999999869e-01
8.503600000000000048e-02 1.593767832262761933e-02 2.073244154488119995e-02 1.593767832262761933e-02 2.063039999999999874e-01 4.181951771080451297e-02 2.073244154488119995e-02 4.181951771080450603e-02 2.039999999999999869e-01
8.503600000000000048e-02 2.302809036578382790e-02 2.490482565315644062e-02 2.302809036578382790e-02 2.063039999999999874e-01 4.277634190659638375e-02 2.490482565315644062e-02 4.277634190659637681e-02 2.039999999999999869e-01
8.503600000000000048e-02 2.487133590380953205e-02 2.796877678281268695e-02 2.487133590380953205e-02 2.063039999999999874e-01 5.699574102599606895e-02 2.796877678281268695e-02 5.699574102599605507e-02 2.039999999999999869e-01
8.503600000000000048e-02 2.924557816768957874e-02 3.564829330093073623e-02 2.924557816768957874e-02 2.063039999999999874e-01 6.555932067096752192e-02 3.564829330093073623e-02 6.555932067096750804e-02 2.039999999999999869e-01
8.503600000000000048e-02 3.221300313944593791e-02 4.027458591775469332e-02 3.221300313944593791e-02 2.063039999999999874e-01 7.220287755409965369e-02 4.027458591775469332e-02 7.220287755409963981e-02 2.039999999999999869e-01
8.503600000000000048e-02 3.799781811263509140e-02 4.123691893401310038e-02 3.799781811263509140e-02 2.063039999999999874e-01 8.026948666327381188e-02 4.123691893401310038e-02 8.026948666327379800e-02 2.039999999999999869e-01
8.503600000000000048e-02 4.114591247958660630e-02 4.756672324959768106e-02 4.114591247958660630e-02 2.063039999999999874e-01 9.033376708128129651e-02 4.756672324959768106e-02 9.033376708128128263e-02 2.039999999999999869e-01
8.503600000000000048e-02 4.378313239712953303e-02 5.107346672003190008e-02 4.378313239712953303e-02 2.063039999999999874e-01 1.000569212315214895e-01 5.107346672003190008e-02 1.000569212315214757e-01 2.039999999999999869e-01
8.503600000000000048e-02 5.116753540912814813e-02 5.878950796619833441e-02 5.116753540912814813e-02 2.063039999999999874e-01 1.034007095464587189e-01 5.878950796619833441e-02 1.034007095464586912e-01 2.039999999999999869e-01
8.503600000000000048e-02 5.297826169277530806e-02 6.171661266022662740e-02 5.297826169277530806e-02 2.063039999999999874e-01 1.164674635481195708e-01 6.171661266022662740e-02 1.164674635481195569e-01 2.039999999999999869e-01
8.503600000000000048e-02 5.614283495510690586e-02 6.755910361332778669e-02 5.614283495510690586e-02 2.063039999999999874e-01 1.263422563918764618e-01 6.755910361332778669e-02 1.263422563918764341e-01 2.039999999999999869e-01
8.503600000000000048e-02 6.224936965566921221e-02 6.927850778524413666e-02 6.224936965566921221e-02 2.063039999999999874e-01 1.292221321786176658e-01 6.927850778524413666e-02 1.292221321786176380e-01 2.039999999999999869e-01
8.503600000000000048e-02 6.647460006064390137e-02 7.648557864437401099e-02 6.647460006064390137e-02 2.063039999999999874e-01 1.365659568173129002e-01 7.648557864437401099e-02 1.365659568173128724e-01 2.039999999999999869e-01
8.503600000000000048e-02 6.781728434443760889e-02 8.092142894912403295e-02 6.781728434443760889e-02 2.063039999999999874e-01 1.486055256349655407e-01 8.092142894912403295e-02 1.486055256349655129e-01 2.039999999999999869e-01
8.503600000000000048e-02 7.507365471947320679e-02 8.578977333690164520e-02 7.507365471947320679e-02 2.063039999999999874e-01 1.608892950463365334e-01 8.578977333690164520e-02 1.608892950463365057e-01 2.039999999999999869e-01
8.503600000000000048e-02 7.548799999999999955e-02 8.616000000000000048e-02 7.548799999999999955e-02 2.063039999999999874e-01 1.612800000000000344e-01 8.616000000000000048e-02 1.612800000000000067e-01 2.039999999999999869e-01
c: 
2.330000000000000071e+00
2.520000000000000018e+00
1.931999999999999940e+00
