CDF: 
1.499999999999999944e-01 2.000000000000000111e-01 2.999999999999999889e-01 1.000000000000000000e+00
2.399999999999999911e-01 6.999999999999999556e-01 8.399999999999999689e-01 1.000000000000000000e+00
5.699999999999999512e-01 6.899999999999999467e-01 7.900000000000000355e-01 1.000000000000000000e+00
sigma: 
1.554999999999999716e-01 1.110665262000772469e-03 3.069699671067961568e-03 1.110665262000772686e-03 1.059359999999999885e-01 2.962665831448209070e-03 3.069699671067961568e-03 2.962665831448209070e-03 1.557240000000000291e-01
1.554999999999999716e-01 4.015373107696776009e-03 7.128721181682430574e-03 4.015373107696776876e-03 1.059359999999999885e-01 6.388228790239315960e-03 7.128721181682430574e-03 6.388228790239315960e-03 1.557240000000000291e-01
1.554999999999999716e-01 7.785582372483105217e-03 9.688451777370342410e-03 7.785582372483106951e-03 1.059359999999999885e-01 1.439469539181730678e-02 9.688451777370342410e-03 1.439469539181730678e-02 1.557240000000000291e-01
1.554999999999999716e-01 1.193759115689480878e-02 1.319995570055631021e-02 1.193759115689481225e-02 1.059359999999999885e-01 2.093566681071860891e-02 1.319995570055631021e-02 2.093566681071860891e-02 1.557240000000000291e-01
1.554999999999999716e-01 1.601351668890094865e-02 1.561203372325887032e-02 1.601351668890095212e-02 1.059359999999999885e-01 2.669001185282238522e-02 1.561203372325887032e-02 2.669001185282238522e-02 1.557240000000000291e-01
1.554999999999999716e-01 1.961074556208394076e-02 2.016345347042999142e-02 1.961074556208394423e-02 1.059359999999999885e-01 3.574010789776561198e-02 2.016345347042999142e-02 3.574010789776561198e-02 1.557240000000000291e-01
1.554999999999999716e-01 2.445625111735152957e-02 2.387857142236514754e-02 2.445625111735153304e-02 1.059359999999999885e-01 3.814628496478935510e-02 2.387857142236514754e-02 3.814628496478935510e-02 1.557240000000000291e-01
1.554999999999999716e-01 2.725282123336971590e-02 2.878535238148224526e-02 2.725282123336971937e-02 1.059359999999999885e-01 4.310631262770683869e-02 2.878535238148224526e-02 4.310631262770683869e-02 1.557240000000000291e-01
1.554999999999999716e-01 3.077460664291253520e-02 3.099701594703659427e-02 3.077460664291254214e-02 1.059359999999999885e-01 4.936138608732098393e-02 3.099701594703659427e-02 4.936138608732098393e-02 1.557240000000000291e-01
1.554999999999999716e-01 3.436338567901302266e-02 3.542872331000027769e-02 3.436338567901302959e-02 1.059359999999999885e-01 5.660255261432273893e-02 3.542872331000027769e-02 5.660255261432273893e-02 1.557240000000000291e-01
1.554999999999999716e-01 3.860072982171756234e-02 3.772571275330930535e-02 3.860072982171756928e-02 1.059359999999999885e-01 6.668056266754703032e-02 3.772571275330930535e-02 6.668056266754703032e-02 1.557240000000000291e-01
1.554999999999999716e-01 4.360593151203205620e-02 4.109812946333954442e-02 4.360593151203207007e-02 1.059359999999999885e-01 6.827898035609185345e-02 4.109812946333954442e-02 6.827898035609185345e-02 1.557240000000000291e-01
1.554999999999999716e-01 4.576693396934111702e-02 4.361830613620283625e-02 4.576693396934112396e-02 1.059359999999999885e-01 7.581676466616672772e-02 4.361830613620283625e-02 7.581676466616672772e-02 1.557240000000000291e-01
1.554999999999999716e-01 4.815624621485418977e-02 4.769616847016075467e-02 4.815624621485420365e-02 1.059359999999999885e-01 8.130450135344209628e-02 4.769616847016075467e-02 8.130450135344209628e-02 1.557240000000000291e-01
1.554999999999999716e-01 5.502593946259885099e-02 5.163800521395431331e-02 5.502593946259886487e-02 1.059359999999999885e-01 8.969620047377539762e-02 5.163800521395431331e-02 8.969620047377539762e-02 1.557240000000000291e-01
1.554999999999999716e-01 5.756900334673291375e-02 5.574096592043385062e-02 5.756900334673292069e-02 1.059359999999999885e-01 9.315372143729866439e-02 5.574096592043385062e-02 9.315372143729866439e-02 1.557240000000000291e-01
1.554999999999999716e-01 6.207282766003865276e-02 5.841222362419406372e-02 6.207282766003866664e-02 1.059359999999999885e-01 1.013758957998306259e-01 5.841222362419406372e-02 1.013758957998306259e-01 1.557240000000000291e-01
1.554999999999999716e-01 6.281267777141283370e-02 6.151259869588488610e-02 6.281267777141284758e-02 1.059359999999999885e-01 1.037416107187674880e-01 6.151259869588488610e-02 1.037416107187674880e-01 1.557240000000000291e-01
1.554999999999999716e-01 6.826299873797871121e-02 6.795682702557136190e-02 6.826299873797872508e-02 1.059359999999999885e-01 1.150856883266506564e-01 6.795682702557136190e-02 1.150856883266506564e-01 1.557240000000000291e-01
1.554999999999999716e-01 6.979999999999998705e-02 6.849999999999999145e-02 6.980000000000000093e-02 1.059359999999999885e-01 1.156079999999999885e-01 6.849999999999999145e-02 1.156079999999999885e-01 1.557240000000000291e-01
c: 
2.557999999999999829e+00
2.809000000000000163e+00
2.884999999999999787e+00
