CDF: 
3.800000000000000044e-01 5.799999999999999600e-01 8.100000000000000533e-01 1.000000000000000000e+00
3.499999999999999778e-01 7.299999999999999822e-01 8.599999999999999867e-01 1.000000000000000000e+00
4.899999999999999911e-01 6.800000000000000488e-01 7.399999999999999911e-01 1.000000000000000000e+00
sigma: 
1.311160000000000103e-01 2.640253798257650910e-03 3.111236588754114768e-03 2.640253798257650476e-03 1.041760000000000047e-01 1.952617105984715386e-03 3.111236588754114768e-03 1.952617105984715603e-03 1.735160000000000036e-01
1.311160000000000103e-01 1.051714392765023057e-02 1.102098562006394167e-02 1.051714392765022883e-02 1.041760000000000047e-01 1.074594872735343092e-02 1.102098562006394167e-02 1.074594872735343265e-02 1.735160000000000036e-01
1.311160000000000103e-01 1.348668355311654146e-02 1.789332409064952126e-02 1.348668355311653973e-02 1.041760000000000047e-01 1.734042453620589577e-02 1.789332409064952126e-02 1.734042453620589924e-02 1.735160000000000036e-01
1.311160000000000103e-01 2.097153354890366264e-02 2.415092140838472068e-02 2.097153354890365917e-02 1.041760000000000047e-01 1.920205910528971840e-02 2.415092140838472068e-02 1.920205910528972187e-02 1.735160000000000036e-01
1.311160000000000103e-01 2.719763328238721661e-02 3.532488258058746888e-02 2.719763328238721314e-02 1.041760000000000047e-01 2.450486451679503158e-02 3.532488258058746888e-02 2.450486451679503158e-02 1.735160000000000036e-01
1.311160000000000103e-01 3.101796851111782508e-02 3.578712111734443785e-02 3.101796851111782161e-02 1.041760000000000047e-01 3.608096644923235868e-02 3.578712111734443785e-02 3.608096644923236562e-02 1.735160000000000036e-01
1.311160000000000103e-01 3.740122104855462398e-02 4.679284111572058064e-02 3.740122104855461704e-02 1.041760000000000047e-01 4.029507951972158969e-02 4.679284111572058064e-02 4.029507951972159663e-02 1.735160000000000036e-01
1.311160000000000103e-01 4.183156027579837399e-02 5.054229687155722961e-02 4.183156027579836705e-02 1.041760000000000047e-01 4.412129228372223960e-02 5.054229687155722961e-02 4.412129228372224654e-02 1.735160000000000036e-01
1.311160000000000103e-01 4.686700914766266102e-02 6.182777504133273733e-02 4.686700914766265408e-02 1.041760000000000047e-01 4.968720276699945676e-02 6.182777504133273733e-02 4.968720276699945676e-02 1.735160000000000036e-01
1.311160000000000103e-01 5.079835750066764161e-02 6.707061514382341161e-02 5.079835750066763467e-02 1.041760000000000047e-01 5.652690380713643048e-02 6.707061514382341161e-02 5.652690380713643742e-02 1.735160000000000036e-01
1.311160000000000103e-01 5.700930643968073197e-02 7.691745746759862112e-02 5.700930643968072503e-02 1.041760000000000047e-01 6.358993533248745444e-02 7.691745746759862112e-02 6.358993533248746832e-02 1.735160000000000036e-01
1.311160000000000103e-01 6.688538428683100945e-02 8.264572546852565205e-02 6.688538428683099557e-02 1.041760000000000047e-01 7.158458612720480785e-02 8.264572546852565205e-02 7.158458612720482173e-02 1.735160000000000036e-01
1.311160000000000103e-01 6.772608109354479045e-02 9.144587289160420462e-02 6.772608109354477657e-02 1.041760000000000047e-01 7.367288404437252747e-02 9.144587289160420462e-02 7.367288404437254135e-02 1.735160000000000036e-01
1.311160000000000103e-01 7.727555770447089301e-02 9.961071933393837730e-02 7.727555770447089301e-02 1.041760000000000047e-01 8.132963016266032963e-02 9.961071933393837730e-02 8.132963016266034351e-02 1.735160000000000036e-01
1.311160000000000103e-01 8.010562673223277363e-02 1.048683065806780973e-01 8.010562673223277363e-02 1.041760000000000047e-01 8.866036635270489741e-02 1.048683065806780973e-01 8.866036635270491129e-02 1.735160000000000036e-01
1.311160000000000103e-01 8.711737132315804100e-02 1.076755635947274498e-01 8.711737132315802712e-02 1.041760000000000047e-01 9.555874678163189806e-02 1.076755635947274498e-01 9.555874678163191194e-02 1.735160000000000036e-01
1.311160000000000103e-01 9.314252968671862809e-02 1.201557559150126797e-01 9.314252968671861421e-02 1.041760000000000047e-01 9.829754716986267848e-02 1.201557559150126797e-01 9.829754716986269236e-02 1.735160000000000036e-01
1.311160000000000103e-01 9.693377419011042773e-02 1.214331550515150848e-01 9.693377419011041385e-02 1.041760000000000047e-01 1.047887394635599323e-01 1.214331550515150848e-01 1.047887394635599462e-01 1.735160000000000036e-01
1.311160000000000103e-01 1.055320700558598501e-01 1.354961116319012837e-01 1.055320700558598362e-01 1.041760000000000047e-01 1.103952160902956364e-01 1.354961116319012837e-01 1.103952160902956503e-01 1.735160000000000036e-01
1.311160000000000103e-01 1.065040000000000014e-01 1.355159999999999976e-01 1.065039999999999876e-01 1.041760000000000047e-01 1.149039999999999923e-01 1.355159999999999976e-01 1.149040000000000061e-01 1.735160000000000036e-01
c: 
2.150999999999999801e+00
2.508999999999999897e+00
2.416999999999999815e+00
