CDF: 
5.000000000000000278e-02 1.300000000000000044e-01 5.999999999999999778e-01 1.000000000000000000e+00
1.799999999999999933e-01 2.800000000000000266e-01 4.299999999999999933e-01 1.000000000000000000e+00
8.999999999999999667e-02 2.999999999999999889e-01 5.400000000000000355e-01 1.000000000000000000e+00
sigma: 
1.135839999999999905e-01 2.836456075151832894e-03 1.914442657935943714e-03 2.836456075151832894e-03 1.754999999999999893e-01 1.092631662994839308e-03 1.914442657935943714e-03 1.092631662994839525e-03 1.491959999999999953e-01
1.135839999999999905e-01 1.084541034365228002e-02 7.150033193126838389e-03 1.084541034365228002e-02 1.754999999999999893e-01 1.368601268069331682e-02 7.150033193126838389e-03 1.368601268069332029e-02 1.491959999999999953e-01
1.135839999999999905e-01 1.274533172236694267e-02 1.225736123222255503e-02 1.274533172236694267e-02 1.754999999999999893e-01 1.600057220311280545e-02 1.225736123222255503e-02 1.600057220311280892e-02 1.491959999999999953e-01
1.135839999999999905e-01 1.812317957697381562e-02 2.007831926128188921e-02 1.812317957697381562e-02 1.754999999999999893e-01 2.379728842628449012e-02 2.007831926128188921e-02 2.379728842628449706e-02 1.491959999999999953e-01
1.135839999999999905e-01 2.448746402493708757e-02 2.521388908327427611e-02 2.448746402493708757e-02 1.754999999999999893e-01 3.618351991003555812e-02 2.521388908327427611e-02 3.618351991003556506e-02 1.491959999999999953e-01
1.135839999999999905e-01 3.188389645559631946e-02 3.482191930668722402e-02 3.188389645559631946e-02 1.754999999999999893e-01 4.067330799943998099e-02 3.482191930668722402e-02 4.067330799943998793e-02 1.491959999999999953e-01
1.135839999999999905e-01 3.585845902588015444e-02 4.100080954421876644e-02 3.585845902588015444e-02 1.754999999999999893e-01 5.026716225236886604e-02 4.100080954421876644e-02 5.026716225236887992e-02 1.491959999999999953e-01
1.135839999999999905e-01 4.322602798907659860e-02 4.807259927698503271e-02 4.322602798907659860e-02 1.754999999999999893e-01 5.409431975844775087e-02 4.807259927698503271e-02 5.409431975844775781e-02 1.491959999999999953e-01
1.135839999999999905e-01 5.026302486266546327e-02 4.907515774613614018e-02 5.026302486266546327e-02 1.754999999999999893e-01 6.707716144390182822e-02 4.907515774613614018e-02 6.707716144390184210e-02 1.491959999999999953e-01
1.135839999999999905e-01 5.535347056586567560e-02 5.907784913829423890e-02 5.535347056586567560e-02 1.754999999999999893e-01 6.844581458699572352e-02 5.907784913829423890e-02 6.844581458699573739e-02 1.491959999999999953e-01
1.135839999999999905e-01 5.939031847980446449e-02 6.377390964087226166e-02 5.939031847980446449e-02 1.754999999999999893e-01 7.883611885799454710e-02 6.377390964087226166e-02 7.883611885799456098e-02 1.491959999999999953e-01
1.135839999999999905e-01 6.494428413755767848e-02 7.312237949085069466e-02 6.494428413755767848e-02 1.754999999999999893e-01 8.215627546065207287e-02 7.312237949085069466e-02 8.215627546065208675e-02 1.491959999999999953e-01
1.135839999999999905e-01 7.057619696384334618e-02 7.541580293808407276e-02 7.057619696384334618e-02 1.754999999999999893e-01 9.335968802523855747e-02 7.541580293808407276e-02 9.335968802523857135e-02 1.491959999999999953e-01
1.135839999999999905e-01 7.871404964067582610e-02 8.096325294251148497e-02 7.871404964067582610e-02 1.754999999999999893e-01 9.985074026622374477e-02 8.096325294251148497e-02 9.985074026622375865e-02 1.491959999999999953e-01
1.135839999999999905e-01 8.456654877732550091e-02 8.978970780234755977e-02 8.456654877732550091e-02 1.754999999999999893e-01 1.070069451897434631e-01 8.978970780234755977e-02 1.070069451897434770e-01 1.491959999999999953e-01
1.135839999999999905e-01 8.505961307316617370e-02 9.736271648130492840e-02 8.505961307316617370e-02 1.754999999999999893e-01 1.159437873372483052e-01 9.736271648130492840e-02 1.159437873372483191e-01 1.491959999999999953e-01
1.135839999999999905e-01 9.118690710986558645e-02 1.003466275035797273e-01 9.118690710986558645e-02 1.754999999999999893e-01 1.202329749345057708e-01 1.003466275035797273e-01 1.202329749345057847e-01 1.491959999999999953e-01
1.135839999999999905e-01 9.929404543577675935e-02 1.062488954465830998e-01 9.929404543577675935e-02 1.754999999999999893e-01 1.286915081462809973e-01 1.062488954465830998e-01 1.286915081462810251e-01 1.491959999999999953e-01
1.135839999999999905e-01 1.025447268841741116e-01 1.148064585003048671e-01 1.025447268841741116e-01 1.754999999999999893e-01 1.412493501887788216e-01 1.148064585003048671e-01 1.412493501887788494e-01 1.491959999999999953e-01
1.135839999999999905e-01 1.073999999999999955e-01 1.164080000000000115e-01 1.073999999999999955e-01 1.754999999999999893e-01 1.416999999999999926e-01 1.164080000000000115e-01 1.417000000000000204e-01 1.491959999999999953e-01
c: 
2.733999999999999986e+00
1.685000000000000053e+00
2.970000000000000195e+00
