CDF: 
3.200000000000000067e-01 4.899999999999999911e-01 5.100000000000000089e-01 1.000000000000000000e+00
1.700000000000000122e-01 7.199999999999999734e-01 7.500000000000000000e-01 1.000000000000000000e+00
2.800000000000000266e-01 4.500000000000000111e-01 5.699999999999999512e-01 1.000000000000000000e+00
sigma: 
2.169760000000000022e-01 2.888130568916533712e-03 3.903544362969309234e-03 2.888130568916533279e-03 1.384159999999999835e-01 5.659063668585994494e-03 3.903544362969309234e-03 5.659063668585993627e-03 1.938560000000000005e-01
2.169760000000000022e-01 7.329449893389329562e-03 1.789010756127617716e-02 7.329449893389328695e-03 1.384159999999999835e-01 1.143930998047460249e-02 1.789010756127617716e-02 1.143930998047460075e-02 1.938560000000000005e-01
2.169760000000000022e-01 1.332731278574209553e-02 2.733976770775072354e-02 1.332731278574209380e-02 1.384159999999999835e-01 1.260269357801270529e-02 2.733976770775072354e-02 1.260269357801270355e-02 1.938560000000000005e-01
2.169760000000000022e-01 2.340762686853888747e-02 4.035189871042119819e-02 2.340762686853888400e-02 1.384159999999999835e-01 1.934897479097081457e-02 4.035189871042119819e-02 1.934897479097081457e-02 1.938560000000000005e-01
2.169760000000000022e-01 2.417871703543088974e-02 4.817170234693042563e-02 2.417871703543088627e-02 1.384159999999999835e-01 2.565905257681176665e-02 4.817170234693042563e-02 2.565905257681176319e-02 1.938560000000000005e-01
2.169760000000000022e-01 3.163111867803795885e-02 5.494015127717334634e-02 3.163111867803795191e-02 1.384159999999999835e-01 3.437677073451984866e-02 5.494015127717334634e-02 3.437677073451984172e-02 1.938560000000000005e-01
2.169760000000000022e-01 3.791588588645992963e-02 6.864979327031259237e-02 3.791588588645992269e-02 1.384159999999999835e-01 3.971721963835597724e-02 6.864979327031259237e-02 3.971721963835597030e-02 1.938560000000000005e-01
2.169760000000000022e-01 4.615898878208756634e-02 7.518211133707063121e-02 4.615898878208755940e-02 1.384159999999999835e-01 4.703602975752967097e-02 7.518211133707063121e-02 4.703602975752966403e-02 1.938560000000000005e-01
2.169760000000000022e-01 5.257993278611127613e-02 8.986781964003522083e-02 5.257993278611126919e-02 1.384159999999999835e-01 5.267282922370639109e-02 8.986781964003522083e-02 5.267282922370638415e-02 1.938560000000000005e-01
2.169760000000000022e-01 5.607674919789092105e-02 9.350846151331906886e-02 5.607674919789091411e-02 1.384159999999999835e-01 5.590829386249583643e-02 9.350846151331906886e-02 5.590829386249582950e-02 1.938560000000000005e-01
2.169760000000000022e-01 6.596916604190994349e-02 1.091747505350308678e-01 6.596916604190994349e-02 1.384159999999999835e-01 6.342624441218461251e-02 1.091747505350308678e-01 6.342624441218459863e-02 1.938560000000000005e-01
2.169760000000000022e-01 7.037566107086333511e-02 1.165283508750618452e-01 7.037566107086332123e-02 1.384159999999999835e-01 7.100313172694597275e-02 1.165283508750618452e-01 7.100313172694595887e-02 1.938560000000000005e-01
2.169760000000000022e-01 7.353848096427641201e-02 1.236703501748461359e-01 7.353848096427639813e-02 1.384159999999999835e-01 7.638890953309990239e-02 1.236703501748461359e-01 7.638890953309988852e-02 1.938560000000000005e-01
2.169760000000000022e-01 8.395154480841311717e-02 1.358321652166084581e-01 8.395154480841311717e-02 1.384159999999999835e-01 8.456242250036477559e-02 1.358321652166084581e-01 8.456242250036477559e-02 1.938560000000000005e-01
2.169760000000000022e-01 8.917517254476313437e-02 1.444153959565129264e-01 8.917517254476312050e-02 1.384159999999999835e-01 9.155943172616066994e-02 1.444153959565129264e-01 9.155943172616065606e-02 1.938560000000000005e-01
2.169760000000000022e-01 9.341610740214766062e-02 1.564787065375408681e-01 9.341610740214764674e-02 1.384159999999999835e-01 9.787342597068886263e-02 1.564787065375408681e-01 9.787342597068884875e-02 1.938560000000000005e-01
2.169760000000000022e-01 9.731739848763155953e-02 1.666701970516870079e-01 9.731739848763154566e-02 1.384159999999999835e-01 1.025439628884363130e-01 1.666701970516870079e-01 1.025439628884362991e-01 1.938560000000000005e-01
2.169760000000000022e-01 1.025346606271408945e-01 1.821103557032159315e-01 1.025346606271408945e-01 1.384159999999999835e-01 1.113043730668597936e-01 1.821103557032159315e-01 1.113043730668597936e-01 1.938560000000000005e-01
2.169760000000000022e-01 1.130868484358597825e-01 1.839920475465738892e-01 1.130868484358597686e-01 1.384159999999999835e-01 1.145394297360343289e-01 1.839920475465738892e-01 1.145394297360343150e-01 1.938560000000000005e-01
2.169760000000000022e-01 1.144960000000000144e-01 1.932159999999999989e-01 1.144960000000000006e-01 1.384159999999999835e-01 1.179360000000000130e-01 1.932159999999999989e-01 1.179359999999999992e-01 1.938560000000000005e-01
c: 
2.251999999999999780e+00
2.931000000000000050e+00
2.842999999999999972e+00
