CDF: 
1.400000000000000133e-01 1.900000000000000022e-01 2.500000000000000000e-01 1.000000000000000000e+00
5.000000000000000000e-01 7.099999999999999645e-01 7.800000000000000266e-01 1.000000000000000000e+00
2.700000000000000178e-01 3.800000000000000044e-01 6.700000000000000400e-01 1.000000000000000000e+00
sigma: 
1.583710000000000395e-01 3.111769205141168390e-04 2.233390510081459466e-04 3.111769205141167848e-04 1.597560000000000091e-01 3.357248081205205497e-03 2.233390510081459466e-04 3.357248081205205497e-03 1.740160000000000040e-01
1.583710000000000395e-01 5.440727379566738520e-03 5.807463701854144802e-03 5.440727379566737652e-03 1.597560000000000091e-01 1.385057535281980674e-02 5.807463701854144802e-03 1.385057535281980674e-02 1.740160000000000040e-01
1.583710000000000395e-01 6.655340097372045363e-03 1.150240517890295175e-02 6.655340097372044496e-03 1.597560000000000091e-01 1.933450660934548856e-02 1.150240517890295175e-02 1.933450660934548856e-02 1.740160000000000040e-01
1.583710000000000395e-01 1.172890844812410349e-02 1.701252333375030332e-02 1.172890844812410176e-02 1.597560000000000091e-01 2.329038031961697466e-02 1.701252333375030332e-02 2.329038031961697466e-02 1.740160000000000040e-01
1.583710000000000395e-01 1.294758545037031326e-02 2.364095190237100810e-02 1.294758545037031153e-02 1.597560000000000091e-01 3.005254081878431030e-02 2.364095190237100810e-02 3.005254081878431030e-02 1.740160000000000040e-01
1.583710000000000395e-01 1.573746063532789966e-02 2.581618966521966735e-02 1.573746063532789619e-02 1.597560000000000091e-01 3.909186646216757793e-02 2.581618966521966735e-02 3.909186646216757793e-02 1.740160000000000040e-01
1.583710000000000395e-01 2.134382327746913582e-02 3.506792529963283916e-02 2.134382327746913235e-02 1.597560000000000091e-01 4.867129568238435372e-02 3.506792529963283916e-02 4.867129568238435372e-02 1.740160000000000040e-01
1.583710000000000395e-01 2.489309634983152830e-02 3.963117168904374543e-02 2.489309634983152483e-02 1.597560000000000091e-01 5.654262073202422773e-02 3.963117168904374543e-02 5.654262073202422773e-02 1.740160000000000040e-01
1.583710000000000395e-01 2.683014333786272812e-02 4.483405469101772733e-02 2.683014333786272465e-02 1.597560000000000091e-01 6.463769329939929309e-02 4.483405469101772733e-02 6.463769329939929309e-02 1.740160000000000040e-01
1.583710000000000395e-01 2.892593111446984874e-02 5.053188932461294414e-02 2.892593111446984527e-02 1.597560000000000091e-01 7.191267251384034220e-02 5.053188932461294414e-02 7.191267251384034220e-02 1.740160000000000040e-01
1.583710000000000395e-01 3.334487271641919243e-02 5.445153404507633438e-02 3.334487271641918549e-02 1.597560000000000091e-01 7.769678781296650294e-02 5.445153404507633438e-02 7.769678781296650294e-02 1.740160000000000040e-01
1.583710000000000395e-01 3.726693292495068116e-02 5.988534552731897970e-02 3.726693292495067422e-02 1.597560000000000091e-01 8.342930686346672342e-02 5.988534552731897970e-02 8.342930686346672342e-02 1.740160000000000040e-01
1.583710000000000395e-01 3.928403937352414887e-02 6.587141715432055789e-02 3.928403937352414194e-02 1.597560000000000091e-01 8.928333944617461437e-02 6.587141715432055789e-02 8.928333944617461437e-02 1.740160000000000040e-01
1.583710000000000395e-01 4.376913245439071481e-02 6.936661310413298753e-02 4.376913245439071481e-02 1.597560000000000091e-01 9.692590948736191925e-02 6.936661310413298753e-02 9.692590948736191925e-02 1.740160000000000040e-01
1.583710000000000395e-01 4.535280974360791917e-02 7.182273431307145684e-02 4.535280974360791223e-02 1.597560000000000091e-01 1.047610428372229979e-01 7.182273431307145684e-02 1.047610428372229979e-01 1.740160000000000040e-01
1.583710000000000395e-01 4.958537305853604610e-02 8.007726025347911003e-02 4.958537305853603916e-02 1.597560000000000091e-01 1.148371128046811740e-01 8.007726025347911003e-02 1.148371128046811740e-01 1.740160000000000040e-01
1.583710000000000395e-01 5.153095917447043928e-02 8.366642102603751019e-02 5.153095917447043234e-02 1.597560000000000091e-01 1.203599178882872600e-01 8.366642102603751019e-02 1.203599178882872600e-01 1.740160000000000040e-01
1.583710000000000395e-01 5.607088849044451762e-02 9.148420589186215257e-02 5.607088849044451762e-02 1.597560000000000091e-01 1.285454872708757523e-01 9.148420589186215257e-02 1.285454872708757523e-01 1.740160000000000040e-01
1.583710000000000395e-01 5.690211155869256965e-02 9.533516281647573531e-02 5.690211155869256271e-02 1.597560000000000091e-01 1.363167125560497406e-01 9.533516281647573531e-02 1.363167125560497406e-01 1.740160000000000040e-01
1.583710000000000395e-01 5.947400000000000603e-02 9.715600000000000624e-02 5.947399999999999909e-02 1.597560000000000091e-01 1.379640000000000033e-01 9.715600000000000624e-02 1.379640000000000033e-01 1.740160000000000040e-01
c: 
2.096000000000000085e+00
2.705999999999999961e+00
1.393000000000000016e+00
