CDF: 
2.899999999999999800e-01 4.799999999999999822e-01 6.999999999999999556e-01 1.000000000000000000e+00
5.999999999999999778e-01 6.500000000000000222e-01 7.099999999999999645e-01 1.000000000000000000e+00
3.099999999999999978e-01 5.899999999999999689e-01 7.299999999999999822e-01 1.000000000000000000e+00
sigma: 
1.613240000000000229e-01 1.988954630886291802e-03 1.193217261236869048e-03 1.988954630886291802e-03 1.966240000000000210e-01 6.687707338675823697e-03 1.193217261236868831e-03 6.687707338675823697e-03 1.576760000000000106e-01
1.613240000000000229e-01 1.450952171821309929e-02 9.410344957908245087e-03 1.450952171821309929e-02 1.966240000000000210e-01 1.735738829519031107e-02 9.410344957908243352e-03 1.735738829519031107e-02 1.576760000000000106e-01
1.613240000000000229e-01 2.077960599566252078e-02 1.708854623928119515e-02 2.077960599566252078e-02 1.966240000000000210e-01 2.074386842966953470e-02 1.708854623928119168e-02 2.074386842966953470e-02 1.576760000000000106e-01
1.613240000000000229e-01 3.077365672321015141e-02 2.899858148657944584e-02 3.077365672321015141e-02 1.966240000000000210e-01 3.076488067524772024e-02 2.899858148657944237e-02 3.076488067524772024e-02 1.576760000000000106e-01
1.613240000000000229e-01 3.635507046450180829e-02 3.777080786993447514e-02 3.635507046450180829e-02 1.966240000000000210e-01 4.077950169300487149e-02 3.777080786993446820e-02 4.077950169300487149e-02 1.576760000000000106e-01
1.613240000000000229e-01 4.630338756409323880e-02 4.047768462075489876e-02 4.630338756409323880e-02 1.966240000000000210e-01 4.626865714922449857e-02 4.047768462075489182e-02 4.626865714922449857e-02 1.576760000000000106e-01
1.613240000000000229e-01 6.155432157363528722e-02 5.434749278948333012e-02 6.155432157363528722e-02 1.966240000000000210e-01 5.546925761059118276e-02 5.434749278948331624e-02 5.546925761059118276e-02 1.576760000000000106e-01
1.613240000000000229e-01 7.045553754910477418e-02 5.761703846019432251e-02 7.045553754910477418e-02 1.966240000000000210e-01 7.035682392267202101e-02 5.761703846019431557e-02 7.035682392267202101e-02 1.576760000000000106e-01
1.613240000000000229e-01 7.418029634391351546e-02 6.966061353549120316e-02 7.418029634391351546e-02 1.966240000000000210e-01 7.086592391597117124e-02 6.966061353549118929e-02 7.086592391597117124e-02 1.576760000000000106e-01
1.613240000000000229e-01 8.471871185637940005e-02 7.636385219218515263e-02 8.471871185637940005e-02 1.966240000000000210e-01 8.690210131503731117e-02 7.636385219218513876e-02 8.690210131503731117e-02 1.576760000000000106e-01
1.613240000000000229e-01 9.508983491378850128e-02 8.274196043872587836e-02 9.508983491378850128e-02 1.966240000000000210e-01 9.368112723735796954e-02 8.274196043872586448e-02 9.368112723735796954e-02 1.576760000000000106e-01
1.613240000000000229e-01 1.015822661226071233e-01 9.395333237614107713e-02 1.015822661226071233e-01 1.966240000000000210e-01 1.025968126020377347e-01 9.395333237614106325e-02 1.025968126020377347e-01 1.576760000000000106e-01
1.613240000000000229e-01 1.064679216730667066e-01 1.015713537394142135e-01 1.064679216730667066e-01 1.966240000000000210e-01 1.089214101974405741e-01 1.015713537394141858e-01 1.089214101974405741e-01 1.576760000000000106e-01
1.613240000000000229e-01 1.231131415919299588e-01 1.053438792738761315e-01 1.231131415919299588e-01 1.966240000000000210e-01 1.159128683057458753e-01 1.053438792738761176e-01 1.159128683057458753e-01 1.576760000000000106e-01
1.613240000000000229e-01 1.314165101829140314e-01 1.178588074505855648e-01 1.314165101829140314e-01 1.966240000000000210e-01 1.300122628914620881e-01 1.178588074505855510e-01 1.300122628914620881e-01 1.576760000000000106e-01
1.613240000000000229e-01 1.349226921848842575e-01 1.275964698406518993e-01 1.349226921848842575e-01 1.966240000000000210e-01 1.379322849519372673e-01 1.275964698406518716e-01 1.379322849519372673e-01 1.576760000000000106e-01
1.613240000000000229e-01 1.496687235301792096e-01 1.289123077978776843e-01 1.496687235301792096e-01 1.966240000000000210e-01 1.457343605261461894e-01 1.289123077978776566e-01 1.457343605261461894e-01 1.576760000000000106e-01
1.613240000000000229e-01 1.512233112763490817e-01 1.399237488591562883e-01 1.512233112763490817e-01 1.966240000000000210e-01 1.567835342080318717e-01 1.399237488591562606e-01 1.567835342080318717e-01 1.576760000000000106e-01
1.613240000000000229e-01 1.652425766385064998e-01 1.501063712942620199e-01 1.652425766385064998e-01 1.966240000000000210e-01 1.634675398998666762e-01 1.501063712942619921e-01 1.634675398998666762e-01 1.576760000000000106e-01
1.613240000000000229e-01 1.679760000000000142e-01 1.524680000000000202e-01 1.679760000000000142e-01 1.966240000000000210e-01 1.678320000000000090e-01 1.524679999999999924e-01 1.678320000000000090e-01 1.576760000000000106e-01
c: 
2.024000000000000021e+00
2.161999999999999922e+00
1.141999999999999904e+00
