CDF: 
1.000000000000000056e-01 2.399999999999999911e-01 2.899999999999999800e-01 1.000000000000000000e+00
1.900000000000000022e-01 3.699999999999999956e-01 7.199999999999999734e-01 1.000000000000000000e+00
3.099999999999999978e-01 7.099999999999999645e-01 7.299999999999999822e-01 1.000000000000000000e+00
sigma: 
1.490360000000000296e-01 4.419919414270723971e-04 3.075259415906115863e-03 4.419919414270723429e-04 1.352640000000000231e-01 4.577639345132982623e-03 3.075259415906115863e-03 4.577639345132983491e-03 1.610360000000000125e-01
1.490360000000000296e-01 6.963117102156323769e-03 5.866531579215841438e-03 6.963117102156322034e-03 1.352640000000000231e-01 1.215447412414607034e-02 5.866531579215841438e-03 1.215447412414607381e-02 1.610360000000000125e-01
1.490360000000000296e-01 1.459659548104188034e-02 1.297977985169911953e-02 1.459659548104187861e-02 1.352640000000000231e-01 1.800553488998931154e-02 1.297977985169911953e-02 1.800553488998931501e-02 1.610360000000000125e-01
1.490360000000000296e-01 1.547050427579504950e-02 1.438046116506461712e-02 1.547050427579504776e-02 1.352640000000000231e-01 2.774475169406124056e-02 1.438046116506461712e-02 2.774475169406124403e-02 1.610360000000000125e-01
1.490360000000000296e-01 2.478915347049886336e-02 1.990035400004798796e-02 2.478915347049885989e-02 1.352640000000000231e-01 3.655569387455731567e-02 1.990035400004798796e-02 3.655569387455732261e-02 1.610360000000000125e-01
1.490360000000000296e-01 2.693163792444126792e-02 2.313181612677286947e-02 2.693163792444126445e-02 1.352640000000000231e-01 4.017421166434754359e-02 2.313181612677286947e-02 4.017421166434755747e-02 1.610360000000000125e-01
1.490360000000000296e-01 3.133533808659318826e-02 2.979661863547810111e-02 3.133533808659318826e-02 1.352640000000000231e-01 5.160172456534888735e-02 2.979661863547810111e-02 5.160172456534889429e-02 1.610360000000000125e-01
1.490360000000000296e-01 3.815434726012566224e-02 3.639162884498203104e-02 3.815434726012565531e-02 1.352640000000000231e-01 5.788203726757622236e-02 3.639162884498203104e-02 5.788203726757622930e-02 1.610360000000000125e-01
1.490360000000000296e-01 4.476970975426499549e-02 4.059348547239333832e-02 4.476970975426498855e-02 1.352640000000000231e-01 6.704681236153008095e-02 4.059348547239333832e-02 6.704681236153009483e-02 1.610360000000000125e-01
1.490360000000000296e-01 4.746543455775469739e-02 4.164013180274674791e-02 4.746543455775469045e-02 1.352640000000000231e-01 7.109138213046617416e-02 4.164013180274674791e-02 7.109138213046618804e-02 1.610360000000000125e-01
1.490360000000000296e-01 5.328479619796479272e-02 4.728656255203116110e-02 5.328479619796478578e-02 1.352640000000000231e-01 7.499185562846243103e-02 4.728656255203116110e-02 7.499185562846244490e-02 1.610360000000000125e-01
1.490360000000000296e-01 5.639333997392731446e-02 5.302417824783863670e-02 5.639333997392730752e-02 1.352640000000000231e-01 8.578450888183494771e-02 5.302417824783863670e-02 8.578450888183496159e-02 1.610360000000000125e-01
1.490360000000000296e-01 6.480605904334556244e-02 5.631839610145558672e-02 6.480605904334554856e-02 1.352640000000000231e-01 9.573183744488783509e-02 5.631839610145558672e-02 9.573183744488786284e-02 1.610360000000000125e-01
1.490360000000000296e-01 6.995669446188017282e-02 6.348579084692723695e-02 6.995669446188015894e-02 1.352640000000000231e-01 9.834808786004893555e-02 6.348579084692723695e-02 9.834808786004894943e-02 1.610360000000000125e-01
1.490360000000000296e-01 7.489392637807217035e-02 6.386689169876079430e-02 7.489392637807215647e-02 1.352640000000000231e-01 1.088585774127594358e-01 6.386689169876079430e-02 1.088585774127594497e-01 1.610360000000000125e-01
1.490360000000000296e-01 7.706629394731874527e-02 6.935051186908466891e-02 7.706629394731873139e-02 1.352640000000000231e-01 1.150269691966373103e-01 6.935051186908466891e-02 1.150269691966373381e-01 1.610360000000000125e-01
1.490360000000000296e-01 8.573822795640134720e-02 7.380331162336993545e-02 8.573822795640133332e-02 1.352640000000000231e-01 1.253346545310899396e-01 7.380331162336993545e-02 1.253346545310899673e-01 1.610360000000000125e-01
1.490360000000000296e-01 8.918465243364545603e-02 8.076516676347027246e-02 8.918465243364544215e-02 1.352640000000000231e-01 1.290448554194486563e-01 8.076516676347027246e-02 1.290448554194486841e-01 1.610360000000000125e-01
1.490360000000000296e-01 9.568893016695553810e-02 8.373414187039271428e-02 9.568893016695552423e-02 1.352640000000000231e-01 1.385796731460912368e-01 8.373414187039271428e-02 1.385796731460912645e-01 1.610360000000000125e-01
1.490360000000000296e-01 9.635200000000002096e-02 8.663600000000001855e-02 9.635200000000000708e-02 1.352640000000000231e-01 1.419519999999999949e-01 8.663600000000001855e-02 1.419520000000000226e-01 1.610360000000000125e-01
c: 
1.883000000000000007e+00
1.372000000000000108e+00
2.305000000000000160e+00
