CDF: 
2.800000000000000266e-01 2.899999999999999800e-01 7.399999999999999911e-01 1.000000000000000000e+00
2.999999999999999889e-01 4.899999999999999911e-01 8.599999999999999867e-01 1.000000000000000000e+00
4.199999999999999845e-01 5.899999999999999689e-01 7.500000000000000000e-01 1.000000000000000000e+00
sigma: 
1.370360000000000189e-01 4.242079053770176462e-05 5.671380857246704349e-03 4.242079053770176462e-05 1.005240000000000022e-01 2.068356027840086066e-03 5.671380857246704349e-03 2.068356027840085633e-03 1.612959999999999949e-01
1.370360000000000189e-01 8.754120731318844675e-03 9.205951007722684015e-03 8.754120731318844675e-03 1.005240000000000022e-01 9.938495159588925723e-03 9.205951007722684015e-03 9.938495159588923988e-03 1.612959999999999949e-01
1.370360000000000189e-01 1.476133279707086618e-02 1.677332584042273006e-02 1.476133279707086618e-02 1.005240000000000022e-01 1.305010640900243490e-02 1.677332584042273006e-02 1.305010640900243317e-02 1.612959999999999949e-01
1.370360000000000189e-01 1.941330408751552536e-02 2.812050433100887065e-02 1.941330408751552536e-02 1.005240000000000022e-01 2.226040720274176377e-02 2.812050433100887065e-02 2.226040720274176030e-02 1.612959999999999949e-01
1.370360000000000189e-01 2.224589596500437319e-02 3.138337474100457575e-02 2.224589596500437319e-02 1.005240000000000022e-01 2.645824137814388119e-02 3.138337474100457575e-02 2.645824137814388119e-02 1.612959999999999949e-01
1.370360000000000189e-01 2.749446600532006596e-02 3.868873533273716608e-02 2.749446600532006596e-02 1.005240000000000022e-01 3.042393872936014626e-02 3.868873533273716608e-02 3.042393872936014279e-02 1.612959999999999949e-01
1.370360000000000189e-01 3.626419475482412641e-02 4.484042345398688706e-02 3.626419475482412641e-02 1.005240000000000022e-01 3.924821785139127883e-02 4.484042345398688706e-02 3.924821785139127189e-02 1.612959999999999949e-01
1.370360000000000189e-01 3.980451013483807948e-02 5.284134521137983515e-02 3.980451013483807948e-02 1.005240000000000022e-01 4.228521772780095833e-02 5.284134521137983515e-02 4.228521772780095139e-02 1.612959999999999949e-01
1.370360000000000189e-01 4.554275819455065599e-02 6.259297671416720610e-02 4.554275819455065599e-02 1.005240000000000022e-01 4.591264104928409473e-02 6.259297671416720610e-02 4.591264104928408779e-02 1.612959999999999949e-01
1.370360000000000189e-01 5.073279871016610210e-02 6.641584869489083887e-02 5.073279871016610210e-02 1.005240000000000022e-01 5.408847657677177956e-02 6.641584869489083887e-02 5.408847657677177262e-02 1.612959999999999949e-01
1.370360000000000189e-01 5.568191863914378342e-02 7.794182621489106899e-02 5.568191863914378342e-02 1.005240000000000022e-01 5.720436113744514772e-02 7.794182621489106899e-02 5.720436113744514078e-02 1.612959999999999949e-01
1.370360000000000189e-01 5.768799659647094041e-02 8.452494192904047576e-02 5.768799659647094041e-02 1.005240000000000022e-01 6.598617526566899483e-02 8.452494192904047576e-02 6.598617526566899483e-02 1.612959999999999949e-01
1.370360000000000189e-01 6.439130131312778560e-02 8.863533169731886707e-02 6.439130131312778560e-02 1.005240000000000022e-01 7.049233934539543556e-02 8.863533169731886707e-02 7.049233934539542168e-02 1.612959999999999949e-01
1.370360000000000189e-01 7.290812546342075040e-02 9.479021508373085270e-02 7.290812546342075040e-02 1.005240000000000022e-01 7.836475490366100194e-02 9.479021508373085270e-02 7.836475490366098806e-02 1.612959999999999949e-01
1.370360000000000189e-01 7.537324440505080436e-02 1.065431820923048306e-01 7.537324440505080436e-02 1.005240000000000022e-01 8.040923667176082257e-02 1.065431820923048306e-01 8.040923667176080869e-02 1.612959999999999949e-01
1.370360000000000189e-01 8.171785932022868071e-02 1.151862378575665841e-01 8.171785932022868071e-02 1.005240000000000022e-01 8.560624335767895443e-02 1.151862378575665841e-01 8.560624335767894055e-02 1.612959999999999949e-01
1.370360000000000189e-01 8.500282575799295026e-02 1.168627360108806801e-01 8.500282575799295026e-02 1.005240000000000022e-01 9.013445800432801081e-02 1.168627360108806801e-01 9.013445800432799693e-02 1.612959999999999949e-01
1.370360000000000189e-01 9.287443892101274190e-02 1.284484390665518727e-01 9.287443892101274190e-02 1.005240000000000022e-01 9.586421226548536012e-02 1.284484390665518727e-01 9.586421226548534624e-02 1.612959999999999949e-01
1.370360000000000189e-01 9.820241794720363515e-02 1.363880932312970251e-01 9.820241794720363515e-02 1.005240000000000022e-01 1.019925722679045355e-01 1.363880932312970251e-01 1.019925722679045355e-01 1.612959999999999949e-01
1.370360000000000189e-01 9.910800000000000165e-02 1.377840000000000176e-01 9.910800000000000165e-02 1.005240000000000022e-01 1.069520000000000193e-01 1.377840000000000176e-01 1.069520000000000054e-01 1.612959999999999949e-01
c: 
2.748000000000000220e+00
2.850000000000000089e+00
1.459999999999999964e+00
