CDF: 
4.600000000000000200e-01 4.799999999999999822e-01 5.699999999999999512e-01 1.000000000000000000e+00
1.900000000000000022e-01 6.300000000000000044e-01 8.399999999999999689e-01 1.000000000000000000e+00
2.999999999999999889e-01 5.799999999999999600e-01 6.099999999999999867e-01 1.000000000000000000e+00
sigma: 
2.243000000000000271e-01 2.195645596085039376e-03 1.474459537579159586e-03 2.195645596085039376e-03 1.009759999999999824e-01 2.947953659124769640e-03 1.474459537579159586e-03 2.947953659124770073e-03 1.962360000000000215e-01
2.243000000000000271e-01 7.828112312867454084e-03 1.157521537474730418e-02 7.828112312867454084e-03 1.009759999999999824e-01 8.632929086627634876e-03 1.157521537474730418e-02 8.632929086627636611e-03 1.962360000000000215e-01
2.243000000000000271e-01 1.157977149931551514e-02 3.047478413629260349e-02 1.157977149931551514e-02 1.009759999999999824e-01 1.426976280544250096e-02 3.047478413629260349e-02 1.426976280544250270e-02 1.962360000000000215e-01
2.243000000000000271e-01 1.732961482051689414e-02 3.544256101170607798e-02 1.732961482051689414e-02 1.009759999999999824e-01 2.084756899449479589e-02 3.544256101170607798e-02 2.084756899449479936e-02 1.962360000000000215e-01
2.243000000000000271e-01 2.624181642206060983e-02 5.147991448077247900e-02 2.624181642206060983e-02 1.009759999999999824e-01 2.804795928317948411e-02 5.147991448077247900e-02 2.804795928317948758e-02 1.962360000000000215e-01
2.243000000000000271e-01 2.874283430370051448e-02 5.665218261064989408e-02 2.874283430370051448e-02 1.009759999999999824e-01 3.276293910469679077e-02 5.665218261064989408e-02 3.276293910469679771e-02 1.962360000000000215e-01
2.243000000000000271e-01 3.810290737093747354e-02 6.876533332467849036e-02 3.810290737093747354e-02 1.009759999999999824e-01 3.488337281864475198e-02 6.876533332467849036e-02 3.488337281864475892e-02 1.962360000000000215e-01
2.243000000000000271e-01 4.377751540607080494e-02 7.784858683703044235e-02 4.377751540607080494e-02 1.009759999999999824e-01 4.483258166265292194e-02 7.784858683703044235e-02 4.483258166265292888e-02 1.962360000000000215e-01
2.243000000000000271e-01 4.577818463595641901e-02 8.829932903024821644e-02 4.577818463595641901e-02 1.009759999999999824e-01 4.802398835785886416e-02 8.829932903024821644e-02 4.802398835785887110e-02 1.962360000000000215e-01
2.243000000000000271e-01 5.455908751492220821e-02 1.014237346936753131e-01 5.455908751492220821e-02 1.009759999999999824e-01 5.597599910121624223e-02 1.014237346936753131e-01 5.597599910121624917e-02 1.962360000000000215e-01
2.243000000000000271e-01 5.968366206009569769e-02 1.126721338475570600e-01 5.968366206009569769e-02 1.009759999999999824e-01 6.071977393642637860e-02 1.126721338475570600e-01 6.071977393642639248e-02 1.962360000000000215e-01
2.243000000000000271e-01 6.787973499009601619e-02 1.196239753306354431e-01 6.787973499009601619e-02 1.009759999999999824e-01 6.418153223524900031e-02 1.196239753306354431e-01 6.418153223524901418e-02 1.962360000000000215e-01
2.243000000000000271e-01 6.958374647095573462e-02 1.279422397179942328e-01 6.958374647095573462e-02 1.009759999999999824e-01 7.025357392431218206e-02 1.279422397179942328e-01 7.025357392431219594e-02 1.962360000000000215e-01
2.243000000000000271e-01 7.739679820478760630e-02 1.376121949354273122e-01 7.739679820478760630e-02 1.009759999999999824e-01 7.907619280958982921e-02 1.376121949354273122e-01 7.907619280958982921e-02 1.962360000000000215e-01
2.243000000000000271e-01 8.402263931403695929e-02 1.489904177200218061e-01 8.402263931403695929e-02 1.009759999999999824e-01 8.533709502346462084e-02 1.489904177200218061e-01 8.533709502346463471e-02 1.962360000000000215e-01
2.243000000000000271e-01 8.900980486658033319e-02 1.654009568490718562e-01 8.900980486658033319e-02 1.009759999999999824e-01 8.691767277515063950e-02 1.654009568490718562e-01 8.691767277515063950e-02 1.962360000000000215e-01
2.243000000000000271e-01 9.492525538716449496e-02 1.673025282641092404e-01 9.492525538716449496e-02 1.009759999999999824e-01 9.549462226144328492e-02 1.673025282641092404e-01 9.549462226144329879e-02 1.962360000000000215e-01
2.243000000000000271e-01 1.020403978776141390e-01 1.834332928307561006e-01 1.020403978776141390e-01 1.009759999999999824e-01 9.817024456740637561e-02 1.834332928307561006e-01 9.817024456740638949e-02 1.962360000000000215e-01
2.243000000000000271e-01 1.030232498405096453e-01 1.866040411230936724e-01 1.030232498405096453e-01 1.009759999999999824e-01 1.072646912140880343e-01 1.866040411230936724e-01 1.072646912140880482e-01 1.962360000000000215e-01
2.243000000000000271e-01 1.079600000000000004e-01 1.967400000000000260e-01 1.079600000000000004e-01 1.009759999999999824e-01 1.095439999999999886e-01 1.967400000000000260e-01 1.095440000000000025e-01 1.962360000000000215e-01
c: 
2.303999999999999826e+00
1.159000000000000030e+00
2.115000000000000213e+00
