CDF: 
5.100000000000000089e-01 6.300000000000000044e-01 6.600000000000000311e-01 1.000000000000000000e+00
1.400000000000000133e-01 4.899999999999999911e-01 5.600000000000000533e-01 1.000000000000000000e+00
4.699999999999999734e-01 6.700000000000000400e-01 7.900000000000000355e-01 1.000000000000000000e+00
sigma: 
2.135790000000000188e-01 8.399827292640073967e-03 2.180614486860691509e-03 8.399827292640072232e-03 2.037840000000000207e-01 4.240991196701903408e-03 2.180614486860691509e-03 4.240991196701903408e-03 1.520440000000000125e-01
2.135790000000000188e-01 1.700567369960429703e-02 8.358731014020027647e-03 1.700567369960429356e-02 2.037840000000000207e-01 1.194201307861982378e-02 8.358731014020027647e-03 1.194201307861982378e-02 1.520440000000000125e-01
2.135790000000000188e-01 2.222569255423701567e-02 1.858995402967534780e-02 2.222569255423701221e-02 2.037840000000000207e-01 1.675977608624171569e-02 1.858995402967534780e-02 1.675977608624171569e-02 1.520440000000000125e-01
2.135790000000000188e-01 2.999069318358580857e-02 2.933517190756252183e-02 2.999069318358580510e-02 2.037840000000000207e-01 2.179678176527315506e-02 2.933517190756252183e-02 2.179678176527315506e-02 1.520440000000000125e-01
2.135790000000000188e-01 3.860888367769659685e-02 3.560649509132726709e-02 3.860888367769658991e-02 2.037840000000000207e-01 2.757134498266110290e-02 3.560649509132726709e-02 2.757134498266110290e-02 1.520440000000000125e-01
2.135790000000000188e-01 5.117532088812263430e-02 4.051069437345912461e-02 5.117532088812262736e-02 2.037840000000000207e-01 3.612455667908217455e-02 4.051069437345912461e-02 3.612455667908217455e-02 1.520440000000000125e-01
2.135790000000000188e-01 6.089153953137231567e-02 5.141152097244208741e-02 6.089153953137230874e-02 2.037840000000000207e-01 4.189485340737514329e-02 5.141152097244208741e-02 4.189485340737514329e-02 1.520440000000000125e-01
2.135790000000000188e-01 6.598832879452079525e-02 6.083795265931203622e-02 6.598832879452079525e-02 2.037840000000000207e-01 4.886674595750697264e-02 6.083795265931203622e-02 4.886674595750697264e-02 1.520440000000000125e-01
2.135790000000000188e-01 8.370495389167839639e-02 7.039347545700849751e-02 8.370495389167838252e-02 2.037840000000000207e-01 5.951114126430580298e-02 7.039347545700849751e-02 5.951114126430580298e-02 1.520440000000000125e-01
2.135790000000000188e-01 9.129002865611773876e-02 7.528015010435630538e-02 9.129002865611772488e-02 2.037840000000000207e-01 6.195210121658982494e-02 7.528015010435630538e-02 6.195210121658982494e-02 1.520440000000000125e-01
2.135790000000000188e-01 1.012598951061253749e-01 8.292383128195532360e-02 1.012598951061253610e-01 2.037840000000000207e-01 6.890946085218513373e-02 8.292383128195532360e-02 6.890946085218513373e-02 1.520440000000000125e-01
2.135790000000000188e-01 1.087319171372023302e-01 9.090951568735339272e-02 1.087319171372023163e-01 2.037840000000000207e-01 7.407522358908730231e-02 9.090951568735339272e-02 7.407522358908730231e-02 1.520440000000000125e-01
2.135790000000000188e-01 1.195475322057303474e-01 9.717195263420697060e-02 1.195475322057303197e-01 2.037840000000000207e-01 8.534509476444979148e-02 9.717195263420697060e-02 8.534509476444979148e-02 1.520440000000000125e-01
2.135790000000000188e-01 1.304799665218194238e-01 1.050309069569842768e-01 1.304799665218193960e-01 2.037840000000000207e-01 8.882756699287036595e-02 1.050309069569842768e-01 8.882756699287036595e-02 1.520440000000000125e-01
2.135790000000000188e-01 1.371962885698109480e-01 1.185054953166076314e-01 1.371962885698109202e-01 2.037840000000000207e-01 9.541256046943327740e-02 1.185054953166076314e-01 9.541256046943327740e-02 1.520440000000000125e-01
2.135790000000000188e-01 1.422685470275353026e-01 1.233435189840900864e-01 1.422685470275353026e-01 2.037840000000000207e-01 1.020869038581088406e-01 1.233435189840900864e-01 1.020869038581088406e-01 1.520440000000000125e-01
2.135790000000000188e-01 1.587516032632330099e-01 1.347849359831389260e-01 1.587516032632329821e-01 2.037840000000000207e-01 1.080569931947068379e-01 1.347849359831389260e-01 1.080569931947068379e-01 1.520440000000000125e-01
2.135790000000000188e-01 1.598857389978149413e-01 1.391279869741144648e-01 1.598857389978149413e-01 2.037840000000000207e-01 1.167630305862666085e-01 1.391279869741144648e-01 1.167630305862666085e-01 1.520440000000000125e-01
2.135790000000000188e-01 1.716333001022386229e-01 1.450829254137967206e-01 1.716333001022385951e-01 2.037840000000000207e-01 1.265526807103911355e-01 1.450829254137967206e-01 1.265526807103911355e-01 1.520440000000000125e-01
2.135790000000000188e-01 1.784440000000000193e-01 1.530740000000000434e-01 1.784439999999999915e-01 2.037840000000000207e-01 1.273640000000000050e-01 1.530740000000000434e-01 1.273640000000000050e-01 1.520440000000000125e-01
c: 
2.358000000000000096e+00
1.508999999999999897e+00
2.100000000000000089e+00
