CDF: 
2.000000000000000111e-01 4.400000000000000022e-01 5.999999999999999778e-01 1.000000000000000000e+00
3.599999999999999867e-01 3.800000000000000044e-01 5.000000000000000000e-01 1.000000000000000000e+00
1.900000000000000022e-01 5.300000000000000266e-01 8.399999999999999689e-01 1.000000000000000000e+00
sigma: 
1.730560000000000154e-01 6.683152465504596821e-04 6.441170434781261960e-04 6.683152465504595737e-04 2.152959999999999874e-01 3.904372014204119355e-03 6.441170434781263044e-04 3.904372014204119789e-03 9.929599999999999538e-02
1.730560000000000154e-01 1.573098873011071278e-02 1.058582864976979031e-02 1.573098873011070931e-02 2.152959999999999874e-01 6.716670334546135691e-03 1.058582864976979031e-02 6.716670334546136559e-03 9.929599999999999538e-02
1.730560000000000154e-01 2.145152463787691061e-02 1.151721748296606271e-02 2.145152463787690714e-02 2.152959999999999874e-01 1.464160626702641806e-02 1.151721748296606444e-02 1.464160626702641979e-02 9.929599999999999538e-02
1.730560000000000154e-01 3.000849785487353164e-02 1.890845273847787875e-02 3.000849785487352817e-02 2.152959999999999874e-01 1.739134843871658134e-02 1.890845273847788222e-02 1.739134843871658481e-02 9.929599999999999538e-02
1.730560000000000154e-01 4.269623687199230327e-02 2.303860787562266726e-02 4.269623687199229634e-02 2.152959999999999874e-01 2.587394636940070630e-02 2.303860787562267073e-02 2.587394636940070977e-02 9.929599999999999538e-02
1.730560000000000154e-01 5.309801715523185250e-02 3.234563874016505025e-02 5.309801715523184557e-02 2.152959999999999874e-01 3.072182926033190445e-02 3.234563874016505025e-02 3.072182926033190792e-02 9.929599999999999538e-02
1.730560000000000154e-01 6.320520124535494721e-02 3.616792996461621473e-02 6.320520124535493334e-02 2.152959999999999874e-01 3.874797844385201306e-02 3.616792996461622167e-02 3.874797844385202000e-02 9.929599999999999538e-02
1.730560000000000154e-01 6.811941113305702844e-02 4.021076706448968585e-02 6.811941113305701456e-02 2.152959999999999874e-01 3.982731204963758931e-02 4.021076706448969279e-02 3.982731204963759625e-02 9.929599999999999538e-02
1.730560000000000154e-01 7.843364308330968981e-02 4.807143037708830335e-02 7.843364308330967594e-02 2.152959999999999874e-01 4.910032215552575380e-02 4.807143037708831029e-02 4.910032215552576074e-02 9.929599999999999538e-02
1.730560000000000154e-01 8.405871053724282838e-02 5.093089199283119817e-02 8.405871053724281450e-02 2.152959999999999874e-01 5.059828054607030945e-02 5.093089199283120511e-02 5.059828054607031639e-02 9.929599999999999538e-02
1.730560000000000154e-01 9.096504605490862705e-02 5.958505231440305167e-02 9.096504605490861317e-02 2.152959999999999874e-01 6.141874224006239197e-02 5.958505231440305860e-02 6.141874224006239891e-02 9.929599999999999538e-02
1.730560000000000154e-01 1.015228508142634045e-01 6.352884818733454952e-02 1.015228508142633906e-01 2.152959999999999874e-01 6.441714634433197417e-02 6.352884818733456340e-02 6.441714634433198805e-02 9.929599999999999538e-02
1.730560000000000154e-01 1.116486671882215009e-01 6.883775624562712969e-02 1.116486671882214732e-01 2.152959999999999874e-01 6.914941723082762559e-02 6.883775624562714357e-02 6.914941723082763947e-02 9.929599999999999538e-02
1.730560000000000154e-01 1.269190223398209971e-01 7.241767821878469791e-02 1.269190223398209694e-01 2.152959999999999874e-01 7.443549877140342996e-02 7.241767821878469791e-02 7.443549877140344384e-02 9.929599999999999538e-02
1.730560000000000154e-01 1.347958375663870501e-01 8.106099406090744308e-02 1.347958375663870223e-01 2.152959999999999874e-01 8.156268549487823150e-02 8.106099406090745696e-02 8.156268549487824537e-02 9.929599999999999538e-02
1.730560000000000154e-01 1.410637212021574050e-01 8.458335172903530541e-02 1.410637212021573772e-01 2.152959999999999874e-01 8.753507392292866895e-02 8.458335172903531929e-02 8.753507392292868283e-02 9.929599999999999538e-02
1.730560000000000154e-01 1.456793238763725018e-01 8.817037833747753961e-02 1.456793238763724740e-01 2.152959999999999874e-01 9.019398404712665462e-02 8.817037833747755349e-02 9.019398404712666850e-02 9.929599999999999538e-02
1.730560000000000154e-01 1.615194818461241633e-01 9.373160881309185177e-02 1.615194818461241355e-01 2.152959999999999874e-01 9.542533660863937450e-02 9.373160881309186565e-02 9.542533660863938838e-02 9.929599999999999538e-02
1.730560000000000154e-01 1.691191477356674133e-01 1.009409662060494206e-01 1.691191477356673856e-01 2.152959999999999874e-01 1.048815700196246009e-01 1.009409662060494345e-01 1.048815700196246148e-01 9.929599999999999538e-02
1.730560000000000154e-01 1.725760000000000349e-01 1.037759999999999933e-01 1.725760000000000072e-01 2.152959999999999874e-01 1.060959999999999959e-01 1.037760000000000071e-01 1.060960000000000097e-01 9.929599999999999538e-02
c: 
2.825000000000000178e+00
1.028999999999999915e+00
1.558999999999999941e+00
