CDF: 
3.499999999999999778e-01 4.699999999999999734e-01 9.100000000000000311e-01 1.000000000000000000e+00
7.199999999999999734e-01 8.100000000000000533e-01 8.299999999999999600e-01 1.000000000000000000e+00
4.500000000000000111e-01 7.900000000000000355e-01 8.499999999999999778e-01 1.000000000000000000e+00
sigma: 
7.604400000000000048e-02 1.396941242962562463e-03 3.573832886379180434e-03 1.396941242962562680e-03 1.384749999999999592e-01 2.342605786989520092e-04 3.573832886379180434e-03 2.342605786989519550e-04 1.179960000000000175e-01
7.604400000000000048e-02 4.455773659299204319e-03 5.137946199749352481e-03 4.455773659299205186e-03 1.384749999999999592e-01 1.132805825230239101e-02 5.137946199749352481e-03 1.132805825230238754e-02 1.179960000000000175e-01
7.604400000000000048e-02 1.000413081014658173e-02 9.911933053461077087e-03 1.000413081014658347e-02 1.384749999999999592e-01 1.523836583310735592e-02 9.911933053461077087e-03 1.523836583310735245e-02 1.179960000000000175e-01
7.604400000000000048e-02 1.377894966511117834e-02 1.216103315171288696e-02 1.377894966511118181e-02 1.384749999999999592e-01 1.991605182376522329e-02 1.216103315171288696e-02 1.991605182376521635e-02 1.179960000000000175e-01
7.604400000000000048e-02 1.651942739599832413e-02 1.986079578646506721e-02 1.651942739599832760e-02 1.384749999999999592e-01 2.725161245351835279e-02 1.986079578646506721e-02 2.725161245351834585e-02 1.179960000000000175e-01
7.604400000000000048e-02 2.056091759606415437e-02 2.221817478831271397e-02 2.056091759606415784e-02 1.384749999999999592e-01 3.419831933874935975e-02 2.221817478831271397e-02 3.419831933874935281e-02 1.179960000000000175e-01
7.604400000000000048e-02 2.506055758225947394e-02 2.677035851214724926e-02 2.506055758225947741e-02 1.384749999999999592e-01 4.154199462979105140e-02 2.677035851214724926e-02 4.154199462979104446e-02 1.179960000000000175e-01
7.604400000000000048e-02 2.998384177680197757e-02 3.043486266224812442e-02 2.998384177680198104e-02 1.384749999999999592e-01 4.634684651513001213e-02 3.043486266224812442e-02 4.634684651512999826e-02 1.179960000000000175e-01
7.604400000000000048e-02 3.478517070117038285e-02 3.450952145533654064e-02 3.478517070117038978e-02 1.384749999999999592e-01 5.498586511507382035e-02 3.450952145533654064e-02 5.498586511507380648e-02 1.179960000000000175e-01
7.604400000000000048e-02 3.583188734991884367e-02 3.949136921617891344e-02 3.583188734991885060e-02 1.384749999999999592e-01 6.300479373576772790e-02 3.949136921617891344e-02 6.300479373576771402e-02 1.179960000000000175e-01
7.604400000000000048e-02 3.962680436055183303e-02 4.295038547383328575e-02 3.962680436055183997e-02 1.384749999999999592e-01 6.661263789341205499e-02 4.295038547383328575e-02 6.661263789341204111e-02 1.179960000000000175e-01
7.604400000000000048e-02 4.471811797233359032e-02 4.416811614316589613e-02 4.471811797233359725e-02 1.384749999999999592e-01 7.619737148591165798e-02 4.416811614316589613e-02 7.619737148591164411e-02 1.179960000000000175e-01
7.604400000000000048e-02 4.876685728163154820e-02 5.193941858962421859e-02 4.876685728163155514e-02 1.384749999999999592e-01 7.748535340962595108e-02 5.193941858962421859e-02 7.748535340962593720e-02 1.179960000000000175e-01
7.604400000000000048e-02 5.506104187992288956e-02 5.585251684300503172e-02 5.506104187992290344e-02 1.384749999999999592e-01 8.359343787123316161e-02 5.585251684300503172e-02 8.359343787123314773e-02 1.179960000000000175e-01
7.604400000000000048e-02 5.676514518980921298e-02 5.798318381827453211e-02 5.676514518980922686e-02 1.384749999999999592e-01 9.171530397455840422e-02 5.798318381827453211e-02 9.171530397455837647e-02 1.179960000000000175e-01
7.604400000000000048e-02 5.993130443543199376e-02 6.309904073127803326e-02 5.993130443543200764e-02 1.384749999999999592e-01 1.003962201354618861e-01 6.309904073127803326e-02 1.003962201354618583e-01 1.179960000000000175e-01
7.604400000000000048e-02 6.563186418476997519e-02 6.561007460739823327e-02 6.563186418476998907e-02 1.384749999999999592e-01 1.033471478148289269e-01 6.561007460739823327e-02 1.033471478148288991e-01 1.179960000000000175e-01
7.604400000000000048e-02 7.093967145530345741e-02 7.172171466964061270e-02 7.093967145530347129e-02 1.384749999999999592e-01 1.091157726994480270e-01 7.172171466964061270e-02 1.091157726994479993e-01 1.179960000000000175e-01
7.604400000000000048e-02 7.247903754840466506e-02 7.523785828996341907e-02 7.247903754840467894e-02 1.384749999999999592e-01 1.164030865412228472e-01 7.523785828996341907e-02 1.164030865412228194e-01 1.179960000000000175e-01
7.604400000000000048e-02 7.520999999999999908e-02 7.593199999999999950e-02 7.521000000000001295e-02 1.384749999999999592e-01 1.217300000000000049e-01 7.593199999999999950e-02 1.217299999999999771e-01 1.179960000000000175e-01
c: 
1.830000000000000071e+00
1.925000000000000044e+00
2.434000000000000163e+00
