CDF: 
1.900000000000000022e-01 2.000000000000000111e-01 3.099999999999999978e-01 1.000000000000000000e+00
5.999999999999999778e-01 7.700000000000000178e-01 7.800000000000000266e-01 1.000000000000000000e+00
1.000000000000000056e-01 2.899999999999999800e-01 5.000000000000000000e-01 1.000000000000000000e+00
sigma: 
1.663039999999999796e-01 7.174823858742060412e-04 4.139461123067410091e-03 7.174823858742061496e-04 1.618360000000000076e-01 2.900601337831625135e-03 4.139461123067411825e-03 2.900601337831625135e-03 1.543160000000000087e-01
1.663039999999999796e-01 6.280836606975480872e-03 9.743257173110633426e-03 6.280836606975482607e-03 1.618360000000000076e-01 7.004506645854677652e-03 9.743257173110635161e-03 7.004506645854677652e-03 1.543160000000000087e-01
1.663039999999999796e-01 7.740750210019984277e-03 1.693849116437437866e-02 7.740750210019986012e-03 1.618360000000000076e-01 1.177959828198030245e-02 1.693849116437438213e-02 1.177959828198030245e-02 1.543160000000000087e-01
1.663039999999999796e-01 1.207055406119078925e-02 2.065377052028133029e-02 1.207055406119079272e-02 1.618360000000000076e-01 1.796304699498623911e-02 2.065377052028133376e-02 1.796304699498623911e-02 1.543160000000000087e-01
1.663039999999999796e-01 1.619209004157932258e-02 3.357454583410712096e-02 1.619209004157932605e-02 1.618360000000000076e-01 2.107095918911468940e-02 3.357454583410712790e-02 2.107095918911468940e-02 1.543160000000000087e-01
1.663039999999999796e-01 1.979334083090518448e-02 3.960062615704347533e-02 1.979334083090518795e-02 1.618360000000000076e-01 2.847111723432515368e-02 3.960062615704348227e-02 2.847111723432515368e-02 1.543160000000000087e-01
1.663039999999999796e-01 2.239974576892009642e-02 4.503501897597408932e-02 2.239974576892009989e-02 1.618360000000000076e-01 3.252927620498017452e-02 4.503501897597409626e-02 3.252927620498017452e-02 1.543160000000000087e-01
1.663039999999999796e-01 2.614578686318557235e-02 5.321008175018906300e-02 2.614578686318557582e-02 1.618360000000000076e-01 4.020651077156586761e-02 5.321008175018907688e-02 4.020651077156586761e-02 1.543160000000000087e-01
1.663039999999999796e-01 3.148447829499342876e-02 5.940703731842448404e-02 3.148447829499343570e-02 1.618360000000000076e-01 4.601433943013036321e-02 5.940703731842449792e-02 4.601433943013036321e-02 1.543160000000000087e-01
1.663039999999999796e-01 3.286557947048429629e-02 6.279961558293967183e-02 3.286557947048430323e-02 1.618360000000000076e-01 4.677282722005370735e-02 6.279961558293968571e-02 4.677282722005370735e-02 1.543160000000000087e-01
1.663039999999999796e-01 3.657440773799853356e-02 7.029113848949365695e-02 3.657440773799854050e-02 1.618360000000000076e-01 5.341732286721990325e-02 7.029113848949367083e-02 5.341732286721990325e-02 1.543160000000000087e-01
1.663039999999999796e-01 4.284038244413189422e-02 7.617435086997285942e-02 4.284038244413190810e-02 1.618360000000000076e-01 5.976200235295284907e-02 7.617435086997287330e-02 5.976200235295284907e-02 1.543160000000000087e-01
1.663039999999999796e-01 4.426666674398736095e-02 8.763236191845741319e-02 4.426666674398736789e-02 1.618360000000000076e-01 6.344648760674524712e-02 8.763236191845744094e-02 6.344648760674524712e-02 1.543160000000000087e-01
1.663039999999999796e-01 4.796816404347629959e-02 9.279048330974300207e-02 4.796816404347631346e-02 1.618360000000000076e-01 6.845142839247879418e-02 9.279048330974301595e-02 6.845142839247879418e-02 1.543160000000000087e-01
1.663039999999999796e-01 5.204496568622912073e-02 9.551414080032963327e-02 5.204496568622912767e-02 1.618360000000000076e-01 7.413677579074876012e-02 9.551414080032966103e-02 7.413677579074876012e-02 1.543160000000000087e-01
1.663039999999999796e-01 5.590154803809740253e-02 1.071060822071559920e-01 5.590154803809741640e-02 1.618360000000000076e-01 8.129387693152193006e-02 1.071060822071560198e-01 8.129387693152193006e-02 1.543160000000000087e-01
1.663039999999999796e-01 6.051292545000326595e-02 1.119206705228276422e-01 6.051292545000327983e-02 1.618360000000000076e-01 8.699868185640624585e-02 1.119206705228276699e-01 8.699868185640624585e-02 1.543160000000000087e-01
1.663039999999999796e-01 6.403374730106356494e-02 1.197391484509817278e-01 6.403374730106356494e-02 1.618360000000000076e-01 9.211201947182744154e-02 1.197391484509817555e-01 9.211201947182744154e-02 1.543160000000000087e-01
1.663039999999999796e-01 6.654280325200752355e-02 1.288110093328935779e-01 6.654280325200753743e-02 1.618360000000000076e-01 9.443292679893920682e-02 1.288110093328936057e-01 9.443292679893920682e-02 1.543160000000000087e-01
1.663039999999999796e-01 6.811199999999999199e-02 1.290079999999999838e-01 6.811200000000000587e-02 1.618360000000000076e-01 9.752399999999999958e-02 1.290080000000000116e-01 9.752399999999999958e-02 1.543160000000000087e-01
c: 
1.798999999999999932e+00
1.584999999999999964e+00
2.837000000000000188e+00
