CDF: 
4.899999999999999911e-01 5.000000000000000000e-01 6.899999999999999467e-01 1.000000000000000000e+00
2.999999999999999889e-01 3.300000000000000155e-01 6.300000000000000044e-01 1.000000000000000000e+00
1.700000000000000122e-01 7.500000000000000000e-01 7.600000000000000089e-01 1.000000000000000000e+00
sigma: 
1.917760000000000020e-01 1.242142528046014148e-03 6.636005451813493244e-03 1.242142528046014148e-03 1.829310000000000103e-01 3.915703630953716770e-03 6.636005451813493244e-03 3.915703630953717637e-03 1.560990000000000155e-01
1.917760000000000020e-01 1.200957984989812870e-02 1.343769293170664174e-02 1.200957984989812870e-02 1.829310000000000103e-01 7.673388562160743040e-03 1.343769293170664174e-02 7.673388562160744775e-03 1.560990000000000155e-01
1.917760000000000020e-01 1.819614863114145040e-02 2.239720503188909889e-02 1.819614863114145040e-02 1.829310000000000103e-01 1.508638806179644042e-02 2.239720503188909889e-02 1.508638806179644389e-02 1.560990000000000155e-01
1.917760000000000020e-01 3.032871778461040599e-02 2.675636846919964354e-02 3.032871778461040599e-02 1.829310000000000103e-01 2.059638959620092510e-02 2.675636846919964354e-02 2.059638959620093204e-02 1.560990000000000155e-01
1.917760000000000020e-01 3.829047493588742107e-02 3.226849754573039852e-02 3.829047493588742107e-02 1.829310000000000103e-01 2.795319020901009324e-02 3.226849754573039852e-02 2.795319020901010018e-02 1.560990000000000155e-01
1.917760000000000020e-01 5.035934971567603696e-02 4.034752829562656545e-02 5.035934971567603696e-02 1.829310000000000103e-01 3.780836713955626482e-02 4.034752829562656545e-02 3.780836713955627176e-02 1.560990000000000155e-01
1.917760000000000020e-01 6.192862072079591274e-02 4.819141619312224123e-02 6.192862072079591274e-02 1.829310000000000103e-01 4.388538648511565443e-02 4.819141619312224123e-02 4.388538648511566137e-02 1.560990000000000155e-01
1.917760000000000020e-01 6.351995723481787537e-02 5.836597226632866953e-02 6.351995723481787537e-02 1.829310000000000103e-01 5.241547136033220672e-02 5.836597226632866953e-02 5.241547136033222060e-02 1.560990000000000155e-01
1.917760000000000020e-01 7.931890357487453302e-02 6.694361670178390622e-02 7.931890357487453302e-02 1.829310000000000103e-01 5.518163319253403809e-02 6.694361670178390622e-02 5.518163319253405197e-02 1.560990000000000155e-01
1.917760000000000020e-01 8.074982373138446523e-02 6.827887167867019436e-02 8.074982373138446523e-02 1.829310000000000103e-01 6.298206123373563392e-02 6.827887167867019436e-02 6.298206123373564780e-02 1.560990000000000155e-01
1.917760000000000020e-01 9.095830924699178921e-02 8.282981569802441713e-02 9.095830924699178921e-02 1.829310000000000103e-01 6.845289422451281136e-02 8.282981569802441713e-02 6.845289422451282524e-02 1.560990000000000155e-01
1.917760000000000020e-01 1.017492330473536988e-01 8.570640405403329165e-02 1.017492330473536988e-01 1.829310000000000103e-01 7.397233314878812194e-02 8.570640405403329165e-02 7.397233314878813581e-02 1.560990000000000155e-01
1.917760000000000020e-01 1.149485482578044560e-01 9.412567805725287340e-02 1.149485482578044560e-01 1.829310000000000103e-01 8.082939620919091239e-02 9.412567805725287340e-02 8.082939620919094015e-02 1.560990000000000155e-01
1.917760000000000020e-01 1.219267593621592843e-01 1.036077000157128170e-01 1.219267593621592843e-01 1.829310000000000103e-01 8.738568864540578740e-02 1.036077000157128170e-01 8.738568864540580128e-02 1.560990000000000155e-01
1.917760000000000020e-01 1.262595301373868328e-01 1.092757503049975876e-01 1.262595301373868328e-01 1.829310000000000103e-01 9.314345931550989388e-02 1.092757503049975876e-01 9.314345931550990776e-02 1.560990000000000155e-01
1.917760000000000020e-01 1.342916160864721653e-01 1.174763680146311273e-01 1.342916160864721653e-01 1.829310000000000103e-01 1.028133883635095197e-01 1.174763680146311273e-01 1.028133883635095475e-01 1.560990000000000155e-01
1.917760000000000020e-01 1.471667449137412376e-01 1.224790628547519356e-01 1.471667449137412376e-01 1.829310000000000103e-01 1.109371446481199203e-01 1.224790628547519356e-01 1.109371446481199480e-01 1.560990000000000155e-01
1.917760000000000020e-01 1.580987529161882177e-01 1.359753609033598210e-01 1.580987529161882177e-01 1.829310000000000103e-01 1.144258179201571024e-01 1.359753609033598210e-01 1.144258179201571302e-01 1.560990000000000155e-01
1.917760000000000020e-01 1.648607154669025077e-01 1.390036055352904809e-01 1.648607154669025077e-01 1.829310000000000103e-01 1.228517457330716989e-01 1.390036055352904809e-01 1.228517457330717266e-01 1.560990000000000155e-01
1.917760000000000020e-01 1.696159999999999890e-01 1.440320000000000211e-01 1.696159999999999890e-01 1.829310000000000103e-01 1.249369999999999925e-01 1.440320000000000211e-01 1.249370000000000203e-01 1.560990000000000155e-01
c: 
1.163999999999999924e+00
1.179999999999999938e+00
1.227999999999999980e+00
