CDF: 
2.600000000000000089e-01 5.200000000000000178e-01 7.199999999999999734e-01 1.000000000000000000e+00
8.999999999999999667e-02 4.199999999999999845e-01 4.600000000000000200e-01 1.000000000000000000e+00
2.999999999999999889e-01 5.000000000000000000e-01 5.899999999999999689e-01 1.000000000000000000e+00
sigma: 
1.666440000000000143e-01 5.723784978130906122e-03 1.090488978261538967e-03 5.723784978130906122e-03 2.046750000000000236e-01 1.344071689717880966e-03 1.090488978261538967e-03 1.344071689717880966e-03 2.112510000000000221e-01
1.666440000000000143e-01 1.339171935648203818e-02 1.249708595634604902e-02 1.339171935648203818e-02 2.046750000000000236e-01 1.141067618972522839e-02 1.249708595634604902e-02 1.141067618972522839e-02 2.112510000000000221e-01
1.666440000000000143e-01 1.993817694456071279e-02 1.936907547030317436e-02 1.993817694456071279e-02 2.046750000000000236e-01 2.088473277485146037e-02 1.936907547030317436e-02 2.088473277485146037e-02 2.112510000000000221e-01
1.666440000000000143e-01 2.321205976378507008e-02 2.647484724264229788e-02 2.321205976378507008e-02 2.046750000000000236e-01 2.869819644182784041e-02 2.647484724264229788e-02 2.869819644182784041e-02 2.112510000000000221e-01
1.666440000000000143e-01 2.975479455782723340e-02 3.519165133405067342e-02 2.975479455782723340e-02 2.046750000000000236e-01 4.037762510647067288e-02 3.519165133405067342e-02 4.037762510647067288e-02 2.112510000000000221e-01
1.666440000000000143e-01 4.106869214708296772e-02 4.383702571812392312e-02 4.106869214708296772e-02 2.046750000000000236e-01 5.400914422212619442e-02 4.383702571812392312e-02 5.400914422212619442e-02 2.112510000000000221e-01
1.666440000000000143e-01 4.372346061466744066e-02 5.847373034755565246e-02 4.372346061466744066e-02 2.046750000000000236e-01 5.604756814147938970e-02 5.847373034755565246e-02 5.604756814147938970e-02 2.112510000000000221e-01
1.666440000000000143e-01 5.039459403228337131e-02 6.692550120688416093e-02 5.039459403228337131e-02 2.046750000000000236e-01 7.410704754891501989e-02 6.692550120688416093e-02 7.410704754891501989e-02 2.112510000000000221e-01
1.666440000000000143e-01 6.291558500068057669e-02 7.360033326644438434e-02 6.291558500068057669e-02 2.046750000000000236e-01 7.598626757036040791e-02 7.360033326644438434e-02 7.598626757036040791e-02 2.112510000000000221e-01
1.666440000000000143e-01 6.515582678349303436e-02 8.106027224560802269e-02 6.515582678349303436e-02 2.046750000000000236e-01 9.097161160708927552e-02 8.106027224560802269e-02 9.097161160708927552e-02 2.112510000000000221e-01
1.666440000000000143e-01 7.215101443180557683e-02 8.473187541010517021e-02 7.215101443180557683e-02 2.046750000000000236e-01 9.884332807313735147e-02 8.473187541010517021e-02 9.884332807313735147e-02 2.112510000000000221e-01
1.666440000000000143e-01 7.926396233572995109e-02 9.985797784380955056e-02 7.926396233572995109e-02 2.046750000000000236e-01 1.091958266982889780e-01 9.985797784380955056e-02 1.091958266982889780e-01 2.112510000000000221e-01
1.666440000000000143e-01 8.557646242220023902e-02 1.032745289678292100e-01 8.557646242220023902e-02 2.046750000000000236e-01 1.128296344988386629e-01 1.032745289678292100e-01 1.128296344988386629e-01 2.112510000000000221e-01
1.666440000000000143e-01 9.914382956731539187e-02 1.157874135196331339e-01 9.914382956731539187e-02 2.046750000000000236e-01 1.207932375148424303e-01 1.157874135196331339e-01 1.207932375148424303e-01 2.112510000000000221e-01
1.666440000000000143e-01 1.047388388151843236e-01 1.197830886853137877e-01 1.047388388151843236e-01 2.046750000000000236e-01 1.339556671502231955e-01 1.197830886853137877e-01 1.339556671502231955e-01 2.112510000000000221e-01
1.666440000000000143e-01 1.071463475334202969e-01 1.305512469659345642e-01 1.071463475334202969e-01 2.046750000000000236e-01 1.450001698277043338e-01 1.305512469659345642e-01 1.450001698277043338e-01 2.112510000000000221e-01
1.666440000000000143e-01 1.149661855828842116e-01 1.402752154210832047e-01 1.149661855828842116e-01 2.046750000000000236e-01 1.516495911951282471e-01 1.402752154210832047e-01 1.516495911951282471e-01 2.112510000000000221e-01
1.666440000000000143e-01 1.248342499353992247e-01 1.508043643984057769e-01 1.248342499353992247e-01 2.046750000000000236e-01 1.636058547420028431e-01 1.508043643984057769e-01 1.636058547420028431e-01 2.112510000000000221e-01
1.666440000000000143e-01 1.306360226693814575e-01 1.574616232314323960e-01 1.306360226693814575e-01 2.046750000000000236e-01 1.693325433928853374e-01 1.574616232314323960e-01 1.693325433928853374e-01 2.112510000000000221e-01
1.666440000000000143e-01 1.346900000000000319e-01 1.606380000000000030e-01 1.346900000000000319e-01 2.046750000000000236e-01 1.760550000000000170e-01 1.606380000000000030e-01 1.760550000000000170e-01 2.112510000000000221e-01
c: 
1.203999999999999959e+00
1.790000000000000036e+00
2.789000000000000146e+00
