CDF: 
2.700000000000000178e-01 6.400000000000000133e-01 7.600000000000000089e-01 1.000000000000000000e+00
2.600000000000000089e-01 3.800000000000000044e-01 6.999999999999999556e-01 1.000000000000000000e+00
3.699999999999999956e-01 8.499999999999999778e-01 8.699999999999999956e-01 1.000000000000000000e+00
sigma: 
1.429559999999999997e-01 5.145621266368459804e-03 4.051895749774217341e-03 5.145621266368460671e-03 1.516959999999999975e-01 4.386555108877338884e-03 4.051895749774217341e-03 4.386555108877338884e-03 9.764400000000000857e-02
1.429559999999999997e-01 1.059739259831320168e-02 8.955423218177178263e-03 1.059739259831320342e-02 1.516959999999999975e-01 7.051421713331038760e-03 8.955423218177178263e-03 7.051421713331038760e-03 9.764400000000000857e-02
1.429559999999999997e-01 1.578387441248666617e-02 1.377989808554205484e-02 1.578387441248666964e-02 1.516959999999999975e-01 9.453512385384126374e-03 1.377989808554205484e-02 9.453512385384126374e-03 9.764400000000000857e-02
1.429559999999999997e-01 2.494177469961101831e-02 1.665243391405138787e-02 2.494177469961102178e-02 1.516959999999999975e-01 1.398289003483956482e-02 1.665243391405138787e-02 1.398289003483956482e-02 9.764400000000000857e-02
1.429559999999999997e-01 3.171738700885003842e-02 2.243319465642096278e-02 3.171738700885004536e-02 1.516959999999999975e-01 1.905048566630428847e-02 2.243319465642096278e-02 1.905048566630428847e-02 9.764400000000000857e-02
1.429559999999999997e-01 3.632762925718934638e-02 2.827406134046872924e-02 3.632762925718935332e-02 1.516959999999999975e-01 2.419689666882341578e-02 2.827406134046872924e-02 2.419689666882341578e-02 9.764400000000000857e-02
1.429559999999999997e-01 4.937660874864260863e-02 3.232370325861899651e-02 4.937660874864262250e-02 1.516959999999999975e-01 3.163284879844702191e-02 3.232370325861899651e-02 3.163284879844702191e-02 9.764400000000000857e-02
1.429559999999999997e-01 5.232352375498160180e-02 3.610278750749681270e-02 5.232352375498161567e-02 1.516959999999999975e-01 3.378864962835195079e-02 3.610278750749681270e-02 3.378864962835195079e-02 9.764400000000000857e-02
1.429559999999999997e-01 6.006906626903413954e-02 4.330143968337889226e-02 6.006906626903415342e-02 1.516959999999999975e-01 4.015435453249040221e-02 4.330143968337889226e-02 4.015435453249040221e-02 9.764400000000000857e-02
1.429559999999999997e-01 6.435325328296986891e-02 4.549774161085922558e-02 6.435325328296988279e-02 1.516959999999999975e-01 4.301158997513782056e-02 4.549774161085922558e-02 4.301158997513782056e-02 9.764400000000000857e-02
1.429559999999999997e-01 7.190411812755846677e-02 4.927147600302601849e-02 7.190411812755848064e-02 1.516959999999999975e-01 4.931940808234142049e-02 4.927147600302601849e-02 4.931940808234142049e-02 9.764400000000000857e-02
1.429559999999999997e-01 8.354591374158396033e-02 5.595667442179590167e-02 8.354591374158397421e-02 1.516959999999999975e-01 5.179292512799543030e-02 5.595667442179590167e-02 5.179292512799543030e-02 9.764400000000000857e-02
1.429559999999999997e-01 8.594708867673279962e-02 5.938433225373550284e-02 8.594708867673281349e-02 1.516959999999999975e-01 5.924741988516867008e-02 5.938433225373550284e-02 5.924741988516867008e-02 9.764400000000000857e-02
1.429559999999999997e-01 9.333176507410001488e-02 6.422093742377912862e-02 9.333176507410002876e-02 1.516959999999999975e-01 6.187833816031658440e-02 6.422093742377912862e-02 6.187833816031658440e-02 9.764400000000000857e-02
1.429559999999999997e-01 1.060953427887997291e-01 7.152645641050101033e-02 1.060953427887997569e-01 1.516959999999999975e-01 6.562865278138821368e-02 7.152645641050101033e-02 6.562865278138821368e-02 9.764400000000000857e-02
1.429559999999999997e-01 1.096519696703592145e-01 7.370930957920725224e-02 1.096519696703592284e-01 1.516959999999999975e-01 7.116600270121217764e-02 7.370930957920725224e-02 7.116600270121217764e-02 9.764400000000000857e-02
1.429559999999999997e-01 1.147272780559739913e-01 7.953121776339261428e-02 1.147272780559740191e-01 1.516959999999999975e-01 7.815620688827583373e-02 7.953121776339261428e-02 7.815620688827583373e-02 9.764400000000000857e-02
1.429559999999999997e-01 1.212015243154468958e-01 8.248274792990997750e-02 1.212015243154469235e-01 1.516959999999999975e-01 8.296247594008186732e-02 8.248274792990997750e-02 8.296247594008186732e-02 9.764400000000000857e-02
1.429559999999999997e-01 1.343146609230528310e-01 9.082002299027409908e-02 1.343146609230528588e-01 1.516959999999999975e-01 8.643894360563129931e-02 9.082002299027409908e-02 8.643894360563129931e-02 9.764400000000000857e-02
1.429559999999999997e-01 1.351759999999999906e-01 9.169199999999999573e-02 1.351760000000000184e-01 1.516959999999999975e-01 8.823200000000000487e-02 9.169199999999999573e-02 8.823200000000000487e-02 9.764400000000000857e-02
c: 
1.858000000000000096e+00
2.591000000000000192e+00
1.824000000000000066e+00
