CDF: 
1.600000000000000033e-01 1.900000000000000022e-01 2.600000000000000089e-01 1.000000000000000000e+00
4.699999999999999734e-01 7.199999999999999734e-01 8.900000000000000133e-01 1.000000000000000000e+00
2.500000000000000000e-01 4.099999999999999756e-01 5.400000000000000355e-01 1.000000000000000000e+00
sigma: 
1.629039999999999933e-01 7.561630565387528636e-04 7.290654731299900338e-04 7.561630565387529720e-04 9.320400000000000906e-02 1.553353228058433513e-04 7.290654731299900338e-04 1.553353228058433784e-04 2.080749999999999822e-01
1.629039999999999933e-01 2.724689089154080143e-03 1.143194246007919919e-02 2.724689089154080576e-03 9.320400000000000906e-02 5.738676337045335932e-03 1.143194246007919919e-02 5.738676337045336799e-03 2.080749999999999822e-01
1.629039999999999933e-01 5.805846932448105631e-03 1.880305317034216411e-02 5.805846932448106498e-03 9.320400000000000906e-02 1.062399290761702024e-02 1.880305317034216411e-02 1.062399290761702197e-02 2.080749999999999822e-01
1.629039999999999933e-01 7.013536039108588666e-03 1.959488073777232789e-02 7.013536039108590400e-03 9.320400000000000906e-02 1.714766976188466033e-02 1.959488073777232789e-02 1.714766976188466033e-02 2.080749999999999822e-01
1.629039999999999933e-01 9.937224798721035202e-03 2.901619097938129554e-02 9.937224798721036936e-03 9.320400000000000906e-02 1.925651132279460748e-02 2.901619097938129554e-02 1.925651132279461095e-02 2.080749999999999822e-01
1.629039999999999933e-01 1.381735414186545038e-02 3.426060068456073665e-02 1.381735414186545212e-02 9.320400000000000906e-02 2.277715451458729723e-02 3.426060068456073665e-02 2.277715451458730070e-02 2.080749999999999822e-01
1.629039999999999933e-01 1.400563704811432289e-02 4.273595444707688901e-02 1.400563704811432462e-02 9.320400000000000906e-02 2.875905476445914100e-02 4.273595444707688901e-02 2.875905476445914447e-02 2.080749999999999822e-01
1.629039999999999933e-01 1.831491591419222645e-02 4.949587239898346758e-02 1.831491591419222992e-02 9.320400000000000906e-02 3.557262599122917868e-02 4.949587239898346758e-02 3.557262599122918562e-02 2.080749999999999822e-01
1.629039999999999933e-01 1.992887757185152903e-02 5.514387309092844136e-02 1.992887757185152903e-02 9.320400000000000906e-02 3.682206915899442073e-02 5.514387309092844136e-02 3.682206915899442767e-02 2.080749999999999822e-01
1.629039999999999933e-01 2.143444455560052087e-02 5.834019084081047690e-02 2.143444455560052433e-02 9.320400000000000906e-02 4.124389652558731190e-02 5.834019084081047690e-02 4.124389652558731884e-02 2.080749999999999822e-01
1.629039999999999933e-01 2.314917203715897639e-02 6.861673398932646717e-02 2.314917203715897986e-02 9.320400000000000906e-02 4.539866170239308107e-02 6.861673398932646717e-02 4.539866170239308801e-02 2.080749999999999822e-01
1.629039999999999933e-01 2.590904960080525274e-02 7.495642951538016019e-02 2.590904960080525968e-02 9.320400000000000906e-02 5.164195005972146285e-02 7.495642951538016019e-02 5.164195005972146979e-02 2.080749999999999822e-01
1.629039999999999933e-01 2.944533352006053692e-02 8.084111201210944508e-02 2.944533352006054386e-02 9.320400000000000906e-02 5.620965663008217067e-02 8.084111201210944508e-02 5.620965663008217761e-02 2.080749999999999822e-01
1.629039999999999933e-01 3.196184005342327800e-02 8.779024809200322577e-02 3.196184005342327800e-02 9.320400000000000906e-02 6.264165539299006158e-02 8.779024809200322577e-02 6.264165539299007546e-02 2.080749999999999822e-01
1.629039999999999933e-01 3.291394510780584759e-02 9.359274059448761951e-02 3.291394510780585453e-02 9.320400000000000906e-02 6.628753582027509250e-02 9.359274059448761951e-02 6.628753582027510638e-02 2.080749999999999822e-01
1.629039999999999933e-01 3.502724034798725822e-02 1.007057838586960102e-01 3.502724034798726516e-02 9.320400000000000906e-02 6.771766982188144601e-02 1.007057838586960102e-01 6.771766982188145989e-02 2.080749999999999822e-01
1.629039999999999933e-01 3.859589138031483541e-02 1.046997501107732459e-01 3.859589138031484234e-02 9.320400000000000906e-02 7.426688470829316546e-02 1.046997501107732459e-01 7.426688470829317934e-02 2.080749999999999822e-01
1.629039999999999933e-01 4.065037383100843227e-02 1.090643267895606561e-01 4.065037383100843921e-02 9.320400000000000906e-02 7.779627317630646854e-02 1.090643267895606561e-01 7.779627317630648242e-02 2.080749999999999822e-01
1.629039999999999933e-01 4.179379898578414188e-02 1.188470665544511945e-01 4.179379898578414881e-02 9.320400000000000906e-02 8.313062164319887093e-02 1.188470665544511945e-01 8.313062164319888481e-02 2.080749999999999822e-01
1.629039999999999933e-01 4.389600000000000446e-02 1.208400000000000307e-01 4.389600000000001140e-02 9.320400000000000906e-02 8.530999999999999694e-02 1.208400000000000307e-01 8.531000000000001082e-02 2.080749999999999822e-01
c: 
2.785000000000000142e+00
1.735000000000000098e+00
2.766000000000000014e+00
