CDF: 
1.799999999999999933e-01 5.300000000000000266e-01 6.400000000000000133e-01 1.000000000000000000e+00
3.200000000000000067e-01 4.600000000000000200e-01 6.500000000000000222e-01 1.000000000000000000e+00
2.200000000000000011e-01 2.899999999999999800e-01 6.700000000000000400e-01 1.000000000000000000e+00
sigma: 
1.902159999999999962e-01 4.129422450378552809e-03 5.378779848826543107e-03 4.129422450378552809e-03 1.912589999999999846e-01 2.382912447351644928e-03 5.378779848826543974e-03 2.382912447351644928e-03 1.614990000000000314e-01
1.902159999999999962e-01 1.768700397818052591e-02 1.298220540822754218e-02 1.768700397818052591e-02 1.912589999999999846e-01 9.986069603750749243e-03 1.298220540822754565e-02 9.986069603750749243e-03 1.614990000000000314e-01
1.902159999999999962e-01 2.614491541179235837e-02 1.763006615058748325e-02 2.614491541179235837e-02 1.912589999999999846e-01 2.380834672180371508e-02 1.763006615058748325e-02 2.380834672180371508e-02 1.614990000000000314e-01
1.902159999999999962e-01 2.947062305770380836e-02 2.826933337742480387e-02 2.947062305770380836e-02 1.912589999999999846e-01 3.448717163033435812e-02 2.826933337742480734e-02 3.448717163033435812e-02 1.614990000000000314e-01
1.902159999999999962e-01 4.781478242259279421e-02 3.585176488072878281e-02 4.781478242259279421e-02 1.912589999999999846e-01 3.620728829860985626e-02 3.585176488072878975e-02 3.620728829860985626e-02 1.614990000000000314e-01
1.902159999999999962e-01 5.225569204051719319e-02 4.831927677658891251e-02 5.225569204051719319e-02 1.912589999999999846e-01 4.762439014294090472e-02 4.831927677658892639e-02 4.762439014294090472e-02 1.614990000000000314e-01
1.902159999999999962e-01 6.108317040561425659e-02 5.601649113904646343e-02 6.108317040561425659e-02 1.912589999999999846e-01 5.896250087831472753e-02 5.601649113904647731e-02 5.896250087831472753e-02 1.614990000000000314e-01
1.902159999999999962e-01 6.895867117568785232e-02 6.601947727444200387e-02 6.895867117568785232e-02 1.912589999999999846e-01 6.224554659171647325e-02 6.601947727444201774e-02 6.224554659171647325e-02 1.614990000000000314e-01
1.902159999999999962e-01 8.465632516065839386e-02 7.508455779067349511e-02 8.465632516065839386e-02 1.912589999999999846e-01 7.539930670387316736e-02 7.508455779067350899e-02 7.539930670387316736e-02 1.614990000000000314e-01
1.902159999999999962e-01 9.312349480483839148e-02 8.595769206456546629e-02 9.312349480483839148e-02 1.912589999999999846e-01 8.744981180491255557e-02 8.595769206456548017e-02 8.744981180491255557e-02 1.614990000000000314e-01
1.902159999999999962e-01 9.950072894999485718e-02 9.471350630367061929e-02 9.950072894999485718e-02 1.912589999999999846e-01 9.252264763134593339e-02 9.471350630367064705e-02 9.252264763134593339e-02 1.614990000000000314e-01
1.902159999999999962e-01 1.149159731753997687e-01 1.016973415917153956e-01 1.149159731753997687e-01 1.912589999999999846e-01 1.029344377585596076e-01 1.016973415917154094e-01 1.029344377585596076e-01 1.614990000000000314e-01
1.902159999999999962e-01 1.200219780270475878e-01 1.052869132240394634e-01 1.200219780270475878e-01 1.912589999999999846e-01 1.117088231292014816e-01 1.052869132240394773e-01 1.117088231292014816e-01 1.614990000000000314e-01
1.902159999999999962e-01 1.285060996867861405e-01 1.186999475248214225e-01 1.285060996867861405e-01 1.912589999999999846e-01 1.166397157655211653e-01 1.186999475248214503e-01 1.166397157655211653e-01 1.614990000000000314e-01
1.902159999999999962e-01 1.417866787555925878e-01 1.211357963379154079e-01 1.417866787555925878e-01 1.912589999999999846e-01 1.320810430959341863e-01 1.211357963379154357e-01 1.320810430959341863e-01 1.614990000000000314e-01
1.902159999999999962e-01 1.556933439373127948e-01 1.355843826782365258e-01 1.556933439373127948e-01 1.912589999999999846e-01 1.392491754578757401e-01 1.355843826782365535e-01 1.392491754578757401e-01 1.614990000000000314e-01
1.902159999999999962e-01 1.628125695576057852e-01 1.421024939863984038e-01 1.628125695576057852e-01 1.912589999999999846e-01 1.477564142081187470e-01 1.421024939863984315e-01 1.477564142081187470e-01 1.614990000000000314e-01
1.902159999999999962e-01 1.735182511140454797e-01 1.545839758683600074e-01 1.735182511140454797e-01 1.912589999999999846e-01 1.536095802731113347e-01 1.545839758683600351e-01 1.536095802731113347e-01 1.614990000000000314e-01
1.902159999999999962e-01 1.797781948049288481e-01 1.553352658660017149e-01 1.797781948049288481e-01 1.912589999999999846e-01 1.663445673962479221e-01 1.553352658660017427e-01 1.663445673962479221e-01 1.614990000000000314e-01
1.902159999999999962e-01 1.862119999999999886e-01 1.637720000000000009e-01 1.862119999999999886e-01 1.912589999999999846e-01 1.674289999999999945e-01 1.637720000000000287e-01 1.674289999999999945e-01 1.614990000000000314e-01
c: 
2.162999999999999812e+00
1.163000000000000034e+00
1.110999999999999988e+00
