CDF: 
5.000000000000000278e-02 2.800000000000000266e-01 3.599999999999999867e-01 1.000000000000000000e+00
2.500000000000000000e-01 5.000000000000000000e-01 6.899999999999999467e-01 1.000000000000000000e+00
2.099999999999999922e-01 4.299999999999999933e-01 6.300000000000000044e-01 1.000000000000000000e+00
sigma: 
1.775310000000000221e-01 2.888211827651358274e-08 6.533730857558137095e-03 2.888211827651357943e-08 1.759359999999999813e-01 6.159684529949060669e-03 6.533730857558137095e-03 6.159684529949060669e-03 1.858960000000000057e-01
1.775310000000000221e-01 9.462982798159338960e-03 7.640522963124757316e-03 9.462982798159337225e-03 1.759359999999999813e-01 1.479468676254502325e-02 7.640522963124757316e-03 1.479468676254502325e-02 1.858960000000000057e-01
1.775310000000000221e-01 1.300047157374134739e-02 1.710960977045796264e-02 1.300047157374134565e-02 1.759359999999999813e-01 2.116527098893426773e-02 1.710960977045796264e-02 2.116527098893426773e-02 1.858960000000000057e-01
1.775310000000000221e-01 2.178829960339565344e-02 2.165939354727668825e-02 2.178829960339564997e-02 1.759359999999999813e-01 2.874345279074775814e-02 2.165939354727668825e-02 2.874345279074775814e-02 1.858960000000000057e-01
1.775310000000000221e-01 2.546896760435059248e-02 3.406128297845883307e-02 2.546896760435058901e-02 1.759359999999999813e-01 3.809840125984959025e-02 3.406128297845883307e-02 3.809840125984959025e-02 1.858960000000000057e-01
1.775310000000000221e-01 3.348743088712691912e-02 3.438765930055841247e-02 3.348743088712691218e-02 1.759359999999999813e-01 5.074817834875453709e-02 3.438765930055841247e-02 5.074817834875453709e-02 1.858960000000000057e-01
1.775310000000000221e-01 3.972987908028526721e-02 4.719436473914942476e-02 3.972987908028526027e-02 1.759359999999999813e-01 5.293806761119072141e-02 4.719436473914942476e-02 5.293806761119072141e-02 1.858960000000000057e-01
1.775310000000000221e-01 4.573161616187160911e-02 5.278170730813967065e-02 4.573161616187160217e-02 1.759359999999999813e-01 6.937732715815973783e-02 5.278170730813967065e-02 6.937732715815973783e-02 1.858960000000000057e-01
1.775310000000000221e-01 5.245818929582014845e-02 5.637106482629898607e-02 5.245818929582014151e-02 1.759359999999999813e-01 7.601153011351262367e-02 5.637106482629898607e-02 7.601153011351262367e-02 1.858960000000000057e-01
1.775310000000000221e-01 5.621267928033014255e-02 6.640957656480284133e-02 5.621267928033013561e-02 1.759359999999999813e-01 8.432292125327459087e-02 6.640957656480284133e-02 8.432292125327459087e-02 1.858960000000000057e-01
1.775310000000000221e-01 6.091642381144136281e-02 7.114116399868769536e-02 6.091642381144134893e-02 1.759359999999999813e-01 9.595220569597422144e-02 7.114116399868769536e-02 9.595220569597422144e-02 1.858960000000000057e-01
1.775310000000000221e-01 7.149306075818388784e-02 7.529098070338263726e-02 7.149306075818388784e-02 1.759359999999999813e-01 9.752102048453524519e-02 7.529098070338263726e-02 9.752102048453524519e-02 1.858960000000000057e-01
1.775310000000000221e-01 7.571304351579233316e-02 8.811484447906564599e-02 7.571304351579231928e-02 1.759359999999999813e-01 1.074785740354183006e-01 8.811484447906564599e-02 1.074785740354183006e-01 1.858960000000000057e-01
1.775310000000000221e-01 8.268210200511173780e-02 9.481039234253355041e-02 8.268210200511173780e-02 1.759359999999999813e-01 1.174665345736553151e-01 9.481039234253355041e-02 1.174665345736553151e-01 1.858960000000000057e-01
1.775310000000000221e-01 8.832240967576160395e-02 9.608079363120704264e-02 8.832240967576159008e-02 1.759359999999999813e-01 1.261958372449115406e-01 9.608079363120704264e-02 1.261958372449115406e-01 1.858960000000000057e-01
1.775310000000000221e-01 9.400652700437195364e-02 1.083288102631099203e-01 9.400652700437193976e-02 1.759359999999999813e-01 1.372669909086996209e-01 1.083288102631099203e-01 1.372669909086996209e-01 1.858960000000000057e-01
1.775310000000000221e-01 9.750391658836256303e-02 1.152515652676783658e-01 9.750391658836254916e-02 1.759359999999999813e-01 1.430110806280767421e-01 1.152515652676783658e-01 1.430110806280767421e-01 1.858960000000000057e-01
1.775310000000000221e-01 1.075974201581379880e-01 1.171776913879521154e-01 1.075974201581379741e-01 1.759359999999999813e-01 1.533568921369126981e-01 1.171776913879521154e-01 1.533568921369126981e-01 1.858960000000000057e-01
1.775310000000000221e-01 1.133991209645670573e-01 1.278629794681664933e-01 1.133991209645670434e-01 1.759359999999999813e-01 1.591862280614715353e-01 1.278629794681664933e-01 1.591862280614715353e-01 1.858960000000000057e-01
1.775310000000000221e-01 1.143960000000000116e-01 1.295759999999999967e-01 1.143959999999999977e-01 1.759359999999999813e-01 1.664160000000000084e-01 1.295759999999999967e-01 1.664160000000000084e-01 1.858960000000000057e-01
c: 
1.346999999999999975e+00
2.962000000000000188e+00
1.215000000000000080e+00
