CDF: 
8.999999999999999667e-02 6.099999999999999867e-01 7.199999999999999734e-01 1.000000000000000000e+00
1.600000000000000033e-01 2.200000000000000011e-01 6.800000000000000488e-01 1.000000000000000000e+00
5.500000000000000444e-01 5.999999999999999778e-01 6.400000000000000133e-01 1.000000000000000000e+00
sigma: 
1.618750000000000189e-01 7.337158847068819476e-03 4.718450120665916396e-03 7.337158847068819476e-03 1.467040000000000011e-01 3.473857508873748161e-03 4.718450120665916396e-03 3.473857508873748161e-03 2.219709999999999739e-01
1.618750000000000189e-01 1.475503981354301004e-02 1.680461524649752222e-02 1.475503981354301004e-02 1.467040000000000011e-01 1.357297274277921399e-02 1.680461524649752222e-02 1.357297274277921399e-02 2.219709999999999739e-01
1.618750000000000189e-01 1.657329982399038254e-02 2.534418377589880630e-02 1.657329982399038254e-02 1.467040000000000011e-01 2.158167653385778886e-02 2.534418377589880630e-02 2.158167653385778886e-02 2.219709999999999739e-01
1.618750000000000189e-01 2.278231372605541566e-02 2.906020319279195574e-02 2.278231372605541566e-02 1.467040000000000011e-01 2.947176226773310509e-02 2.906020319279195574e-02 2.947176226773310509e-02 2.219709999999999739e-01
1.618750000000000189e-01 3.324488739602400600e-02 4.088117980744106206e-02 3.324488739602400600e-02 1.467040000000000011e-01 3.824013329847849446e-02 4.088117980744106206e-02 3.824013329847849446e-02 2.219709999999999739e-01
1.618750000000000189e-01 3.814476063040776049e-02 4.947558187369817395e-02 3.814476063040776049e-02 1.467040000000000011e-01 5.020340811559891731e-02 4.947558187369817395e-02 5.020340811559891731e-02 2.219709999999999739e-01
1.618750000000000189e-01 4.647211391250517104e-02 5.389471261225253773e-02 4.647211391250517104e-02 1.467040000000000011e-01 5.136867998287948656e-02 5.389471261225253773e-02 5.136867998287948656e-02 2.219709999999999739e-01
1.618750000000000189e-01 5.918994816705742262e-02 6.435803805579738690e-02 5.918994816705742262e-02 1.467040000000000011e-01 6.325095019964654952e-02 6.435803805579738690e-02 6.325095019964654952e-02 2.219709999999999739e-01
1.618750000000000189e-01 6.387187894329647564e-02 7.189286670822260528e-02 6.387187894329647564e-02 1.467040000000000011e-01 7.622866203475626989e-02 7.189286670822260528e-02 7.622866203475626989e-02 2.219709999999999739e-01
1.618750000000000189e-01 7.091517955940934703e-02 8.331202231797432689e-02 7.091517955940934703e-02 1.467040000000000011e-01 7.801046243970519156e-02 8.331202231797432689e-02 7.801046243970519156e-02 2.219709999999999739e-01
1.618750000000000189e-01 7.616035776515631128e-02 9.052593485885442048e-02 7.616035776515631128e-02 1.467040000000000011e-01 9.091112519201043074e-02 9.052593485885442048e-02 9.091112519201043074e-02 2.219709999999999739e-01
1.618750000000000189e-01 8.486374218163998673e-02 1.010680269467585379e-01 8.486374218163998673e-02 1.467040000000000011e-01 9.644557646630345926e-02 1.010680269467585379e-01 9.644557646630345926e-02 2.219709999999999739e-01
1.618750000000000189e-01 9.236596350532542965e-02 1.138296464134644914e-01 9.236596350532542965e-02 1.467040000000000011e-01 1.086224621221199144e-01 1.138296464134644914e-01 1.086224621221199144e-01 2.219709999999999739e-01
1.618750000000000189e-01 9.991853126597954882e-02 1.227438731271594113e-01 9.991853126597954882e-02 1.467040000000000011e-01 1.154849839236323922e-01 1.227438731271594113e-01 1.154849839236323922e-01 2.219709999999999739e-01
1.618750000000000189e-01 1.072523526046253728e-01 1.286386233827319092e-01 1.072523526046253728e-01 1.467040000000000011e-01 1.230869696241921052e-01 1.286386233827319092e-01 1.230869696241921052e-01 2.219709999999999739e-01
1.618750000000000189e-01 1.173431803104460491e-01 1.387249042851287362e-01 1.173431803104460491e-01 1.467040000000000011e-01 1.299097514053885738e-01 1.387249042851287362e-01 1.299097514053885738e-01 2.219709999999999739e-01
1.618750000000000189e-01 1.201849096909413661e-01 1.481641022268966046e-01 1.201849096909413661e-01 1.467040000000000011e-01 1.386815277682196257e-01 1.481641022268966046e-01 1.386815277682196257e-01 2.219709999999999739e-01
1.618750000000000189e-01 1.276995865087787174e-01 1.567496523981400658e-01 1.276995865087787174e-01 1.467040000000000011e-01 1.506522111439464184e-01 1.567496523981400658e-01 1.506522111439464184e-01 2.219709999999999739e-01
1.618750000000000189e-01 1.383714881226889570e-01 1.655678369662506866e-01 1.383714881226889570e-01 1.467040000000000011e-01 1.609453570328854832e-01 1.655678369662506866e-01 1.609453570328854832e-01 2.219709999999999739e-01
1.618750000000000189e-01 1.412400000000000044e-01 1.698949999999999905e-01 1.412400000000000044e-01 1.467040000000000011e-01 1.621719999999999828e-01 1.698949999999999905e-01 1.621719999999999828e-01 2.219709999999999739e-01
c: 
1.731999999999999984e+00
2.295999999999999819e+00
2.899999999999999911e+00
