CDF: 
2.800000000000000266e-01 3.599999999999999867e-01 4.099999999999999756e-01 1.000000000000000000e+00
7.000000000000000666e-02 4.799999999999999822e-01 5.500000000000000444e-01 1.000000000000000000e+00
2.600000000000000089e-01 5.000000000000000000e-01 6.500000000000000222e-01 1.000000000000000000e+00
sigma: 
2.195310000000000039e-01 7.663901687159587785e-03 2.432733038199055755e-03 7.663901687159587785e-03 1.982560000000000155e-01 4.333432016156681804e-03 2.432733038199055755e-03 4.333432016156682672e-03 1.903389999999999804e-01
2.195310000000000039e-01 1.049617065363160455e-02 1.063910744122749212e-02 1.049617065363160455e-02 1.982560000000000155e-01 1.489312350081393489e-02 1.063910744122749212e-02 1.489312350081393663e-02 1.903389999999999804e-01
2.195310000000000039e-01 2.103245707933779421e-02 1.920843865228910943e-02 2.103245707933779421e-02 1.982560000000000155e-01 1.934775803097108643e-02 1.920843865228910943e-02 1.934775803097108990e-02 1.903389999999999804e-01
2.195310000000000039e-01 3.072956695205114955e-02 2.799455778709872625e-02 3.072956695205114955e-02 1.982560000000000155e-01 3.632814868246538043e-02 2.799455778709872625e-02 3.632814868246538736e-02 1.903389999999999804e-01
2.195310000000000039e-01 3.742269522210051047e-02 3.879978621170467740e-02 3.742269522210051047e-02 1.982560000000000155e-01 3.669211210214904512e-02 3.879978621170467740e-02 3.669211210214905206e-02 1.903389999999999804e-01
2.195310000000000039e-01 4.621962448429540321e-02 4.120659102272871549e-02 4.621962448429540321e-02 1.982560000000000155e-01 5.358077928936238327e-02 4.120659102272871549e-02 5.358077928936239714e-02 1.903389999999999804e-01
2.195310000000000039e-01 5.574128916530211170e-02 4.864674737250818115e-02 5.574128916530211170e-02 1.982560000000000155e-01 5.619202807114068166e-02 4.864674737250818115e-02 5.619202807114068859e-02 1.903389999999999804e-01
2.195310000000000039e-01 6.732637808085842335e-02 5.509038729897115794e-02 6.732637808085842335e-02 1.982560000000000155e-01 6.560913004053349484e-02 5.509038729897115794e-02 6.560913004053350872e-02 1.903389999999999804e-01
2.195310000000000039e-01 7.486572966315295508e-02 6.593138718378774299e-02 7.486572966315295508e-02 1.982560000000000155e-01 7.590949259265243609e-02 6.593138718378774299e-02 7.590949259265243609e-02 1.903389999999999804e-01
2.195310000000000039e-01 8.535179173634220573e-02 7.530689475345581085e-02 8.535179173634220573e-02 1.982560000000000155e-01 8.212174192371107795e-02 7.530689475345581085e-02 8.212174192371109183e-02 1.903389999999999804e-01
2.195310000000000039e-01 8.952506941513324601e-02 8.460308933871803216e-02 8.952506941513324601e-02 1.982560000000000155e-01 9.435611492613678319e-02 8.460308933871803216e-02 9.435611492613679707e-02 1.903389999999999804e-01
2.195310000000000039e-01 1.041823164658742945e-01 9.354057942475270393e-02 1.041823164658742945e-01 1.982560000000000155e-01 1.017323751192014819e-01 9.354057942475270393e-02 1.017323751192014958e-01 1.903389999999999804e-01
2.195310000000000039e-01 1.061897662197790609e-01 1.009428954216361335e-01 1.061897662197790609e-01 1.982560000000000155e-01 1.130587226483119045e-01 1.009428954216361335e-01 1.130587226483119184e-01 1.903389999999999804e-01
2.195310000000000039e-01 1.173301842971511272e-01 1.089243731083647387e-01 1.173301842971511272e-01 1.982560000000000155e-01 1.190242158749177243e-01 1.089243731083647387e-01 1.190242158749177520e-01 1.903389999999999804e-01
2.195310000000000039e-01 1.293593444201487086e-01 1.146768960345409538e-01 1.293593444201487086e-01 1.982560000000000155e-01 1.358193388203962348e-01 1.146768960345409538e-01 1.358193388203962626e-01 1.903389999999999804e-01
2.195310000000000039e-01 1.359625259483366599e-01 1.188135132024402268e-01 1.359625259483366599e-01 1.982560000000000155e-01 1.390403028917866490e-01 1.188135132024402268e-01 1.390403028917866768e-01 1.903389999999999804e-01
2.195310000000000039e-01 1.444054220762418517e-01 1.278207041296237079e-01 1.444054220762418517e-01 1.982560000000000155e-01 1.545008901846270100e-01 1.278207041296237079e-01 1.545008901846270100e-01 1.903389999999999804e-01
2.195310000000000039e-01 1.557637431045751364e-01 1.375518323499328455e-01 1.557637431045751364e-01 1.982560000000000155e-01 1.611058385607337662e-01 1.375518323499328455e-01 1.611058385607337939e-01 1.903389999999999804e-01
2.195310000000000039e-01 1.650230103925087732e-01 1.470774595004445406e-01 1.650230103925087732e-01 1.982560000000000155e-01 1.688496654457745938e-01 1.470774595004445406e-01 1.688496654457746216e-01 1.903389999999999804e-01
2.195310000000000039e-01 1.664440000000000086e-01 1.494530000000000025e-01 1.664440000000000086e-01 1.982560000000000155e-01 1.727719999999999811e-01 1.494530000000000025e-01 1.727720000000000089e-01 1.903389999999999804e-01
c: 
2.057999999999999829e+00
1.612999999999999989e+00
1.695999999999999952e+00
