CDF: 
2.800000000000000266e-01 4.500000000000000111e-01 8.599999999999999867e-01 1.000000000000000000e+00
1.799999999999999933e-01 8.100000000000000533e-01 8.800000000000000044e-01 1.000000000000000000e+00
7.600000000000000089e-01 7.900000000000000355e-01 8.399999999999999689e-01 1.000000000000000000e+00
sigma: 
9.815600000000000713e-02 3.299946520258347036e-03 8.297796457682851982e-04 3.299946520258347036e-03 8.132399999999999352e-02 1.489378808558520671e-03 8.297796457682853066e-04 1.489378808558520671e-03 1.346040000000000014e-01
9.815600000000000713e-02 6.647524814790078430e-03 6.788317410477038086e-03 6.647524814790078430e-03 8.132399999999999352e-02 5.857569086331527834e-03 6.788317410477039821e-03 5.857569086331527834e-03 1.346040000000000014e-01
9.815600000000000713e-02 8.863919300206113058e-03 1.005675078329591743e-02 8.863919300206113058e-03 8.132399999999999352e-02 1.329493467664650576e-02 1.005675078329591916e-02 1.329493467664650576e-02 1.346040000000000014e-01
9.815600000000000713e-02 1.357913429706535287e-02 1.658643831867495991e-02 1.357913429706535287e-02 8.132399999999999352e-02 1.816601682937857287e-02 1.658643831867496338e-02 1.816601682937857287e-02 1.346040000000000014e-01
9.815600000000000713e-02 1.827339146471999159e-02 2.203758769559136660e-02 1.827339146471999159e-02 8.132399999999999352e-02 2.217232833394922401e-02 2.203758769559137007e-02 2.217232833394922401e-02 1.346040000000000014e-01
9.815600000000000713e-02 2.301444129545246117e-02 2.643436671761286577e-02 2.301444129545246117e-02 8.132399999999999352e-02 2.784434813300673550e-02 2.643436671761286924e-02 2.784434813300673550e-02 1.346040000000000014e-01
9.815600000000000713e-02 2.547801051587972668e-02 3.382044689890124217e-02 2.547801051587972668e-02 8.132399999999999352e-02 3.098772964226477120e-02 3.382044689890124911e-02 3.098772964226477120e-02 1.346040000000000014e-01
9.815600000000000713e-02 2.943486503512306521e-02 3.986257351054343229e-02 2.943486503512306521e-02 8.132399999999999352e-02 3.415145977035051461e-02 3.986257351054343229e-02 3.415145977035051461e-02 1.346040000000000014e-01
9.815600000000000713e-02 3.676592973920379120e-02 4.208630151828057081e-02 3.676592973920379120e-02 8.132399999999999352e-02 3.917627421547337924e-02 4.208630151828057775e-02 3.917627421547337924e-02 1.346040000000000014e-01
9.815600000000000713e-02 3.832891711765041426e-02 4.674034096154528611e-02 3.832891711765041426e-02 8.132399999999999352e-02 4.585047353630877787e-02 4.674034096154529305e-02 4.585047353630877787e-02 1.346040000000000014e-01
9.815600000000000713e-02 4.507424889668685403e-02 5.101041507636361327e-02 4.507424889668685403e-02 8.132399999999999352e-02 5.213522147628844167e-02 5.101041507636362021e-02 5.213522147628844167e-02 1.346040000000000014e-01
9.815600000000000713e-02 4.740441917335294630e-02 5.692651055749654854e-02 4.740441917335294630e-02 8.132399999999999352e-02 5.712866054613444794e-02 5.692651055749656241e-02 5.712866054613444794e-02 1.346040000000000014e-01
9.815600000000000713e-02 5.110723685993934923e-02 6.216342932290629120e-02 5.110723685993934923e-02 8.132399999999999352e-02 6.192771393399691682e-02 6.216342932290629814e-02 6.192771393399691682e-02 1.346040000000000014e-01
9.815600000000000713e-02 5.710873620604649259e-02 6.900190308425846464e-02 5.710873620604649259e-02 8.132399999999999352e-02 6.812169910032132847e-02 6.900190308425847852e-02 6.812169910032132847e-02 1.346040000000000014e-01
9.815600000000000713e-02 5.894362131948831934e-02 7.497178452777279734e-02 5.894362131948831934e-02 8.132399999999999352e-02 6.869660919247737307e-02 7.497178452777279734e-02 6.869660919247737307e-02 1.346040000000000014e-01
9.815600000000000713e-02 6.400046479569189428e-02 7.677804151470805916e-02 6.400046479569189428e-02 8.132399999999999352e-02 7.427241341956519749e-02 7.677804151470807303e-02 7.427241341956519749e-02 1.346040000000000014e-01
9.815600000000000713e-02 6.738045156329908192e-02 8.468031610441645318e-02 6.738045156329908192e-02 8.132399999999999352e-02 8.069430267684750413e-02 8.468031610441646706e-02 8.069430267684750413e-02 1.346040000000000014e-01
9.815600000000000713e-02 7.070056898604605566e-02 8.736945009469762602e-02 7.070056898604605566e-02 8.132399999999999352e-02 8.331521900906560529e-02 8.736945009469763990e-02 8.331521900906560529e-02 1.346040000000000014e-01
9.815600000000000713e-02 7.510968841265881768e-02 9.470456775795621507e-02 7.510968841265881768e-02 8.132399999999999352e-02 9.076768726560684175e-02 9.470456775795622895e-02 9.076768726560684175e-02 1.346040000000000014e-01
9.815600000000000713e-02 7.898799999999998878e-02 9.553199999999999192e-02 7.898799999999998878e-02 8.132399999999999352e-02 9.263599999999999612e-02 9.553200000000000580e-02 9.263599999999999612e-02 1.346040000000000014e-01
c: 
2.758000000000000007e+00
2.781000000000000139e+00
2.438000000000000167e+00
