CDF: 
4.099999999999999756e-01 6.700000000000000400e-01 7.700000000000000178e-01 1.000000000000000000e+00
3.200000000000000067e-01 5.000000000000000000e-01 6.500000000000000222e-01 1.000000000000000000e+00
4.000000000000000222e-01 6.800000000000000488e-01 7.099999999999999645e-01 1.000000000000000000e+00
sigma: 
1.527160000000000184e-01 1.202638249392062571e-03 7.686064636940784234e-03 1.202638249392062571e-03 1.822840000000000016e-01 3.476501376115230003e-03 7.686064636940784234e-03 3.476501376115230003e-03 1.778359999999999941e-01
1.527160000000000184e-01 1.272248889977906951e-02 1.536987241517727767e-02 1.272248889977906951e-02 1.822840000000000016e-01 1.026607774437855204e-02 1.536987241517727767e-02 1.026607774437855204e-02 1.778359999999999941e-01
1.527160000000000184e-01 2.087197107739004187e-02 2.083350240611238358e-02 2.087197107739004187e-02 1.822840000000000016e-01 2.501506617869994967e-02 2.083350240611238358e-02 2.501506617869994967e-02 1.778359999999999941e-01
1.527160000000000184e-01 2.516662628756363707e-02 3.151814536569710196e-02 2.516662628756363707e-02 1.822840000000000016e-01 3.203146211984472108e-02 3.151814536569710196e-02 3.203146211984472108e-02 1.778359999999999941e-01
1.527160000000000184e-01 3.689774574068958868e-02 3.641135525798853967e-02 3.689774574068958868e-02 1.822840000000000016e-01 3.964200552316010651e-02 3.641135525798853967e-02 3.964200552316010651e-02 1.778359999999999941e-01
1.527160000000000184e-01 4.001508002189579222e-02 4.288264792170897594e-02 4.001508002189579222e-02 1.822840000000000016e-01 4.532308491345262563e-02 4.288264792170897594e-02 4.532308491345262563e-02 1.778359999999999941e-01
1.527160000000000184e-01 5.069596106650142708e-02 4.951804477438457447e-02 5.069596106650142708e-02 1.822840000000000016e-01 5.934318098259513952e-02 4.951804477438457447e-02 5.934318098259513952e-02 1.778359999999999941e-01
1.527160000000000184e-01 6.142179957924986250e-02 5.708094133414574195e-02 6.142179957924986250e-02 1.822840000000000016e-01 6.916999512147084528e-02 5.708094133414574195e-02 6.916999512147084528e-02 1.778359999999999941e-01
1.527160000000000184e-01 6.884216258472128369e-02 6.678950849630668762e-02 6.884216258472128369e-02 1.822840000000000016e-01 7.507323211591487855e-02 6.678950849630668762e-02 7.507323211591487855e-02 1.778359999999999941e-01
1.527160000000000184e-01 7.491346621216381230e-02 7.783406131107309389e-02 7.491346621216381230e-02 1.822840000000000016e-01 8.496159626966066913e-02 7.783406131107309389e-02 8.496159626966066913e-02 1.778359999999999941e-01
1.527160000000000184e-01 8.396973302764820790e-02 8.287128552789589653e-02 8.396973302764820790e-02 1.822840000000000016e-01 8.795577526684318637e-02 8.287128552789589653e-02 8.795577526684318637e-02 1.778359999999999941e-01
1.527160000000000184e-01 8.563047798559061952e-02 9.294151442888760883e-02 8.563047798559061952e-02 1.822840000000000016e-01 1.034454023433626080e-01 9.294151442888760883e-02 1.034454023433626080e-01 1.778359999999999941e-01
1.527160000000000184e-01 9.281053738656966368e-02 9.859874249733609208e-02 9.281053738656966368e-02 1.822840000000000016e-01 1.094286959935580061e-01 9.859874249733609208e-02 1.094286959935580061e-01 1.778359999999999941e-01
1.527160000000000184e-01 1.013702077160693604e-01 1.127665226343842059e-01 1.013702077160693604e-01 1.822840000000000016e-01 1.196995597820251223e-01 1.127665226343842059e-01 1.196995597820251223e-01 1.778359999999999941e-01
1.527160000000000184e-01 1.084776852041587220e-01 1.210438889997014628e-01 1.084776852041587220e-01 1.822840000000000016e-01 1.288197408133218147e-01 1.210438889997014628e-01 1.288197408133218147e-01 1.778359999999999941e-01
1.527160000000000184e-01 1.210377487678028358e-01 1.292498185658289001e-01 1.210377487678028358e-01 1.822840000000000016e-01 1.382377607707518663e-01 1.292498185658289001e-01 1.382377607707518663e-01 1.778359999999999941e-01
1.527160000000000184e-01 1.302462554471957856e-01 1.357215218095509379e-01 1.302462554471957856e-01 1.822840000000000016e-01 1.421292831620923347e-01 1.357215218095509379e-01 1.421292831620923347e-01 1.778359999999999941e-01
1.527160000000000184e-01 1.371225877206811439e-01 1.459691733246175627e-01 1.371225877206811439e-01 1.822840000000000016e-01 1.525824939992554419e-01 1.459691733246175627e-01 1.525824939992554419e-01 1.778359999999999941e-01
1.527160000000000184e-01 1.438692059481222474e-01 1.503331934158325112e-01 1.438692059481222474e-01 1.822840000000000016e-01 1.641940344906729077e-01 1.503331934158325112e-01 1.641940344906729077e-01 1.778359999999999941e-01
1.527160000000000184e-01 1.459880000000000067e-01 1.547240000000000282e-01 1.459880000000000067e-01 1.822840000000000016e-01 1.643320000000000336e-01 1.547240000000000282e-01 1.643320000000000336e-01 1.778359999999999941e-01
c: 
2.862000000000000099e+00
2.309000000000000163e+00
1.487999999999999989e+00
