CDF: 
3.400000000000000244e-01 5.600000000000000533e-01 5.799999999999999600e-01 1.000000000000000000e+00
3.599999999999999867e-01 6.800000000000000488e-01 7.299999999999999822e-01 1.000000000000000000e+00
2.200000000000000011e-01 4.299999999999999933e-01 5.999999999999999778e-01 1.000000000000000000e+00
sigma: 
2.232960000000000500e-01 7.847303697411855614e-03 7.136638235940173484e-03 7.847303697411855614e-03 1.772110000000000074e-01 3.292899398588818808e-03 7.136638235940174352e-03 3.292899398588819242e-03 1.946159999999999834e-01
2.232960000000000500e-01 1.051242798981345643e-02 1.781246032719856556e-02 1.051242798981345643e-02 1.772110000000000074e-01 7.973259391164956231e-03 1.781246032719856903e-02 7.973259391164957965e-03 1.946159999999999834e-01
2.232960000000000500e-01 2.427534777706078992e-02 2.516915837970126746e-02 2.427534777706078992e-02 1.772110000000000074e-01 1.624248474332896930e-02 2.516915837970127093e-02 1.624248474332897277e-02 1.946159999999999834e-01
2.232960000000000500e-01 3.169428202417928775e-02 3.597787253779508726e-02 3.169428202417928775e-02 1.772110000000000074e-01 2.834728016507283288e-02 3.597787253779508726e-02 2.834728016507283635e-02 1.946159999999999834e-01
2.232960000000000500e-01 4.023024913168603972e-02 4.392741250919107027e-02 4.023024913168603972e-02 1.772110000000000074e-01 3.154588337166492479e-02 4.392741250919107721e-02 3.154588337166492479e-02 1.946159999999999834e-01
2.232960000000000500e-01 4.294383736693242054e-02 5.811296522584838420e-02 4.294383736693242054e-02 1.772110000000000074e-01 4.543694721760493244e-02 5.811296522584839114e-02 4.543694721760494631e-02 1.946159999999999834e-01
2.232960000000000500e-01 5.064907078280341673e-02 6.353250681550347279e-02 5.064907078280341673e-02 1.772110000000000074e-01 5.246368821701884178e-02 6.353250681550347279e-02 5.246368821701884871e-02 1.946159999999999834e-01
2.232960000000000500e-01 6.169830372664023704e-02 8.363653375638002707e-02 6.169830372664023704e-02 1.772110000000000074e-01 5.819558134519010190e-02 8.363653375638004095e-02 5.819558134519011577e-02 1.946159999999999834e-01
2.232960000000000500e-01 7.312545111827506439e-02 8.562503343960560509e-02 7.312545111827506439e-02 1.772110000000000074e-01 6.754165871063662341e-02 8.562503343960561897e-02 6.754165871063663729e-02 1.946159999999999834e-01
2.232960000000000500e-01 8.040633730082251407e-02 1.022999371109193228e-01 8.040633730082251407e-02 1.772110000000000074e-01 7.755663763439614444e-02 1.022999371109193367e-01 7.755663763439615832e-02 1.946159999999999834e-01
2.232960000000000500e-01 8.647709699337112477e-02 1.147730278532021336e-01 8.647709699337112477e-02 1.772110000000000074e-01 7.985914142971142771e-02 1.147730278532021475e-01 7.985914142971144158e-02 1.946159999999999834e-01
2.232960000000000500e-01 9.566288689608372364e-02 1.170257372912335836e-01 9.566288689608372364e-02 1.772110000000000074e-01 9.056044031523398374e-02 1.170257372912335975e-01 9.056044031523399762e-02 1.946159999999999834e-01
2.232960000000000500e-01 1.051640027403101529e-01 1.312936385035960440e-01 1.051640027403101529e-01 1.772110000000000074e-01 9.512314347106855250e-02 1.312936385035960718e-01 9.512314347106856638e-02 1.946159999999999834e-01
2.232960000000000500e-01 1.142228822243726849e-01 1.434942046857714815e-01 1.142228822243726849e-01 1.772110000000000074e-01 1.034226651868118269e-01 1.434942046857715092e-01 1.034226651868118407e-01 1.946159999999999834e-01
2.232960000000000500e-01 1.172738877665686630e-01 1.579421216134701822e-01 1.172738877665686630e-01 1.772110000000000074e-01 1.148126109917467913e-01 1.579421216134702100e-01 1.148126109917468052e-01 1.946159999999999834e-01
2.232960000000000500e-01 1.267462499347885019e-01 1.592056553128921026e-01 1.267462499347885019e-01 1.772110000000000074e-01 1.247423007740303541e-01 1.592056553128921303e-01 1.247423007740303680e-01 1.946159999999999834e-01
2.232960000000000500e-01 1.311383740085602378e-01 1.741973794242816231e-01 1.311383740085602378e-01 1.772110000000000074e-01 1.325169674945742559e-01 1.741973794242816509e-01 1.325169674945742559e-01 1.946159999999999834e-01
2.232960000000000500e-01 1.408110199155176157e-01 1.826498546922848965e-01 1.408110199155176157e-01 1.772110000000000074e-01 1.343887972537808062e-01 1.826498546922849242e-01 1.343887972537808062e-01 1.946159999999999834e-01
2.232960000000000500e-01 1.490726097374484027e-01 1.922510310166156700e-01 1.490726097374484027e-01 1.772110000000000074e-01 1.445458388975722763e-01 1.922510310166156977e-01 1.445458388975723041e-01 1.946159999999999834e-01
2.232960000000000500e-01 1.555840000000000001e-01 2.011439999999999895e-01 1.555840000000000001e-01 1.772110000000000074e-01 1.491760000000000030e-01 2.011440000000000172e-01 1.491760000000000308e-01 1.946159999999999834e-01
c: 
1.024999999999999911e+00
1.786999999999999922e+00
1.703000000000000069e+00
