CDF: 
3.400000000000000244e-01 5.899999999999999689e-01 7.199999999999999734e-01 1.000000000000000000e+00
3.200000000000000067e-01 5.500000000000000444e-01 6.400000000000000133e-01 1.000000000000000000e+00
2.800000000000000266e-01 5.300000000000000266e-01 6.700000000000000400e-01 1.000000000000000000e+00
sigma: 
1.758639999999999926e-01 4.310954730297526100e-03 7.983250397959823844e-03 4.310954730297526967e-03 2.023000000000000353e-01 6.787464258850242453e-03 7.983250397959823844e-03 6.787464258850242453e-03 1.874910000000000188e-01
1.758639999999999926e-01 1.756767103702792931e-02 1.060773220045338819e-02 1.756767103702793278e-02 2.023000000000000353e-01 1.101418258839769425e-02 1.060773220045338819e-02 1.101418258839769425e-02 1.874910000000000188e-01
1.758639999999999926e-01 2.484279306851657279e-02 2.355998652781423827e-02 2.484279306851657626e-02 2.023000000000000353e-01 2.930625776619724676e-02 2.355998652781423827e-02 2.930625776619724676e-02 1.874910000000000188e-01
1.758639999999999926e-01 2.855604903735325245e-02 3.296502504563995906e-02 2.855604903735325592e-02 2.023000000000000353e-01 3.057254061960560168e-02 3.296502504563995906e-02 3.057254061960560168e-02 1.874910000000000188e-01
1.758639999999999926e-01 3.605393653718352853e-02 4.292787217367315111e-02 3.605393653718353547e-02 2.023000000000000353e-01 4.574278150654104841e-02 4.292787217367315111e-02 4.574278150654104841e-02 1.874910000000000188e-01
1.758639999999999926e-01 5.114426953855658042e-02 4.848314237101146451e-02 5.114426953855658736e-02 2.023000000000000353e-01 5.523413743334427972e-02 4.848314237101146451e-02 5.523413743334427972e-02 1.874910000000000188e-01
1.758639999999999926e-01 5.551260478762871237e-02 5.954603665681378749e-02 5.551260478762871931e-02 2.023000000000000353e-01 6.370319350288670968e-02 5.954603665681378749e-02 6.370319350288670968e-02 1.874910000000000188e-01
1.758639999999999926e-01 6.428836619450942202e-02 6.960216681012076911e-02 6.428836619450943590e-02 2.023000000000000353e-01 7.530798086523639301e-02 6.960216681012076911e-02 7.530798086523639301e-02 1.874910000000000188e-01
1.758639999999999926e-01 7.835893129771445698e-02 7.562921361582373991e-02 7.835893129771447085e-02 2.023000000000000353e-01 8.143836641224280748e-02 7.562921361582373991e-02 8.143836641224280748e-02 1.874910000000000188e-01
1.758639999999999926e-01 8.184815874181981810e-02 8.376304245277042815e-02 8.184815874181983197e-02 2.023000000000000353e-01 9.724667503631263810e-02 8.376304245277042815e-02 9.724667503631263810e-02 1.874910000000000188e-01
1.758639999999999926e-01 9.330606815070906224e-02 9.763917539618043040e-02 9.330606815070907611e-02 2.023000000000000353e-01 1.068011715305471898e-01 9.763917539618043040e-02 1.068011715305471898e-01 1.874910000000000188e-01
1.758639999999999926e-01 1.061962849554110716e-01 9.854896394481869881e-02 1.061962849554110855e-01 2.023000000000000353e-01 1.098571235145124336e-01 9.854896394481869881e-02 1.098571235145124336e-01 1.874910000000000188e-01
1.758639999999999926e-01 1.111463629087128258e-01 1.083356738929186769e-01 1.111463629087128396e-01 2.023000000000000353e-01 1.221323478588275113e-01 1.083356738929186769e-01 1.221323478588275113e-01 1.874910000000000188e-01
1.758639999999999926e-01 1.203257425110966505e-01 1.193101115749799351e-01 1.203257425110966644e-01 2.023000000000000353e-01 1.304033813436207001e-01 1.193101115749799351e-01 1.304033813436207001e-01 1.874910000000000188e-01
1.758639999999999926e-01 1.338763863437519852e-01 1.323389223808320581e-01 1.338763863437520130e-01 2.023000000000000353e-01 1.433334642681158289e-01 1.323389223808320581e-01 1.433334642681158289e-01 1.874910000000000188e-01
1.758639999999999926e-01 1.375732874467404387e-01 1.350303208480632955e-01 1.375732874467404665e-01 2.023000000000000353e-01 1.563682103620568087e-01 1.350303208480632955e-01 1.563682103620568087e-01 1.874910000000000188e-01
1.758639999999999926e-01 1.520480626229220311e-01 1.505484099453410218e-01 1.520480626229220589e-01 2.023000000000000353e-01 1.646127008360087074e-01 1.505484099453410218e-01 1.646127008360087074e-01 1.874910000000000188e-01
1.758639999999999926e-01 1.535486163094282597e-01 1.543846302396323367e-01 1.535486163094282874e-01 2.023000000000000353e-01 1.758190454798388425e-01 1.543846302396323367e-01 1.758190454798388425e-01 1.874910000000000188e-01
1.758639999999999926e-01 1.627768484649806668e-01 1.634235013029575190e-01 1.627768484649806946e-01 2.023000000000000353e-01 1.811918959980169386e-01 1.634235013029575190e-01 1.811918959980169386e-01 1.874910000000000188e-01
1.758639999999999926e-01 1.707599999999999951e-01 1.693320000000000103e-01 1.707600000000000229e-01 2.023000000000000353e-01 1.870300000000000296e-01 1.693320000000000103e-01 1.870300000000000296e-01 1.874910000000000188e-01
c: 
1.205999999999999961e+00
2.004000000000000004e+00
1.018000000000000016e+00
