CDF: 
6.500000000000000222e-01 6.800000000000000488e-01 7.800000000000000266e-01 1.000000000000000000e+00
2.300000000000000100e-01 5.500000000000000444e-01 6.600000000000000311e-01 1.000000000000000000e+00
4.799999999999999822e-01 6.999999999999999556e-01 9.100000000000000311e-01 1.000000000000000000e+00
sigma: 
1.652909999999999935e-01 7.256824235670856355e-03 1.995930194168598227e-03 7.256824235670854620e-03 1.890750000000000486e-01 3.335811156974474809e-03 1.995930194168598227e-03 3.335811156974475243e-03 8.047499999999999098e-02
1.652909999999999935e-01 1.357554376541012658e-02 8.019491384340989709e-03 1.357554376541012485e-02 1.890750000000000486e-01 7.565906164427056019e-03 8.019491384340989709e-03 7.565906164427056886e-03 8.047499999999999098e-02
1.652909999999999935e-01 2.038050869536165571e-02 1.032938459965662518e-02 2.038050869536165224e-02 1.890750000000000486e-01 1.290575174999047427e-02 1.032938459965662518e-02 1.290575174999047600e-02 8.047499999999999098e-02
1.652909999999999935e-01 3.008012479800587294e-02 1.623283824127456226e-02 3.008012479800586600e-02 1.890750000000000486e-01 1.588358342024661848e-02 1.623283824127456226e-02 1.588358342024662195e-02 8.047499999999999098e-02
1.652909999999999935e-01 3.758127592569102809e-02 2.274735631524670357e-02 3.758127592569102116e-02 1.890750000000000486e-01 1.902760409964210711e-02 2.274735631524670357e-02 1.902760409964211058e-02 8.047499999999999098e-02
1.652909999999999935e-01 4.696197170362645390e-02 2.919008577958589340e-02 4.696197170362644696e-02 1.890750000000000486e-01 2.493066693621229929e-02 2.919008577958589340e-02 2.493066693621230276e-02 8.047499999999999098e-02
1.652909999999999935e-01 5.422211970941597653e-02 3.347597154884954240e-02 5.422211970941596959e-02 1.890750000000000486e-01 3.026967857438298687e-02 3.347597154884954240e-02 3.026967857438299034e-02 8.047499999999999098e-02
1.652909999999999935e-01 6.184268591142928762e-02 3.628593982385663885e-02 6.184268591142928068e-02 1.890750000000000486e-01 3.661730943406919792e-02 3.628593982385663885e-02 3.661730943406920485e-02 8.047499999999999098e-02
1.652909999999999935e-01 6.901590043714378453e-02 4.152055483633915189e-02 6.901590043714377065e-02 1.890750000000000486e-01 4.037531191714795881e-02 4.152055483633915189e-02 4.037531191714796575e-02 8.047499999999999098e-02
1.652909999999999935e-01 7.387874186889240025e-02 4.460280467133869581e-02 7.387874186889238637e-02 1.890750000000000486e-01 4.338958865278767785e-02 4.460280467133869581e-02 4.338958865278768479e-02 8.047499999999999098e-02
1.652909999999999935e-01 8.263581017762414160e-02 5.118508386171122249e-02 8.263581017762412773e-02 1.890750000000000486e-01 4.879050150314973716e-02 5.118508386171122249e-02 4.879050150314974410e-02 8.047499999999999098e-02
1.652909999999999935e-01 8.872308638699835659e-02 5.514312466024502007e-02 8.872308638699834271e-02 1.890750000000000486e-01 5.679586322545850802e-02 5.514312466024502007e-02 5.679586322545852189e-02 8.047499999999999098e-02
1.652909999999999935e-01 9.659536926036148274e-02 5.928255276755328707e-02 9.659536926036145499e-02 1.890750000000000486e-01 5.726925399530799488e-02 5.928255276755328707e-02 5.726925399530800875e-02 8.047499999999999098e-02
1.652909999999999935e-01 1.038440121255467252e-01 6.629262025598543773e-02 1.038440121255467113e-01 1.890750000000000486e-01 6.186895049544732794e-02 6.629262025598543773e-02 6.186895049544733488e-02 8.047499999999999098e-02
1.652909999999999935e-01 1.117916968069205541e-01 7.026298247905976568e-02 1.117916968069205264e-01 1.890750000000000486e-01 6.924116697635264439e-02 7.026298247905976568e-02 6.924116697635265827e-02 8.047499999999999098e-02
1.652909999999999935e-01 1.213584560197431272e-01 7.747158697405363836e-02 1.213584560197430995e-01 1.890750000000000486e-01 7.425837227109385874e-02 7.747158697405363836e-02 7.425837227109387262e-02 8.047499999999999098e-02
1.652909999999999935e-01 1.301939794425733543e-01 8.063933195971501044e-02 1.301939794425733266e-01 1.890750000000000486e-01 7.881373576331467123e-02 8.063933195971501044e-02 7.881373576331468511e-02 8.047499999999999098e-02
1.652909999999999935e-01 1.407095282145859050e-01 8.757705443634833387e-02 1.407095282145858772e-01 1.890750000000000486e-01 8.246711357356627248e-02 8.757705443634833387e-02 8.246711357356627248e-02 8.047499999999999098e-02
1.652909999999999935e-01 1.474131722215864804e-01 9.126040568137089304e-02 1.474131722215864526e-01 1.890750000000000486e-01 8.685141338314511517e-02 9.126040568137089304e-02 8.685141338314512904e-02 8.047499999999999098e-02
1.652909999999999935e-01 1.498350000000000237e-01 9.282499999999999085e-02 1.498349999999999960e-01 1.890750000000000486e-01 9.012499999999999678e-02 9.282499999999999085e-02 9.012500000000001066e-02 8.047499999999999098e-02
c: 
1.911999999999999922e+00
2.846999999999999975e+00
2.779999999999999805e+00
