CDF: 
1.100000000000000006e-01 1.799999999999999933e-01 5.300000000000000266e-01 1.000000000000000000e+00
4.199999999999999845e-01 5.899999999999999689e-01 6.899999999999999467e-01 1.000000000000000000e+00
2.000000000000000111e-01 3.499999999999999778e-01 6.600000000000000311e-01 1.000000000000000000e+00
sigma: 
1.634760000000000102e-01 6.159740630353740913e-03 4.787853836264632096e-03 6.159740630353742648e-03 1.932510000000000339e-01 5.977106055206235675e-03 4.787853836264632096e-03 5.977106055206235675e-03 1.686960000000000126e-01
1.634760000000000102e-01 1.453948398270605777e-02 1.381165049730557516e-02 1.453948398270606124e-02 1.932510000000000339e-01 1.245222040383035453e-02 1.381165049730557516e-02 1.245222040383035453e-02 1.686960000000000126e-01
1.634760000000000102e-01 1.620441816460661821e-02 1.909661056249537317e-02 1.620441816460662168e-02 1.932510000000000339e-01 2.159038778808917633e-02 1.909661056249537317e-02 2.159038778808917633e-02 1.686960000000000126e-01
1.634760000000000102e-01 2.696931727669151305e-02 2.616401450135485279e-02 2.696931727669151999e-02 1.932510000000000339e-01 3.014492222780030747e-02 2.616401450135485279e-02 3.014492222780030747e-02 1.686960000000000126e-01
1.634760000000000102e-01 3.359714280223884825e-02 3.060852262923243611e-02 3.359714280223885519e-02 1.932510000000000339e-01 4.202719436906811323e-02 3.060852262923243611e-02 4.202719436906811323e-02 1.686960000000000126e-01
1.634760000000000102e-01 4.082366111439598294e-02 3.989086519952288190e-02 4.082366111439599682e-02 1.932510000000000339e-01 5.119042936571505803e-02 3.989086519952288190e-02 5.119042936571505803e-02 1.686960000000000126e-01
1.634760000000000102e-01 4.769285952435693005e-02 4.574813194283204598e-02 4.769285952435693698e-02 1.932510000000000339e-01 6.054233313042712422e-02 4.574813194283204598e-02 6.054233313042712422e-02 1.686960000000000126e-01
1.634760000000000102e-01 5.301986119275040044e-02 5.219729384042320897e-02 5.301986119275041431e-02 1.932510000000000339e-01 7.046862571244448537e-02 5.219729384042320897e-02 7.046862571244448537e-02 1.686960000000000126e-01
1.634760000000000102e-01 6.373189959905821433e-02 6.560667403033119960e-02 6.373189959905822821e-02 1.932510000000000339e-01 7.643667999895158160e-02 6.560667403033119960e-02 7.643667999895158160e-02 1.686960000000000126e-01
1.634760000000000102e-01 7.069525438146530283e-02 6.786459845150349945e-02 7.069525438146531671e-02 1.932510000000000339e-01 8.546911861246317410e-02 6.786459845150349945e-02 8.546911861246317410e-02 1.686960000000000126e-01
1.634760000000000102e-01 7.864992133619265469e-02 7.785400665589360669e-02 7.864992133619266856e-02 1.932510000000000339e-01 9.491381209102470184e-02 7.785400665589360669e-02 9.491381209102470184e-02 1.686960000000000126e-01
1.634760000000000102e-01 8.732366325816967589e-02 8.181544687277635119e-02 8.732366325816968977e-02 1.932510000000000339e-01 1.018323481239456901e-01 8.181544687277635119e-02 1.018323481239456901e-01 1.686960000000000126e-01
1.634760000000000102e-01 9.323927035177033418e-02 8.902673200892390060e-02 9.323927035177034806e-02 1.932510000000000339e-01 1.095549589849353078e-01 8.902673200892390060e-02 1.095549589849353078e-01 1.686960000000000126e-01
1.634760000000000102e-01 9.812481827920377375e-02 9.935865584070929790e-02 9.812481827920378763e-02 1.932510000000000339e-01 1.185553227147075617e-01 9.935865584070929790e-02 1.185553227147075617e-01 1.686960000000000126e-01
1.634760000000000102e-01 1.064375058832925935e-01 1.077311512129992960e-01 1.064375058832926213e-01 1.932510000000000339e-01 1.324738835078238808e-01 1.077311512129992960e-01 1.324738835078238808e-01 1.686960000000000126e-01
1.634760000000000102e-01 1.147931307524521771e-01 1.118844336220482794e-01 1.147931307524521910e-01 1.932510000000000339e-01 1.378580914101114607e-01 1.118844336220482794e-01 1.378580914101114607e-01 1.686960000000000126e-01
1.634760000000000102e-01 1.220331048201194896e-01 1.196135343824744346e-01 1.220331048201195173e-01 1.932510000000000339e-01 1.473120934853917319e-01 1.196135343824744346e-01 1.473120934853917319e-01 1.686960000000000126e-01
1.634760000000000102e-01 1.315862317370070089e-01 1.303045896219040545e-01 1.315862317370070367e-01 1.932510000000000339e-01 1.612783930314150849e-01 1.303045896219040545e-01 1.612783930314150849e-01 1.686960000000000126e-01
1.634760000000000102e-01 1.347958798723489782e-01 1.354751444435298435e-01 1.347958798723490059e-01 1.932510000000000339e-01 1.646397393073021909e-01 1.354751444435298435e-01 1.646397393073021909e-01 1.686960000000000126e-01
1.634760000000000102e-01 1.415259999999999851e-01 1.389640000000000042e-01 1.415260000000000129e-01 1.932510000000000339e-01 1.704640000000000044e-01 1.389640000000000042e-01 1.704640000000000044e-01 1.686960000000000126e-01
c: 
2.982000000000000206e+00
1.179999999999999938e+00
1.659999999999999920e+00
