CDF: 
1.499999999999999944e-01 5.799999999999999600e-01 7.900000000000000355e-01 1.000000000000000000e+00
5.200000000000000178e-01 8.399999999999999689e-01 8.800000000000000044e-01 1.000000000000000000e+00
5.000000000000000000e-01 5.100000000000000089e-01 5.999999999999999778e-01 1.000000000000000000e+00
sigma: 
1.164000000000000035e-01 3.490012918303148168e-03 6.924386817737403004e-04 3.490012918303148168e-03 9.920000000000001039e-02 7.395595152408239491e-04 6.924386817737401920e-04 7.395595152408239491e-04 2.229560000000000153e-01
1.164000000000000035e-01 4.790373417054926732e-03 1.052717293290858155e-02 4.790373417054926732e-03 9.920000000000001039e-02 1.002300940103286429e-02 1.052717293290857808e-02 1.002300940103286429e-02 2.229560000000000153e-01
1.164000000000000035e-01 1.221208109233277821e-02 1.474897082755271052e-02 1.221208109233277821e-02 9.920000000000001039e-02 1.488662007219181127e-02 1.474897082755270705e-02 1.488662007219181127e-02 2.229560000000000153e-01
1.164000000000000035e-01 1.679273179070504482e-02 2.308593015382156069e-02 1.679273179070504482e-02 9.920000000000001039e-02 1.988944526355582165e-02 2.308593015382155722e-02 1.988944526355582165e-02 2.229560000000000153e-01
1.164000000000000035e-01 2.194762583420773600e-02 2.901172523683353752e-02 2.194762583420773600e-02 9.920000000000001039e-02 2.676348753304240782e-02 2.901172523683353405e-02 2.676348753304240782e-02 2.229560000000000153e-01
1.164000000000000035e-01 2.506225279156191338e-02 3.471612463463434606e-02 2.506225279156191338e-02 9.920000000000001039e-02 3.003164779146325764e-02 3.471612463463433218e-02 3.003164779146325764e-02 2.229560000000000153e-01
1.164000000000000035e-01 3.014947578875014703e-02 4.580766084094755469e-02 3.014947578875014703e-02 9.920000000000001039e-02 3.500879803468215368e-02 4.580766084094754775e-02 3.500879803468215368e-02 2.229560000000000153e-01
1.164000000000000035e-01 3.564618870362971231e-02 4.907089737550451164e-02 3.564618870362971231e-02 9.920000000000001039e-02 4.151247691616141017e-02 4.907089737550449776e-02 4.151247691616141017e-02 2.229560000000000153e-01
1.164000000000000035e-01 4.172523003674543512e-02 5.980916781775698354e-02 4.172523003674543512e-02 9.920000000000001039e-02 4.813069114771768159e-02 5.980916781775696967e-02 4.813069114771768159e-02 2.229560000000000153e-01
1.164000000000000035e-01 4.592478174848531325e-02 6.140930155266690477e-02 4.592478174848531325e-02 9.920000000000001039e-02 5.233278102944436544e-02 6.140930155266689089e-02 5.233278102944436544e-02 2.229560000000000153e-01
1.164000000000000035e-01 5.159655650153663342e-02 7.225240591119101718e-02 5.159655650153663342e-02 9.920000000000001039e-02 5.540566544542115807e-02 7.225240591119100331e-02 5.540566544542115807e-02 2.229560000000000153e-01
1.164000000000000035e-01 5.368763512715805930e-02 7.604897223271779583e-02 5.368763512715805930e-02 9.920000000000001039e-02 6.143865366710863501e-02 7.604897223271778195e-02 6.143865366710863501e-02 2.229560000000000153e-01
1.164000000000000035e-01 6.094423218998926139e-02 8.579372630098236474e-02 6.094423218998926139e-02 9.920000000000001039e-02 6.824296134758782439e-02 8.579372630098233699e-02 6.824296134758782439e-02 2.229560000000000153e-01
1.164000000000000035e-01 6.502892658120276725e-02 9.145854123090331467e-02 6.502892658120276725e-02 9.920000000000001039e-02 7.450099604375190476e-02 9.145854123090328691e-02 7.450099604375190476e-02 2.229560000000000153e-01
1.164000000000000035e-01 6.655786218839432333e-02 9.799987949868849135e-02 6.655786218839432333e-02 9.920000000000001039e-02 7.632746452969617346e-02 9.799987949868847747e-02 7.632746452969617346e-02 2.229560000000000153e-01
1.164000000000000035e-01 7.229143945249429104e-02 1.084262363747010294e-01 7.229143945249429104e-02 9.920000000000001039e-02 8.547314982777394488e-02 1.084262363747010155e-01 8.547314982777394488e-02 2.229560000000000153e-01
1.164000000000000035e-01 7.924314728686736309e-02 1.121288408238187984e-01 7.924314728686736309e-02 9.920000000000001039e-02 9.052530664923076620e-02 1.121288408238187706e-01 9.052530664923076620e-02 2.229560000000000153e-01
1.164000000000000035e-01 8.304150402686863441e-02 1.181189022860917176e-01 8.304150402686863441e-02 9.920000000000001039e-02 9.539571647322261927e-02 1.181189022860916898e-01 9.539571647322261927e-02 2.229560000000000153e-01
1.164000000000000035e-01 8.620629670150754820e-02 1.228318823712628294e-01 8.620629670150754820e-02 9.920000000000001039e-02 1.016930981060056721e-01 1.228318823712628016e-01 1.016930981060056721e-01 2.229560000000000153e-01
1.164000000000000035e-01 8.920000000000000151e-02 1.287600000000000133e-01 8.920000000000000151e-02 9.920000000000001039e-02 1.028000000000000025e-01 1.287599999999999856e-01 1.028000000000000025e-01 2.229560000000000153e-01
c: 
2.415000000000000036e+00
2.251999999999999780e+00
2.657000000000000028e+00
