CDF: 
3.099999999999999978e-01 3.699999999999999956e-01 8.900000000000000133e-01 1.000000000000000000e+00
6.600000000000000311e-01 9.000000000000000222e-01 9.399999999999999467e-01 1.000000000000000000e+00
5.799999999999999600e-01 7.199999999999999734e-01 7.800000000000000266e-01 1.000000000000000000e+00
sigma: 
8.669999999999999929e-02 7.173074383191569391e-04 3.104136609062379919e-03 7.173074383191569391e-04 6.062399999999999733e-02 2.997977676702126820e-03 3.104136609062380352e-03 2.997977676702126820e-03 1.612159999999999982e-01
8.669999999999999929e-02 4.628324010175422637e-03 8.078253025569460261e-03 4.628324010175422637e-03 6.062399999999999733e-02 7.468713149365599838e-03 8.078253025569461995e-03 7.468713149365599838e-03 1.612159999999999982e-01
8.669999999999999929e-02 6.180880723228085634e-03 1.174070845083958516e-02 6.180880723228085634e-03 6.062399999999999733e-02 7.791347669859306595e-03 1.174070845083958689e-02 7.791347669859306595e-03 1.612159999999999982e-01
8.669999999999999929e-02 8.989134251614294691e-03 1.599172371855659552e-02 8.989134251614294691e-03 6.062399999999999733e-02 1.411087934318302865e-02 1.599172371855659899e-02 1.411087934318302865e-02 1.612159999999999982e-01
8.669999999999999929e-02 1.254342820843968968e-02 1.793851883680412998e-02 1.254342820843968968e-02 6.062399999999999733e-02 1.623121584439838477e-02 1.793851883680413345e-02 1.623121584439838477e-02 1.612159999999999982e-01
8.669999999999999929e-02 1.608938726864467608e-02 2.528859476645975435e-02 1.608938726864467608e-02 6.062399999999999733e-02 2.206847978460734286e-02 2.528859476645975782e-02 2.206847978460734286e-02 1.612159999999999982e-01
8.669999999999999929e-02 1.874823159983066492e-02 3.062141500021722459e-02 1.874823159983066492e-02 6.062399999999999733e-02 2.332998913962301690e-02 3.062141500021722806e-02 2.332998913962301690e-02 1.612159999999999982e-01
8.669999999999999929e-02 2.151892415382752888e-02 3.468481695338138104e-02 2.151892415382752888e-02 6.062399999999999733e-02 2.713208044492668169e-02 3.468481695338138798e-02 2.713208044492668169e-02 1.612159999999999982e-01
8.669999999999999929e-02 2.518895030046672256e-02 3.582831020438611430e-02 2.518895030046672256e-02 6.062399999999999733e-02 3.194880987709424608e-02 3.582831020438612124e-02 3.194880987709424608e-02 1.612159999999999982e-01
8.669999999999999929e-02 2.691206354013770188e-02 4.187324707755072511e-02 2.691206354013770188e-02 6.062399999999999733e-02 3.706815091975409343e-02 4.187324707755073205e-02 3.706815091975409343e-02 1.612159999999999982e-01
8.669999999999999929e-02 3.070122539901186387e-02 4.790529667427553817e-02 3.070122539901186387e-02 6.062399999999999733e-02 3.935651541801415965e-02 4.790529667427554511e-02 3.935651541801415965e-02 1.612159999999999982e-01
8.669999999999999929e-02 3.417429180882277512e-02 5.058020019854615745e-02 3.417429180882277512e-02 6.062399999999999733e-02 4.339769978998585243e-02 5.058020019854616439e-02 4.339769978998585243e-02 1.612159999999999982e-01
8.669999999999999929e-02 3.769832700275613235e-02 5.420659602022601109e-02 3.769832700275613235e-02 6.062399999999999733e-02 4.663932417979836653e-02 5.420659602022602497e-02 4.663932417979836653e-02 1.612159999999999982e-01
8.669999999999999929e-02 3.861916492601887713e-02 6.231578933947579113e-02 3.861916492601887713e-02 6.062399999999999733e-02 5.288971542080293797e-02 6.231578933947579807e-02 5.288971542080293797e-02 1.612159999999999982e-01
8.669999999999999929e-02 4.379222559304195295e-02 6.578299278210113232e-02 4.379222559304195295e-02 6.062399999999999733e-02 5.759364173873322140e-02 6.578299278210114620e-02 5.759364173873322140e-02 1.612159999999999982e-01
8.669999999999999929e-02 4.618919602903248656e-02 6.832615214324244679e-02 4.618919602903248656e-02 6.062399999999999733e-02 5.865004567537732832e-02 6.832615214324246067e-02 5.865004567537732832e-02 1.612159999999999982e-01
8.669999999999999929e-02 4.935282347381356877e-02 7.419718929916402361e-02 4.935282347381356877e-02 6.062399999999999733e-02 6.559545194084780151e-02 7.419718929916403749e-02 6.559545194084780151e-02 1.612159999999999982e-01
8.669999999999999929e-02 5.107767843479011499e-02 7.636973170677810452e-02 5.107767843479011499e-02 6.062399999999999733e-02 6.732305414329098348e-02 7.636973170677811840e-02 6.732305414329098348e-02 1.612159999999999982e-01
8.669999999999999929e-02 5.521711873326927422e-02 8.227637618653853291e-02 5.521711873326927422e-02 6.062399999999999733e-02 7.079679877849234804e-02 8.227637618653854679e-02 7.079679877849234804e-02 1.612159999999999982e-01
8.669999999999999929e-02 5.548000000000000154e-02 8.503999999999999060e-02 5.548000000000000154e-02 6.062399999999999733e-02 7.347199999999999565e-02 8.504000000000000448e-02 7.347199999999999565e-02 1.612159999999999982e-01
c: 
2.552999999999999936e+00
1.598999999999999977e+00
1.899000000000000021e+00
