CDF: 
6.099999999999999867e-01 6.400000000000000133e-01 6.899999999999999467e-01 1.000000000000000000e+00
3.200000000000000067e-01 4.000000000000000222e-01 6.500000000000000222e-01 1.000000000000000000e+00
1.499999999999999944e-01 4.099999999999999756e-01 6.600000000000000311e-01 1.000000000000000000e+00
sigma: 
2.072159999999999558e-01 6.332827474659706579e-03 3.547584506272643493e-03 6.332827474659706579e-03 1.858109999999999484e-01 7.673263055320752798e-03 3.547584506272643060e-03 7.673263055320752798e-03 1.706189999999999651e-01
2.072159999999999558e-01 1.040579864399800332e-02 1.175365520075919573e-02 1.040579864399800332e-02 1.858109999999999484e-01 1.663348444721485242e-02 1.175365520075919400e-02 1.663348444721485242e-02 1.706189999999999651e-01
2.072159999999999558e-01 2.819727885420847055e-02 2.559100485424138302e-02 2.819727885420847055e-02 1.858109999999999484e-01 2.711085043839146086e-02 2.559100485424137955e-02 2.711085043839146086e-02 1.706189999999999651e-01
2.072159999999999558e-01 3.034903928155493688e-02 3.294539822539174767e-02 3.034903928155493688e-02 1.858109999999999484e-01 3.150973391356955144e-02 3.294539822539174767e-02 3.150973391356955144e-02 1.706189999999999651e-01
2.072159999999999558e-01 4.250555057645592077e-02 3.733608663908816183e-02 4.250555057645592077e-02 1.858109999999999484e-01 3.802326992648900200e-02 3.733608663908816183e-02 3.802326992648900200e-02 1.706189999999999651e-01
2.072159999999999558e-01 4.832592486158895223e-02 5.445831175099243721e-02 4.832592486158895223e-02 1.858109999999999484e-01 5.401284303122712294e-02 5.445831175099243027e-02 5.401284303122712294e-02 1.706189999999999651e-01
2.072159999999999558e-01 6.147679007419910857e-02 6.323845472119561661e-02 6.147679007419910857e-02 1.858109999999999484e-01 5.692627264579469548e-02 6.323845472119561661e-02 5.692627264579469548e-02 1.706189999999999651e-01
2.072159999999999558e-01 7.009402326936764460e-02 7.331840189323388102e-02 7.009402326936764460e-02 1.858109999999999484e-01 7.118282398518635534e-02 7.331840189323386714e-02 7.118282398518635534e-02 1.706189999999999651e-01
2.072159999999999558e-01 7.881918512844460212e-02 7.464087756720010070e-02 7.881918512844460212e-02 1.858109999999999484e-01 7.507224841620993572e-02 7.464087756720008682e-02 7.507224841620993572e-02 1.706189999999999651e-01
2.072159999999999558e-01 9.332238593057212706e-02 8.876390792159656595e-02 9.332238593057212706e-02 1.858109999999999484e-01 8.634930909330788829e-02 8.876390792159655208e-02 8.634930909330788829e-02 1.706189999999999651e-01
2.072159999999999558e-01 1.017830624224416863e-01 1.002039952842860016e-01 1.017830624224416863e-01 1.858109999999999484e-01 9.532950361632532010e-02 1.002039952842859877e-01 9.532950361632532010e-02 1.706189999999999651e-01
2.072159999999999558e-01 1.058472177346751336e-01 1.049392800494072242e-01 1.058472177346751336e-01 1.858109999999999484e-01 1.049354619198645394e-01 1.049392800494071964e-01 1.049354619198645394e-01 1.706189999999999651e-01
2.072159999999999558e-01 1.191298083837755567e-01 1.169738154579044037e-01 1.191298083837755567e-01 1.858109999999999484e-01 1.111985000113774880e-01 1.169738154579043898e-01 1.111985000113774880e-01 1.706189999999999651e-01
2.072159999999999558e-01 1.274236449045796082e-01 1.212434816714108299e-01 1.274236449045796082e-01 1.858109999999999484e-01 1.211432622151123462e-01 1.212434816714108160e-01 1.211432622151123462e-01 1.706189999999999651e-01
2.072159999999999558e-01 1.411337418079164907e-01 1.335072827856038924e-01 1.411337418079164907e-01 1.858109999999999484e-01 1.292234849120779960e-01 1.335072827856038646e-01 1.292234849120779960e-01 1.706189999999999651e-01
2.072159999999999558e-01 1.467606975302355177e-01 1.458566656199366263e-01 1.467606975302355177e-01 1.858109999999999484e-01 1.418658977962001522e-01 1.458566656199365985e-01 1.418658977962001522e-01 1.706189999999999651e-01
2.072159999999999558e-01 1.563360734456026579e-01 1.517740133061907248e-01 1.563360734456026579e-01 1.858109999999999484e-01 1.491832502370351310e-01 1.517740133061906971e-01 1.491832502370351310e-01 1.706189999999999651e-01
2.072159999999999558e-01 1.658017101602168308e-01 1.645878508460408007e-01 1.658017101602168308e-01 1.858109999999999484e-01 1.639602536251101861e-01 1.645878508460407730e-01 1.639602536251101861e-01 1.706189999999999651e-01
2.072159999999999558e-01 1.758773789917804364e-01 1.735766442589282144e-01 1.758773789917804364e-01 1.858109999999999484e-01 1.664473332516806237e-01 1.735766442589281866e-01 1.664473332516806237e-01 1.706189999999999651e-01
2.072159999999999558e-01 1.817759999999999931e-01 1.770519999999999872e-01 1.817759999999999931e-01 1.858109999999999484e-01 1.747469999999999857e-01 1.770519999999999594e-01 1.747469999999999857e-01 1.706189999999999651e-01
c: 
2.076999999999999957e+00
1.155999999999999917e+00
1.298999999999999932e+00
