CDF: 
3.400000000000000244e-01 5.600000000000000533e-01 8.000000000000000444e-01 1.000000000000000000e+00
2.700000000000000178e-01 6.400000000000000133e-01 8.399999999999999689e-01 1.000000000000000000e+00
2.899999999999999800e-01 4.699999999999999734e-01 5.999999999999999778e-01 1.000000000000000000e+00
sigma: 
1.373639999999999861e-01 4.192072277034232172e-03 4.261226819138219830e-03 4.192072277034232172e-03 1.156510000000000038e-01 5.131990561685921201e-03 4.261226819138219830e-03 5.131990561685921201e-03 2.046509999999999718e-01
1.373639999999999861e-01 6.228618117777808341e-03 1.056532907102462893e-02 6.228618117777808341e-03 1.156510000000000038e-01 6.774302486413803608e-03 1.056532907102462893e-02 6.774302486413803608e-03 2.046509999999999718e-01
1.373639999999999861e-01 1.719291414470215315e-02 2.014848686873553507e-02 1.719291414470215315e-02 1.156510000000000038e-01 1.632382359481687056e-02 2.014848686873553507e-02 1.632382359481687056e-02 2.046509999999999718e-01
1.373639999999999861e-01 2.367978618129675666e-02 2.773005143339564785e-02 2.367978618129675666e-02 1.156510000000000038e-01 1.966220504261707511e-02 2.773005143339564785e-02 1.966220504261707511e-02 2.046509999999999718e-01
1.373639999999999861e-01 2.461008379738391372e-02 3.152933842736987957e-02 2.461008379738391372e-02 1.156510000000000038e-01 2.525724360060251777e-02 3.152933842736987957e-02 2.525724360060251777e-02 2.046509999999999718e-01
1.373639999999999861e-01 3.212193610652951115e-02 3.915348251703967136e-02 3.212193610652951115e-02 1.156510000000000038e-01 3.485779452769307424e-02 3.915348251703967136e-02 3.485779452769307424e-02 2.046509999999999718e-01
1.373639999999999861e-01 4.189247162035270727e-02 4.844078973680508021e-02 4.189247162035270727e-02 1.156510000000000038e-01 3.981186979487243843e-02 4.844078973680508021e-02 3.981186979487243843e-02 2.046509999999999718e-01
1.373639999999999861e-01 4.763502306669196995e-02 5.308750939501098720e-02 4.763502306669196995e-02 1.156510000000000038e-01 4.541286502129766173e-02 5.308750939501098720e-02 4.541286502129766173e-02 2.046509999999999718e-01
1.373639999999999861e-01 5.405595894638375726e-02 6.218318085159806052e-02 5.405595894638375726e-02 1.156510000000000038e-01 4.865516777978183549e-02 6.218318085159806052e-02 4.865516777978183549e-02 2.046509999999999718e-01
1.373639999999999861e-01 5.573281696811901997e-02 6.402475598666498846e-02 5.573281696811901997e-02 1.156510000000000038e-01 5.450559170645314505e-02 6.402475598666498846e-02 5.450559170645314505e-02 2.046509999999999718e-01
1.373639999999999861e-01 6.183986396788694606e-02 7.520425849601372614e-02 6.183986396788694606e-02 1.156510000000000038e-01 6.456357634149476055e-02 7.520425849601372614e-02 6.456357634149476055e-02 2.046509999999999718e-01
1.373639999999999861e-01 7.086574537438983246e-02 8.209095345168190838e-02 7.086574537438983246e-02 1.156510000000000038e-01 7.003725761552592743e-02 8.209095345168190838e-02 7.003725761552592743e-02 2.046509999999999718e-01
1.373639999999999861e-01 7.362174029384774276e-02 8.885703402746884805e-02 7.362174029384774276e-02 1.156510000000000038e-01 7.091173610196516153e-02 8.885703402746884805e-02 7.091173610196516153e-02 2.046509999999999718e-01
1.373639999999999861e-01 8.214404114003540092e-02 9.510830166072842262e-02 8.214404114003540092e-02 1.156510000000000038e-01 7.977996123236516524e-02 9.510830166072842262e-02 7.977996123236516524e-02 2.046509999999999718e-01
1.373639999999999861e-01 8.614842223882246408e-02 1.010480942218856953e-01 8.614842223882246408e-02 1.156510000000000038e-01 8.834560305441091499e-02 1.010480942218856953e-01 8.834560305441091499e-02 2.046509999999999718e-01
1.373639999999999861e-01 9.270644192178442711e-02 1.067176581272865771e-01 9.270644192178442711e-02 1.156510000000000038e-01 8.920781461934629286e-02 1.067176581272865771e-01 8.920781461934629286e-02 2.046509999999999718e-01
1.373639999999999861e-01 1.014185027621032631e-01 1.160211980242562141e-01 1.014185027621032631e-01 1.156510000000000038e-01 9.900004353867113138e-02 1.160211980242562141e-01 9.900004353867113138e-02 2.046509999999999718e-01
1.373639999999999861e-01 1.056435077778036663e-01 1.194346167135361542e-01 1.056435077778036663e-01 1.156510000000000038e-01 1.006859589020716733e-01 1.194346167135361542e-01 1.006859589020716733e-01 2.046509999999999718e-01
1.373639999999999861e-01 1.135739397887108038e-01 1.318223274583425197e-01 1.135739397887108038e-01 1.156510000000000038e-01 1.092570183150209651e-01 1.318223274583425197e-01 1.092570183150209651e-01 2.046509999999999718e-01
1.373639999999999861e-01 1.154419999999999891e-01 1.332419999999999993e-01 1.154419999999999891e-01 1.156510000000000038e-01 1.122509999999999897e-01 1.332419999999999993e-01 1.122509999999999897e-01 2.046509999999999718e-01
c: 
1.266000000000000014e+00
2.869000000000000217e+00
2.951999999999999957e+00
