CDF: 
2.200000000000000011e-01 2.300000000000000100e-01 5.200000000000000178e-01 1.000000000000000000e+00
1.300000000000000044e-01 3.099999999999999978e-01 6.300000000000000044e-01 1.000000000000000000e+00
1.700000000000000122e-01 2.700000000000000178e-01 7.600000000000000089e-01 1.000000000000000000e+00
sigma: 
1.835759999999999892e-01 1.323520445497048661e-03 4.567169556400160584e-03 1.323520445497048444e-03 1.663439999999999919e-01 2.603002226107652551e-04 4.567169556400160584e-03 2.603002226107652551e-04 1.274909999999999932e-01
1.835759999999999892e-01 1.263801715589450182e-02 6.986172805771007771e-03 1.263801715589450009e-02 1.663439999999999919e-01 1.036270496385480015e-02 6.986172805771007771e-03 1.036270496385480015e-02 1.274909999999999932e-01
1.835759999999999892e-01 2.216629641833077133e-02 1.634804599444609693e-02 2.216629641833076439e-02 1.663439999999999919e-01 1.560410454374997619e-02 1.634804599444609693e-02 1.560410454374997619e-02 1.274909999999999932e-01
1.835759999999999892e-01 2.958167944221379644e-02 1.842264205097921340e-02 2.958167944221378950e-02 1.663439999999999919e-01 1.901142620297359420e-02 1.842264205097921340e-02 1.901142620297359420e-02 1.274909999999999932e-01
1.835759999999999892e-01 3.823899574452726408e-02 2.622455769621470645e-02 3.823899574452725714e-02 1.663439999999999919e-01 2.828759943754493092e-02 2.622455769621470645e-02 2.828759943754493092e-02 1.274909999999999932e-01
1.835759999999999892e-01 3.976762868862968731e-02 2.921820295013678737e-02 3.976762868862968037e-02 1.663439999999999919e-01 3.312882896732180504e-02 2.921820295013678737e-02 3.312882896732180504e-02 1.274909999999999932e-01
1.835759999999999892e-01 5.123621533486917567e-02 3.784291747569146908e-02 5.123621533486916180e-02 1.663439999999999919e-01 4.200294468294108602e-02 3.784291747569146908e-02 4.200294468294108602e-02 1.274909999999999932e-01
1.835759999999999892e-01 5.623735471742484504e-02 4.105578017254651879e-02 5.623735471742483116e-02 1.663439999999999919e-01 4.739077225106364671e-02 4.105578017254651879e-02 4.739077225106364671e-02 1.274909999999999932e-01
1.835759999999999892e-01 6.339185226384980165e-02 4.946056953195192285e-02 6.339185226384978777e-02 1.663439999999999919e-01 4.964345913612054628e-02 4.946056953195192285e-02 4.964345913612054628e-02 1.274909999999999932e-01
1.835759999999999892e-01 7.374502253588614831e-02 5.501382966174622052e-02 7.374502253588613443e-02 1.663439999999999919e-01 5.599406714767470733e-02 5.501382966174622052e-02 5.599406714767470733e-02 1.274909999999999932e-01
1.835759999999999892e-01 8.356523909595139910e-02 6.359250732275555096e-02 8.356523909595138522e-02 1.663439999999999919e-01 6.428128862466749027e-02 6.359250732275555096e-02 6.428128862466749027e-02 1.274909999999999932e-01
1.835759999999999892e-01 8.938421590566653085e-02 6.753489276464175184e-02 8.938421590566651698e-02 1.663439999999999919e-01 7.145832588082154380e-02 6.753489276464175184e-02 7.145832588082154380e-02 1.274909999999999932e-01
1.835759999999999892e-01 9.923427036166752868e-02 7.052798663362978837e-02 9.923427036166751480e-02 1.663439999999999919e-01 7.469410709743243282e-02 7.052798663362978837e-02 7.469410709743243282e-02 1.274909999999999932e-01
1.835759999999999892e-01 1.033482686613587803e-01 7.827742024988214309e-02 1.033482686613587664e-01 1.663439999999999919e-01 8.083326750720583320e-02 7.827742024988214309e-02 8.083326750720583320e-02 1.274909999999999932e-01
1.835759999999999892e-01 1.158108596276049146e-01 8.188339698496790997e-02 1.158108596276048868e-01 1.663439999999999919e-01 8.786578642734202416e-02 8.188339698496790997e-02 8.786578642734202416e-02 1.274909999999999932e-01
1.835759999999999892e-01 1.199259701949447060e-01 9.142722925221812014e-02 1.199259701949446782e-01 1.663439999999999919e-01 9.767776065015464082e-02 9.142722925221812014e-02 9.767776065015464082e-02 1.274909999999999932e-01
1.835759999999999892e-01 1.319367934104738738e-01 9.458452464447188179e-02 1.319367934104738460e-01 1.663439999999999919e-01 1.002854315997106227e-01 9.458452464447188179e-02 1.002854315997106227e-01 1.274909999999999932e-01
1.835759999999999892e-01 1.396080817090774306e-01 1.025544657326865616e-01 1.396080817090774029e-01 1.663439999999999919e-01 1.077133504113435558e-01 1.025544657326865616e-01 1.077133504113435558e-01 1.274909999999999932e-01
1.835759999999999892e-01 1.446538695547557596e-01 1.058446528468045267e-01 1.446538695547557318e-01 1.663439999999999919e-01 1.122017021393090647e-01 1.058446528468045267e-01 1.122017021393090647e-01 1.274909999999999932e-01
1.835759999999999892e-01 1.494880000000000098e-01 1.103039999999999854e-01 1.494879999999999820e-01 1.663439999999999919e-01 1.178519999999999845e-01 1.103039999999999854e-01 1.178519999999999845e-01 1.274909999999999932e-01
c: 
1.951000000000000068e+00
2.625000000000000000e+00
1.723000000000000087e+00
