CDF: 
2.000000000000000111e-01 3.599999999999999867e-01 6.099999999999999867e-01 1.000000000000000000e+00
1.000000000000000056e-01 2.200000000000000011e-01 5.500000000000000444e-01 1.000000000000000000e+00
2.899999999999999800e-01 4.500000000000000111e-01 4.699999999999999734e-01 1.000000000000000000e+00
sigma: 
1.639160000000000061e-01 6.278307000168625862e-03 2.861390087334270572e-03 6.278307000168625862e-03 1.403639999999999888e-01 5.531300368102706581e-03 2.861390087334271005e-03 5.531300368102706581e-03 2.147000000000000020e-01
1.639160000000000061e-01 1.252011500028021862e-02 1.186780588256983703e-02 1.252011500028021862e-02 1.403639999999999888e-01 1.280568481722883442e-02 1.186780588256983876e-02 1.280568481722883442e-02 2.147000000000000020e-01
1.639160000000000061e-01 1.542909966145674175e-02 1.824218260705827779e-02 1.542909966145674175e-02 1.403639999999999888e-01 2.152104951787854256e-02 1.824218260705828126e-02 2.152104951787854256e-02 2.147000000000000020e-01
1.639160000000000061e-01 2.944568689584717291e-02 2.624479015770368739e-02 2.944568689584717291e-02 1.403639999999999888e-01 2.827935403720533217e-02 2.624479015770369086e-02 2.827935403720533217e-02 2.147000000000000020e-01
1.639160000000000061e-01 3.356758014312877236e-02 3.554119152503591034e-02 3.356758014312877236e-02 1.403639999999999888e-01 3.532257185977683012e-02 3.554119152503591728e-02 3.532257185977683012e-02 2.147000000000000020e-01
1.639160000000000061e-01 3.776017984796820048e-02 4.591900041833001794e-02 3.776017984796820048e-02 1.403639999999999888e-01 4.247111476463619195e-02 4.591900041833002488e-02 4.247111476463619195e-02 2.147000000000000020e-01
1.639160000000000061e-01 4.440375739116639991e-02 5.339535060490195606e-02 4.440375739116639991e-02 1.403639999999999888e-01 4.931619841375398799e-02 5.339535060490196300e-02 4.931619841375398799e-02 2.147000000000000020e-01
1.639160000000000061e-01 5.375233494522150407e-02 6.207819247009147695e-02 5.375233494522150407e-02 1.403639999999999888e-01 6.356844924676528785e-02 6.207819247009149083e-02 6.356844924676528785e-02 2.147000000000000020e-01
1.639160000000000061e-01 6.604894821973249230e-02 7.542038405732780226e-02 6.604894821973249230e-02 1.403639999999999888e-01 7.034668867127698288e-02 7.542038405732781614e-02 7.034668867127698288e-02 2.147000000000000020e-01
1.639160000000000061e-01 6.680789849628868127e-02 8.203433613213885478e-02 6.680789849628868127e-02 1.403639999999999888e-01 7.937772808731578811e-02 8.203433613213886866e-02 7.937772808731578811e-02 2.147000000000000020e-01
1.639160000000000061e-01 8.024667234489411827e-02 8.834299541547124823e-02 8.024667234489411827e-02 1.403639999999999888e-01 8.666708596720129609e-02 8.834299541547126211e-02 8.666708596720129609e-02 2.147000000000000020e-01
1.639160000000000061e-01 8.846362293861437243e-02 9.744103236930128087e-02 8.846362293861437243e-02 1.403639999999999888e-01 9.044192360611372217e-02 9.744103236930129475e-02 9.044192360611372217e-02 2.147000000000000020e-01
1.639160000000000061e-01 9.077009520376715102e-02 1.090903821715433347e-01 9.077009520376715102e-02 1.403639999999999888e-01 9.806163659311817327e-02 1.090903821715433486e-01 9.806163659311817327e-02 2.147000000000000020e-01
1.639160000000000061e-01 1.010998523240254771e-01 1.147890036880650222e-01 1.010998523240254771e-01 1.403639999999999888e-01 1.059052717451382658e-01 1.147890036880650361e-01 1.059052717451382658e-01 2.147000000000000020e-01
1.639160000000000061e-01 1.102333555972734858e-01 1.206373843879069291e-01 1.102333555972734858e-01 1.403639999999999888e-01 1.184141591076030425e-01 1.206373843879069568e-01 1.184141591076030425e-01 2.147000000000000020e-01
1.639160000000000061e-01 1.166910187724352760e-01 1.306699993002367333e-01 1.166910187724352760e-01 1.403639999999999888e-01 1.236443526306970908e-01 1.306699993002367610e-01 1.236443526306970908e-01 2.147000000000000020e-01
1.639160000000000061e-01 1.242829140600038712e-01 1.367746453001246754e-01 1.242829140600038712e-01 1.403639999999999888e-01 1.290527453739889752e-01 1.367746453001247031e-01 1.290527453739889752e-01 2.147000000000000020e-01
1.639160000000000061e-01 1.274640085757372809e-01 1.456635493784637081e-01 1.274640085757372809e-01 1.403639999999999888e-01 1.431755093483500219e-01 1.456635493784637359e-01 1.431755093483500219e-01 2.147000000000000020e-01
1.639160000000000061e-01 1.375716626207780513e-01 1.549221268382184047e-01 1.375716626207780513e-01 1.403639999999999888e-01 1.457434951688546254e-01 1.549221268382184047e-01 1.457434951688546254e-01 2.147000000000000020e-01
1.639160000000000061e-01 1.400679999999999703e-01 1.616599999999999981e-01 1.400679999999999703e-01 1.403639999999999888e-01 1.525799999999999934e-01 1.616600000000000259e-01 1.525799999999999934e-01 2.147000000000000020e-01
c: 
1.173999999999999932e+00
2.111000000000000210e+00
1.826000000000000068e+00
