CDF: 
2.300000000000000100e-01 2.500000000000000000e-01 4.500000000000000111e-01 1.000000000000000000e+00
4.199999999999999845e-01 4.699999999999999734e-01 5.400000000000000355e-01 1.000000000000000000e+00
2.000000000000000111e-01 4.899999999999999911e-01 7.299999999999999822e-01 1.000000000000000000e+00
sigma: 
1.808440000000000047e-01 7.906415521133875607e-03 9.562930469971068223e-04 7.906415521133877342e-03 2.251960000000000628e-01 4.794473628253790622e-03 9.562930469971068223e-04 4.794473628253789754e-03 1.402239999999999875e-01
1.808440000000000047e-01 1.291842911131112388e-02 1.209699260884283464e-02 1.291842911131112562e-02 2.251960000000000628e-01 1.230570115720565696e-02 1.209699260884283464e-02 1.230570115720565523e-02 1.402239999999999875e-01
1.808440000000000047e-01 2.518733109387094604e-02 1.645435614067150901e-02 2.518733109387094951e-02 2.251960000000000628e-01 2.096806248150487328e-02 1.645435614067150901e-02 2.096806248150486982e-02 1.402239999999999875e-01
1.808440000000000047e-01 3.689500508642121201e-02 2.356147502425036747e-02 3.689500508642121895e-02 2.251960000000000628e-01 2.778508538721570845e-02 2.356147502425036747e-02 2.778508538721570151e-02 1.402239999999999875e-01
1.808440000000000047e-01 3.775842318598519182e-02 2.981753174236281487e-02 3.775842318598519876e-02 2.251960000000000628e-01 3.155786166526831915e-02 2.981753174236281487e-02 3.155786166526831915e-02 1.402239999999999875e-01
1.808440000000000047e-01 4.917813680517443137e-02 3.293922756128688650e-02 4.917813680517443831e-02 2.251960000000000628e-01 4.070671275455803317e-02 3.293922756128688650e-02 4.070671275455802623e-02 1.402239999999999875e-01
1.808440000000000047e-01 5.679941061264918295e-02 4.433436481824380715e-02 5.679941061264919683e-02 2.251960000000000628e-01 5.338453432300394041e-02 4.433436481824380715e-02 5.338453432300392654e-02 1.402239999999999875e-01
1.808440000000000047e-01 6.668491723622806122e-02 4.863115417040924510e-02 6.668491723622807510e-02 2.251960000000000628e-01 5.986840555000199487e-02 4.863115417040924510e-02 5.986840555000198100e-02 1.402239999999999875e-01
1.808440000000000047e-01 8.138199199014790886e-02 5.294197402461073981e-02 8.138199199014790886e-02 2.251960000000000628e-01 6.371434018671461030e-02 5.294197402461073981e-02 6.371434018671459643e-02 1.402239999999999875e-01
1.808440000000000047e-01 9.267026361968325188e-02 5.798258078010476435e-02 9.267026361968326575e-02 2.251960000000000628e-01 7.232523446153232838e-02 5.798258078010476435e-02 7.232523446153231450e-02 1.402239999999999875e-01
1.808440000000000047e-01 1.018896007075147936e-01 6.480790141655377867e-02 1.018896007075148075e-01 2.251960000000000628e-01 8.341900074207440896e-02 6.480790141655377867e-02 8.341900074207439508e-02 1.402239999999999875e-01
1.808440000000000047e-01 1.105902405788527915e-01 7.567320447886814738e-02 1.105902405788528192e-01 2.251960000000000628e-01 8.835631021864635837e-02 7.567320447886814738e-02 8.835631021864634449e-02 1.402239999999999875e-01
1.808440000000000047e-01 1.180683027501790855e-01 7.905024233058631500e-02 1.180683027501790994e-01 2.251960000000000628e-01 9.441664378223139920e-02 7.905024233058631500e-02 9.441664378223137144e-02 1.402239999999999875e-01
1.808440000000000047e-01 1.225429117755841013e-01 8.777244311649164132e-02 1.225429117755841291e-01 2.251960000000000628e-01 1.060026742637901892e-01 8.777244311649164132e-02 1.060026742637901614e-01 1.402239999999999875e-01
1.808440000000000047e-01 1.375971492466853408e-01 9.168069682176531454e-02 1.375971492466853685e-01 2.251960000000000628e-01 1.128426409822786552e-01 9.168069682176531454e-02 1.128426409822786414e-01 1.402239999999999875e-01
1.808440000000000047e-01 1.483037286333542260e-01 9.940015622462042288e-02 1.483037286333542537e-01 2.251960000000000628e-01 1.169757031502352967e-01 9.940015622462042288e-02 1.169757031502352690e-01 1.402239999999999875e-01
1.808440000000000047e-01 1.554353059605714793e-01 1.060773348580903580e-01 1.554353059605715071e-01 2.251960000000000628e-01 1.246832944590616082e-01 1.060773348580903580e-01 1.246832944590615805e-01 1.402239999999999875e-01
1.808440000000000047e-01 1.649017414820575234e-01 1.125084665391027083e-01 1.649017414820575511e-01 2.251960000000000628e-01 1.362344587602928037e-01 1.125084665391027083e-01 1.362344587602927759e-01 1.402239999999999875e-01
1.808440000000000047e-01 1.713653461591823912e-01 1.194436698747766146e-01 1.713653461591824190e-01 2.251960000000000628e-01 1.451363017117526522e-01 1.194436698747766146e-01 1.451363017117526244e-01 1.402239999999999875e-01
1.808440000000000047e-01 1.786680000000000212e-01 1.219839999999999952e-01 1.786680000000000490e-01 2.251960000000000628e-01 1.464480000000000226e-01 1.219839999999999952e-01 1.464479999999999948e-01 1.402239999999999875e-01
c: 
1.475999999999999979e+00
1.364999999999999991e+00
1.064000000000000057e+00
