CDF: 
2.200000000000000011e-01 4.199999999999999845e-01 5.500000000000000444e-01 1.000000000000000000e+00
1.900000000000000022e-01 5.100000000000000089e-01 6.899999999999999467e-01 1.000000000000000000e+00
2.300000000000000100e-01 2.800000000000000266e-01 7.399999999999999911e-01 1.000000000000000000e+00
sigma: 
1.850360000000000060e-01 6.977018285402675213e-03 8.943746530367973529e-04 6.977018285402677815e-03 1.526840000000000419e-01 6.356101957396404628e-03 8.943746530367973529e-04 6.356101957396404628e-03 1.294840000000000158e-01
1.850360000000000060e-01 1.206523798852330784e-02 6.607099742040462888e-03 1.206523798852331304e-02 1.526840000000000419e-01 1.273368631375329345e-02 6.607099742040462888e-03 1.273368631375329345e-02 1.294840000000000158e-01
1.850360000000000060e-01 1.762167214603064386e-02 1.760309572609823972e-02 1.762167214603065080e-02 1.526840000000000419e-01 1.476577403387232049e-02 1.760309572609823972e-02 1.476577403387232049e-02 1.294840000000000158e-01
1.850360000000000060e-01 2.340211988128401699e-02 2.105956458550857155e-02 2.340211988128402740e-02 1.526840000000000419e-01 2.117908914739320692e-02 2.105956458550857155e-02 2.117908914739320692e-02 1.294840000000000158e-01
1.850360000000000060e-01 3.732426746220758595e-02 2.897977230576621877e-02 3.732426746220759983e-02 1.526840000000000419e-01 2.761490537468756085e-02 2.897977230576621877e-02 2.761490537468756085e-02 1.294840000000000158e-01
1.850360000000000060e-01 4.307645373209095102e-02 3.840232643434115384e-02 4.307645373209096490e-02 1.526840000000000419e-01 3.595771253226959924e-02 3.840232643434115384e-02 3.595771253226959924e-02 1.294840000000000158e-01
1.850360000000000060e-01 4.616793201675808284e-02 4.489279056889874941e-02 4.616793201675809671e-02 1.526840000000000419e-01 4.458977811183630763e-02 4.489279056889874941e-02 4.458977811183630763e-02 1.294840000000000158e-01
1.850360000000000060e-01 5.744039969590997857e-02 4.743919824957824188e-02 5.744039969590999939e-02 1.526840000000000419e-01 4.902502316739894977e-02 4.743919824957824188e-02 4.902502316739894977e-02 1.294840000000000158e-01
1.850360000000000060e-01 6.862607006406178101e-02 5.517967567624047776e-02 6.862607006406180876e-02 1.526840000000000419e-01 5.821115763908315394e-02 5.517967567624047776e-02 5.821115763908315394e-02 1.294840000000000158e-01
1.850360000000000060e-01 7.413239157502846122e-02 5.979759970321478491e-02 7.413239157502848897e-02 1.526840000000000419e-01 6.635971137655202745e-02 5.979759970321478491e-02 6.635971137655202745e-02 1.294840000000000158e-01
1.850360000000000060e-01 8.055427299216713632e-02 6.662514017463883054e-02 8.055427299216716408e-02 1.526840000000000419e-01 7.008274810130370180e-02 6.662514017463883054e-02 7.008274810130370180e-02 1.294840000000000158e-01
1.850360000000000060e-01 8.832244449720307033e-02 7.585567813608549981e-02 8.832244449720311197e-02 1.526840000000000419e-01 7.853083471736763133e-02 7.585567813608549981e-02 7.853083471736763133e-02 1.294840000000000158e-01
1.850360000000000060e-01 9.398445477016185989e-02 8.387266320497964445e-02 9.398445477016190153e-02 1.526840000000000419e-01 8.071949528358053627e-02 8.387266320497964445e-02 8.071949528358053627e-02 1.294840000000000158e-01
1.850360000000000060e-01 1.005445725786228151e-01 8.597793105035486660e-02 1.005445725786228567e-01 1.526840000000000419e-01 9.082160893016584524e-02 8.597793105035486660e-02 9.082160893016584524e-02 1.294840000000000158e-01
1.850360000000000060e-01 1.106894442849288424e-01 9.240197076672609922e-02 1.106894442849288840e-01 1.526840000000000419e-01 9.589255706467718354e-02 9.240197076672609922e-02 9.589255706467718354e-02 1.294840000000000158e-01
1.850360000000000060e-01 1.161265794011615421e-01 1.012223285361869146e-01 1.161265794011615837e-01 1.526840000000000419e-01 1.008557397592443061e-01 1.012223285361869146e-01 1.008557397592443061e-01 1.294840000000000158e-01
1.850360000000000060e-01 1.295940243070098918e-01 1.074170269401917288e-01 1.295940243070099196e-01 1.526840000000000419e-01 1.091729042896133484e-01 1.074170269401917288e-01 1.091729042896133484e-01 1.294840000000000158e-01
1.850360000000000060e-01 1.376688313830279065e-01 1.110048230319721357e-01 1.376688313830279620e-01 1.526840000000000419e-01 1.134993190610065900e-01 1.110048230319721357e-01 1.134993190610065900e-01 1.294840000000000158e-01
1.850360000000000060e-01 1.394206891549143734e-01 1.231401567076226139e-01 1.394206891549144289e-01 1.526840000000000419e-01 1.210839687508149104e-01 1.231401567076226139e-01 1.210839687508149104e-01 1.294840000000000158e-01
1.850360000000000060e-01 1.458679999999999977e-01 1.239320000000000005e-01 1.458680000000000532e-01 1.526840000000000419e-01 1.267160000000000231e-01 1.239320000000000005e-01 1.267160000000000231e-01 1.294840000000000158e-01
c: 
1.258999999999999897e+00
2.225000000000000089e+00
1.568999999999999950e+00
