CDF: 
1.499999999999999944e-01 4.799999999999999822e-01 6.500000000000000222e-01 1.000000000000000000e+00
5.999999999999999778e-02 3.900000000000000133e-01 4.500000000000000111e-01 1.000000000000000000e+00
1.100000000000000006e-01 2.000000000000000111e-01 3.599999999999999867e-01 1.000000000000000000e+00
sigma: 
1.561440000000000050e-01 5.727609231428181999e-03 6.528695023389007685e-04 5.727609231428181999e-03 1.632000000000000117e-01 4.734267285086357635e-03 6.528695023389007685e-04 4.734267285086357635e-03 1.479159999999999919e-01
1.561440000000000050e-01 8.615333037807414510e-03 8.840279431287361225e-03 8.615333037807414510e-03 1.632000000000000117e-01 1.352438974258088691e-02 8.840279431287361225e-03 1.352438974258088691e-02 1.479159999999999919e-01
1.561440000000000050e-01 1.554606334631880582e-02 1.462170800327605887e-02 1.554606334631880582e-02 1.632000000000000117e-01 1.498095624619836912e-02 1.462170800327605887e-02 1.498095624619836912e-02 1.479159999999999919e-01
1.561440000000000050e-01 2.679324991318931745e-02 1.813003938494485434e-02 2.679324991318931745e-02 1.632000000000000117e-01 2.357769513630415120e-02 1.813003938494485434e-02 2.357769513630415120e-02 1.479159999999999919e-01
1.561440000000000050e-01 2.801698076872342208e-02 2.423909642927629324e-02 2.801698076872342208e-02 1.632000000000000117e-01 2.921400965602865413e-02 2.423909642927629324e-02 2.921400965602865413e-02 1.479159999999999919e-01
1.561440000000000050e-01 3.747928083452792269e-02 3.109677610103142933e-02 3.747928083452792269e-02 1.632000000000000117e-01 4.088626812070922378e-02 3.109677610103142933e-02 4.088626812070922378e-02 1.479159999999999919e-01
1.561440000000000050e-01 4.069691157269553911e-02 3.390932960611717922e-02 4.069691157269553911e-02 1.632000000000000117e-01 4.534263800981655490e-02 3.390932960611717922e-02 4.534263800981655490e-02 1.479159999999999919e-01
1.561440000000000050e-01 5.408670758111164961e-02 4.078129538164542572e-02 5.408670758111164961e-02 1.632000000000000117e-01 5.077258821356062102e-02 4.078129538164542572e-02 5.077258821356062102e-02 1.479159999999999919e-01
1.561440000000000050e-01 5.670199266573028307e-02 4.910567440291558478e-02 5.670199266573028307e-02 1.632000000000000117e-01 6.263731261224297908e-02 4.910567440291558478e-02 6.263731261224297908e-02 1.479159999999999919e-01
1.561440000000000050e-01 6.168263507812216800e-02 5.410822680937998896e-02 6.168263507812216800e-02 1.632000000000000117e-01 6.867103170219954200e-02 5.410822680937998896e-02 6.867103170219954200e-02 1.479159999999999919e-01
1.561440000000000050e-01 7.444746522163264713e-02 6.112370034364236759e-02 7.444746522163264713e-02 1.632000000000000117e-01 7.275841047163050801e-02 6.112370034364236759e-02 7.275841047163050801e-02 1.479159999999999919e-01
1.561440000000000050e-01 8.099992507086345439e-02 6.651387803963559886e-02 8.099992507086345439e-02 1.632000000000000117e-01 8.482436589986459829e-02 6.651387803963559886e-02 8.482436589986459829e-02 1.479159999999999919e-01
1.561440000000000050e-01 8.510750047962700737e-02 7.311203597230857276e-02 8.510750047962700737e-02 1.632000000000000117e-01 8.748902885016690556e-02 7.311203597230857276e-02 8.748902885016690556e-02 1.479159999999999919e-01
1.561440000000000050e-01 9.379161015710110738e-02 7.775561824757967755e-02 9.379161015710110738e-02 1.632000000000000117e-01 9.438753232896247847e-02 7.775561824757967755e-02 9.438753232896247847e-02 1.479159999999999919e-01
1.561440000000000050e-01 9.821505451006551368e-02 8.102002996838678084e-02 9.821505451006551368e-02 1.632000000000000117e-01 9.929342123966107547e-02 8.102002996838678084e-02 9.929342123966107547e-02 1.479159999999999919e-01
1.561440000000000050e-01 1.040574072402184608e-01 8.672239115910126972e-02 1.040574072402184608e-01 1.632000000000000117e-01 1.084414736012565827e-01 8.672239115910126972e-02 1.084414736012565827e-01 1.479159999999999919e-01
1.561440000000000050e-01 1.120921462875168750e-01 9.433421286477983170e-02 1.120921462875168750e-01 1.632000000000000117e-01 1.186877511212216657e-01 9.433421286477983170e-02 1.186877511212216657e-01 1.479159999999999919e-01
1.561440000000000050e-01 1.183858979670005390e-01 1.015455084552220472e-01 1.183858979670005390e-01 1.632000000000000117e-01 1.223159388451818264e-01 1.015455084552220472e-01 1.223159388451818264e-01 1.479159999999999919e-01
1.561440000000000050e-01 1.273003866448924049e-01 1.073025227429611622e-01 1.273003866448924049e-01 1.632000000000000117e-01 1.334688793964175502e-01 1.073025227429611622e-01 1.334688793964175502e-01 1.479159999999999919e-01
1.561440000000000050e-01 1.286399999999999766e-01 1.073520000000000030e-01 1.286399999999999766e-01 1.632000000000000117e-01 1.343199999999999950e-01 1.073520000000000030e-01 1.343199999999999950e-01 1.479159999999999919e-01
c: 
1.844000000000000083e+00
1.286999999999999922e+00
2.072999999999999954e+00
