CDF: 
2.600000000000000089e-01 3.099999999999999978e-01 5.000000000000000000e-01 1.000000000000000000e+00
1.499999999999999944e-01 2.899999999999999800e-01 5.400000000000000355e-01 1.000000000000000000e+00
4.500000000000000111e-01 4.899999999999999911e-01 6.700000000000000400e-01 1.000000000000000000e+00
sigma: 
2.017559999999999909e-01 6.214974871239662725e-03 3.427148135657796715e-03 6.214974871239664460e-03 1.824990000000000223e-01 4.228525477788533903e-03 3.427148135657796715e-03 4.228525477788533903e-03 1.960560000000000080e-01
2.017559999999999909e-01 1.424445910411328495e-02 1.219128603750138130e-02 1.424445910411328842e-02 1.824990000000000223e-01 1.634782114608424042e-02 1.219128603750138130e-02 1.634782114608424042e-02 1.960560000000000080e-01
2.017559999999999909e-01 1.921383908730901757e-02 1.955756130736464177e-02 1.921383908730902104e-02 1.824990000000000223e-01 1.883970177918832187e-02 1.955756130736464177e-02 1.883970177918832187e-02 1.960560000000000080e-01
2.017559999999999909e-01 3.785377131638550247e-02 2.681951899325920111e-02 3.785377131638550940e-02 1.824990000000000223e-01 3.311698125490140227e-02 2.681951899325920111e-02 3.311698125490140227e-02 1.960560000000000080e-01
2.017559999999999909e-01 4.305880007589271696e-02 3.714384507433755173e-02 4.305880007589272390e-02 1.824990000000000223e-01 3.607731114284078167e-02 3.714384507433755173e-02 3.607731114284078167e-02 1.960560000000000080e-01
2.017559999999999909e-01 5.195107380139216829e-02 4.425086035335159401e-02 5.195107380139217523e-02 1.824990000000000223e-01 4.306410867883420091e-02 4.425086035335159401e-02 4.306410867883420091e-02 1.960560000000000080e-01
2.017559999999999909e-01 6.547423794843935940e-02 5.516064821180832745e-02 6.547423794843937328e-02 1.824990000000000223e-01 5.935936015194677451e-02 5.516064821180832745e-02 5.935936015194677451e-02 1.960560000000000080e-01
2.017559999999999909e-01 7.116370180109719834e-02 6.780515100687085905e-02 7.116370180109721222e-02 1.824990000000000223e-01 6.327677017022548256e-02 6.780515100687085905e-02 6.327677017022548256e-02 1.960560000000000080e-01
2.017559999999999909e-01 8.240864528842609116e-02 7.378086155417147574e-02 8.240864528842610504e-02 1.824990000000000223e-01 7.059992886373972487e-02 7.378086155417147574e-02 7.059992886373972487e-02 1.960560000000000080e-01
2.017559999999999909e-01 9.332444945128931524e-02 8.389505662999220681e-02 9.332444945128932912e-02 1.824990000000000223e-01 8.369837902459494050e-02 8.389505662999220681e-02 8.369837902459494050e-02 1.960560000000000080e-01
2.017559999999999909e-01 1.006271856544838222e-01 9.215968862861846633e-02 1.006271856544838361e-01 1.824990000000000223e-01 8.628937395970283364e-02 9.215968862861846633e-02 8.628937395970283364e-02 1.960560000000000080e-01
2.017559999999999909e-01 1.136315849922317489e-01 1.033232759541256041e-01 1.136315849922317767e-01 1.824990000000000223e-01 9.632472901769729978e-02 1.033232759541256041e-01 9.632472901769729978e-02 1.960560000000000080e-01
2.017559999999999909e-01 1.186784278195503473e-01 1.123587277553434322e-01 1.186784278195503611e-01 1.824990000000000223e-01 1.103214246323233616e-01 1.123587277553434322e-01 1.103214246323233616e-01 1.960560000000000080e-01
2.017559999999999909e-01 1.306348787494035490e-01 1.163089451479191877e-01 1.306348787494035768e-01 1.824990000000000223e-01 1.130908907788677753e-01 1.163089451479191877e-01 1.130908907788677753e-01 1.960560000000000080e-01
2.017559999999999909e-01 1.423474645215025980e-01 1.253517011423940786e-01 1.423474645215025980e-01 1.824990000000000223e-01 1.200218561199444811e-01 1.253517011423940786e-01 1.200218561199444811e-01 1.960560000000000080e-01
2.017559999999999909e-01 1.445023159824679881e-01 1.333575802105987640e-01 1.445023159824680159e-01 1.824990000000000223e-01 1.345101671653453901e-01 1.333575802105987640e-01 1.345101671653453901e-01 1.960560000000000080e-01
2.017559999999999909e-01 1.616890789457246791e-01 1.429508131655467251e-01 1.616890789457247068e-01 1.824990000000000223e-01 1.396763211494427281e-01 1.429508131655467251e-01 1.396763211494427281e-01 1.960560000000000080e-01
2.017559999999999909e-01 1.653557213978580076e-01 1.542764758102276590e-01 1.653557213978580354e-01 1.824990000000000223e-01 1.521637263886735647e-01 1.542764758102276590e-01 1.521637263886735647e-01 1.960560000000000080e-01
2.017559999999999909e-01 1.762244596001180108e-01 1.622737417256473191e-01 1.762244596001180386e-01 1.824990000000000223e-01 1.579444257490658921e-01 1.622737417256473191e-01 1.579444257490658921e-01 1.960560000000000080e-01
2.017559999999999909e-01 1.814619999999999844e-01 1.650440000000000240e-01 1.814620000000000122e-01 1.824990000000000223e-01 1.616879999999999984e-01 1.650440000000000240e-01 1.616879999999999984e-01 1.960560000000000080e-01
c: 
2.442000000000000171e+00
1.951999999999999957e+00
1.860999999999999988e+00
