CDF: 
8.100000000000000533e-01 8.699999999999999956e-01 9.100000000000000311e-01 1.000000000000000000e+00
2.500000000000000000e-01 6.300000000000000044e-01 8.399999999999999689e-01 1.000000000000000000e+00
2.700000000000000178e-01 4.199999999999999845e-01 5.699999999999999512e-01 1.000000000000000000e+00
sigma: 
8.253599999999999826e-02 2.769580847534256970e-03 2.361644997162361780e-03 2.769580847534256970e-03 1.145789999999999864e-01 4.095334288339161528e-03 2.361644997162361346e-03 4.095334288339161528e-03 2.048999999999999710e-01
8.253599999999999826e-02 4.974007447463483708e-03 4.667773144764124360e-03 4.974007447463483708e-03 1.145789999999999864e-01 7.835506798711739870e-03 4.667773144764123493e-03 7.835506798711738136e-03 2.048999999999999710e-01
8.253599999999999826e-02 9.770890503082364786e-03 8.445237205401610187e-03 9.770890503082364786e-03 1.145789999999999864e-01 1.475366346918188971e-02 8.445237205401608452e-03 1.475366346918188798e-02 2.048999999999999710e-01
8.253599999999999826e-02 1.335534974527919500e-02 1.016685052383932593e-02 1.335534974527919500e-02 1.145789999999999864e-01 1.847887505327774557e-02 1.016685052383932419e-02 1.847887505327774210e-02 2.048999999999999710e-01
8.253599999999999826e-02 1.651322790600502632e-02 1.164512552111091927e-02 1.651322790600502632e-02 1.145789999999999864e-01 2.565693895938874619e-02 1.164512552111091753e-02 2.565693895938874272e-02 2.048999999999999710e-01
8.253599999999999826e-02 2.333255185279080324e-02 1.643122775073590711e-02 2.333255185279080324e-02 1.145789999999999864e-01 3.191653257353800621e-02 1.643122775073590711e-02 3.191653257353800621e-02 2.048999999999999710e-01
8.253599999999999826e-02 2.715129964690448858e-02 1.829300869341534894e-02 2.715129964690448858e-02 1.145789999999999864e-01 3.893838536212649443e-02 1.829300869341534547e-02 3.893838536212648749e-02 2.048999999999999710e-01
8.253599999999999826e-02 3.024513375360554993e-02 2.117505628236046600e-02 3.024513375360554993e-02 1.145789999999999864e-01 4.493727704171021631e-02 2.117505628236046600e-02 4.493727704171020937e-02 2.048999999999999710e-01
8.253599999999999826e-02 3.513215330905784112e-02 2.410695091577965896e-02 3.513215330905784112e-02 1.145789999999999864e-01 4.877080135028279834e-02 2.410695091577965549e-02 4.877080135028279140e-02 2.048999999999999710e-01
8.253599999999999826e-02 3.767567104066268935e-02 2.631963634382248132e-02 3.767567104066268935e-02 1.145789999999999864e-01 5.629051327597187071e-02 2.631963634382247785e-02 5.629051327597186377e-02 2.048999999999999710e-01
8.253599999999999826e-02 4.371531592629910451e-02 3.076995226847687934e-02 4.371531592629910451e-02 1.145789999999999864e-01 6.044508759835751782e-02 3.076995226847687587e-02 6.044508759835751088e-02 2.048999999999999710e-01
8.253599999999999826e-02 4.662754161118876778e-02 3.384863883788599703e-02 4.662754161118876778e-02 1.145789999999999864e-01 6.232594890944969518e-02 3.384863883788599009e-02 6.232594890944968130e-02 2.048999999999999710e-01
8.253599999999999826e-02 4.977262205708910675e-02 3.721249075126375344e-02 4.977262205708910675e-02 1.145789999999999864e-01 7.131233765396670365e-02 3.721249075126375344e-02 7.131233765396668978e-02 2.048999999999999710e-01
8.253599999999999826e-02 5.376008178762013007e-02 3.931444350800387955e-02 5.376008178762013007e-02 1.145789999999999864e-01 7.438409987774752263e-02 3.931444350800387261e-02 7.438409987774752263e-02 2.048999999999999710e-01
8.253599999999999826e-02 5.844583668648310748e-02 4.312522528841605113e-02 5.844583668648310748e-02 1.145789999999999864e-01 8.243093796754089042e-02 4.312522528841604419e-02 8.243093796754087654e-02 2.048999999999999710e-01
8.253599999999999826e-02 6.175741701745694756e-02 4.593639327590226529e-02 6.175741701745694756e-02 1.145789999999999864e-01 8.458639818906370234e-02 4.593639327590225835e-02 8.458639818906368846e-02 2.048999999999999710e-01
8.253599999999999826e-02 6.823345133121828943e-02 4.833642952694872097e-02 6.823345133121828943e-02 1.145789999999999864e-01 9.281788920500953777e-02 4.833642952694871403e-02 9.281788920500952389e-02 2.048999999999999710e-01
8.253599999999999826e-02 7.236370497062794005e-02 5.186648401508114209e-02 7.236370497062794005e-02 1.145789999999999864e-01 1.008500175356668166e-01 5.186648401508113515e-02 1.008500175356668027e-01 2.048999999999999710e-01
8.253599999999999826e-02 7.526231073368049029e-02 5.301773670455910137e-02 7.526231073368049029e-02 1.145789999999999864e-01 1.058166361349661549e-01 5.301773670455909443e-02 1.058166361349661411e-01 2.048999999999999710e-01
8.253599999999999826e-02 7.771200000000000330e-02 5.507999999999999702e-02 7.771200000000000330e-02 1.145789999999999864e-01 1.071099999999999830e-01 5.507999999999999008e-02 1.071099999999999691e-01 2.048999999999999710e-01
c: 
2.717999999999999972e+00
1.820000000000000062e+00
1.951999999999999957e+00
