CDF: 
4.299999999999999933e-01 7.900000000000000355e-01 8.900000000000000133e-01 1.000000000000000000e+00
6.300000000000000044e-01 6.899999999999999467e-01 9.300000000000000488e-01 1.000000000000000000e+00
5.100000000000000089e-01 6.199999999999999956e-01 7.800000000000000266e-01 1.000000000000000000e+00
sigma: 
9.111600000000000255e-02 2.995466596418929015e-03 2.448024218398960842e-03 2.995466596418929015e-03 7.911600000000000577e-02 1.407579168636558659e-03 2.448024218398960842e-03 1.407579168636558442e-03 1.563640000000000030e-01
9.111600000000000255e-02 6.182122790227145837e-03 9.561715961973447225e-03 6.182122790227145837e-03 7.911600000000000577e-02 6.123437045206590011e-03 9.561715961973447225e-03 6.123437045206589144e-03 1.563640000000000030e-01
9.111600000000000255e-02 8.078795690225876180e-03 1.084619018372197374e-02 8.078795690225876180e-03 7.911600000000000577e-02 1.081517725016865362e-02 1.084619018372197374e-02 1.081517725016865189e-02 1.563640000000000030e-01
9.111600000000000255e-02 1.188898827009858550e-02 1.935287247210756845e-02 1.188898827009858550e-02 7.911600000000000577e-02 1.902487415609836405e-02 1.935287247210756845e-02 1.902487415609836058e-02 1.563640000000000030e-01
9.111600000000000255e-02 1.641400814045105086e-02 2.136074814056425700e-02 1.641400814045105086e-02 7.911600000000000577e-02 2.117207240499012835e-02 2.136074814056425700e-02 2.117207240499012488e-02 1.563640000000000030e-01
9.111600000000000255e-02 2.176533294590037720e-02 2.968994381756793338e-02 2.176533294590037720e-02 7.911600000000000577e-02 2.528060959944195343e-02 2.968994381756793338e-02 2.528060959944194996e-02 1.563640000000000030e-01
9.111600000000000255e-02 2.417208349441528001e-02 3.418273519856453863e-02 2.417208349441528001e-02 7.911600000000000577e-02 3.060654173985362381e-02 3.418273519856453863e-02 3.060654173985362034e-02 1.563640000000000030e-01
9.111600000000000255e-02 2.894028110911870538e-02 3.884536853754796265e-02 2.894028110911870538e-02 7.911600000000000577e-02 3.751601308564892628e-02 3.884536853754796265e-02 3.751601308564891935e-02 1.563640000000000030e-01
9.111600000000000255e-02 3.283836157776538756e-02 4.331770407594808664e-02 3.283836157776538756e-02 7.911600000000000577e-02 4.411023750822980899e-02 4.331770407594808664e-02 4.411023750822980205e-02 1.563640000000000030e-01
9.111600000000000255e-02 3.521728381632528715e-02 4.851321313296041299e-02 3.521728381632528715e-02 7.911600000000000577e-02 4.504537403550735314e-02 4.851321313296041299e-02 4.504537403550734620e-02 1.563640000000000030e-01
9.111600000000000255e-02 3.877130154381391164e-02 5.860713144055762491e-02 3.877130154381391164e-02 7.911600000000000577e-02 5.067649234557137367e-02 5.860713144055762491e-02 5.067649234557136673e-02 1.563640000000000030e-01
9.111600000000000255e-02 4.371387013355129691e-02 5.878457134604140460e-02 4.371387013355129691e-02 7.911600000000000577e-02 5.649931598774171615e-02 5.878457134604140460e-02 5.649931598774170921e-02 1.563640000000000030e-01
9.111600000000000255e-02 4.611754083149841033e-02 6.533479988029228247e-02 4.611754083149841033e-02 7.911600000000000577e-02 6.072330952618427286e-02 6.533479988029228247e-02 6.072330952618426592e-02 1.563640000000000030e-01
9.111600000000000255e-02 5.193120160685560371e-02 7.053531624095946140e-02 5.193120160685560371e-02 7.911600000000000577e-02 6.558131875768589969e-02 7.053531624095946140e-02 6.558131875768588581e-02 1.563640000000000030e-01
9.111600000000000255e-02 5.568926981940984511e-02 7.714608971744110755e-02 5.568926981940984511e-02 7.911600000000000577e-02 7.070150259387815439e-02 7.714608971744110755e-02 7.070150259387815439e-02 1.563640000000000030e-01
9.111600000000000255e-02 6.024774643140176633e-02 8.260194316837039807e-02 6.024774643140176633e-02 7.911600000000000577e-02 7.739236994054136953e-02 8.260194316837039807e-02 7.739236994054135566e-02 1.563640000000000030e-01
9.111600000000000255e-02 6.157190774972828157e-02 8.683956628574808490e-02 6.157190774972828157e-02 7.911600000000000577e-02 8.185989862883162604e-02 8.683956628574808490e-02 8.185989862883162604e-02 1.563640000000000030e-01
9.111600000000000255e-02 6.675262058880551685e-02 9.123942268102117059e-02 6.675262058880551685e-02 7.911600000000000577e-02 8.879637850968838397e-02 9.123942268102117059e-02 8.879637850968837010e-02 1.563640000000000030e-01
9.111600000000000255e-02 7.185400638881679625e-02 9.599677821527799471e-02 7.185400638881679625e-02 7.911600000000000577e-02 9.383563780086585926e-02 9.599677821527799471e-02 9.383563780086584538e-02 1.563640000000000030e-01
9.111600000000000255e-02 7.288400000000000434e-02 1.012679999999999969e-01 7.288400000000000434e-02 7.911600000000000577e-02 9.473200000000001064e-02 1.012679999999999969e-01 9.473199999999999676e-02 1.563640000000000030e-01
c: 
2.978000000000000203e+00
2.572000000000000064e+00
2.851999999999999869e+00
