CDF: 
1.700000000000000122e-01 4.600000000000000200e-01 8.599999999999999867e-01 1.000000000000000000e+00
4.899999999999999911e-01 7.700000000000000178e-01 9.399999999999999467e-01 1.000000000000000000e+00
2.200000000000000011e-01 3.699999999999999956e-01 6.199999999999999956e-01 1.000000000000000000e+00
sigma: 
9.537900000000000544e-02 2.133576911503516638e-03 4.646993205066647127e-03 2.133576911503516638e-03 5.877899999999999792e-02 4.525068924169438713e-04 4.646993205066647127e-03 4.525068924169440882e-04 1.831000000000000405e-01
9.537900000000000544e-02 5.008842081061262198e-03 5.787545252841537480e-03 5.008842081061262198e-03 5.877899999999999792e-02 5.575628735723757098e-03 5.787545252841537480e-03 5.575628735723759700e-03 1.831000000000000405e-01
9.537900000000000544e-02 8.069567768050147499e-03 1.398035384792147874e-02 8.069567768050147499e-03 5.877899999999999792e-02 9.754277030341583846e-03 1.398035384792147874e-02 9.754277030341587315e-03 1.831000000000000405e-01
9.537900000000000544e-02 1.195051417518691247e-02 1.891014154526905050e-02 1.195051417518691247e-02 5.877899999999999792e-02 1.188745720040804491e-02 1.891014154526905050e-02 1.188745720040805011e-02 1.831000000000000405e-01
9.537900000000000544e-02 1.329717592745924964e-02 2.136081091609361160e-02 1.329717592745924964e-02 5.877899999999999792e-02 1.519682262065702102e-02 2.136081091609361160e-02 1.519682262065702796e-02 1.831000000000000405e-01
9.537900000000000544e-02 1.591484872185090424e-02 2.784657899368245607e-02 1.591484872185090424e-02 5.877899999999999792e-02 1.819776148479750055e-02 2.784657899368245607e-02 1.819776148479751096e-02 1.831000000000000405e-01
9.537900000000000544e-02 2.176592269176574890e-02 3.105469738187369502e-02 2.176592269176574890e-02 5.877899999999999792e-02 2.053285940343288485e-02 3.105469738187369502e-02 2.053285940343289526e-02 1.831000000000000405e-01
9.537900000000000544e-02 2.528665122658761699e-02 3.935719524541384656e-02 2.528665122658761699e-02 5.877899999999999792e-02 2.666981105668995641e-02 3.935719524541384656e-02 2.666981105668996682e-02 1.831000000000000405e-01
9.537900000000000544e-02 2.623362548204373479e-02 4.223716890446330141e-02 2.623362548204373479e-02 5.877899999999999792e-02 2.931649298533751946e-02 4.223716890446330141e-02 2.931649298533753334e-02 1.831000000000000405e-01
9.537900000000000544e-02 2.930919798055733536e-02 4.928718443426231138e-02 2.930919798055733536e-02 5.877899999999999792e-02 3.374679086928965982e-02 4.928718443426231138e-02 3.374679086928967370e-02 1.831000000000000405e-01
9.537900000000000544e-02 3.443717120103492735e-02 5.319113759922818041e-02 3.443717120103492735e-02 5.877899999999999792e-02 3.615913100204790759e-02 5.319113759922818041e-02 3.615913100204792147e-02 1.831000000000000405e-01
9.537900000000000544e-02 3.636654063306681700e-02 5.752407827052828659e-02 3.636654063306681700e-02 5.877899999999999792e-02 3.975428094351516478e-02 5.752407827052828659e-02 3.975428094351517866e-02 1.831000000000000405e-01
9.537900000000000544e-02 4.081354769135527721e-02 6.136780969061195884e-02 4.081354769135527721e-02 5.877899999999999792e-02 4.390708609885436015e-02 6.136780969061195884e-02 4.390708609885437402e-02 1.831000000000000405e-01
9.537900000000000544e-02 4.205368599381636985e-02 6.521757349178736174e-02 4.205368599381636985e-02 5.877899999999999792e-02 4.659006207609757422e-02 6.521757349178736174e-02 4.659006207609759503e-02 1.831000000000000405e-01
9.537900000000000544e-02 4.492623284549409485e-02 7.195820974282036986e-02 4.492623284549409485e-02 5.877899999999999792e-02 4.780662454028807712e-02 7.195820974282036986e-02 4.780662454028809794e-02 1.831000000000000405e-01
9.537900000000000544e-02 4.909778514873766597e-02 7.879828005026916216e-02 4.909778514873766597e-02 5.877899999999999792e-02 5.277820037850530777e-02 7.879828005026916216e-02 5.277820037850532858e-02 1.831000000000000405e-01
9.537900000000000544e-02 5.336967279227747968e-02 8.015967162156274750e-02 5.336967279227747968e-02 5.877899999999999792e-02 5.726895123623115119e-02 8.015967162156274750e-02 5.726895123623117201e-02 1.831000000000000405e-01
9.537900000000000544e-02 5.586836073089723742e-02 8.924438346397214894e-02 5.586836073089723742e-02 5.877899999999999792e-02 5.962640218227741040e-02 8.924438346397214894e-02 5.962640218227743816e-02 1.831000000000000405e-01
9.537900000000000544e-02 6.025797891946215595e-02 9.370952945024842162e-02 6.025797891946215595e-02 5.877899999999999792e-02 6.186584970825322743e-02 9.370952945024842162e-02 6.186584970825325519e-02 1.831000000000000405e-01
9.537900000000000544e-02 6.032899999999999374e-02 9.477000000000000701e-02 6.032899999999999374e-02 5.877899999999999792e-02 6.456999999999998852e-02 9.477000000000000701e-02 6.457000000000001627e-02 1.831000000000000405e-01
c: 
1.245000000000000107e+00
1.870000000000000107e+00
2.262000000000000011e+00
