CDF: 
8.000000000000000167e-02 1.300000000000000044e-01 4.400000000000000022e-01 1.000000000000000000e+00
3.499999999999999778e-01 4.899999999999999911e-01 6.999999999999999556e-01 1.000000000000000000e+00
1.600000000000000033e-01 2.800000000000000266e-01 4.299999999999999933e-01 1.000000000000000000e+00
sigma: 
1.554360000000000186e-01 3.378438385971499654e-03 2.581015374897899922e-03 3.378438385971499220e-03 1.781709999999999960e-01 3.641790758889203432e-03 2.581015374897899922e-03 3.641790758889204300e-03 1.915710000000000190e-01
1.554360000000000186e-01 8.350258786490127524e-03 1.754931761810713670e-02 8.350258786490127524e-03 1.781709999999999960e-01 8.662362272838355914e-03 1.754931761810713670e-02 8.662362272838357649e-03 1.915710000000000190e-01
1.554360000000000186e-01 1.573690640848910555e-02 1.850705304391867326e-02 1.573690640848910208e-02 1.781709999999999960e-01 1.513038475252576412e-02 1.850705304391867326e-02 1.513038475252576759e-02 1.915710000000000190e-01
1.554360000000000186e-01 1.967750936545011042e-02 2.784480677218595726e-02 1.967750936545010695e-02 1.781709999999999960e-01 2.324909564001606532e-02 2.784480677218595726e-02 2.324909564001606879e-02 1.915710000000000190e-01
1.554360000000000186e-01 2.696065655932436064e-02 4.191199298484879487e-02 2.696065655932436064e-02 1.781709999999999960e-01 3.366616560262315067e-02 4.191199298484879487e-02 3.366616560262315760e-02 1.915710000000000190e-01
1.554360000000000186e-01 3.323811596340096874e-02 5.027370765518201362e-02 3.323811596340096181e-02 1.781709999999999960e-01 4.159479448254810308e-02 5.027370765518201362e-02 4.159479448254811002e-02 1.915710000000000190e-01
1.554360000000000186e-01 3.879562173135570058e-02 6.012472641619114044e-02 3.879562173135570058e-02 1.781709999999999960e-01 4.812932571929279951e-02 6.012472641619114044e-02 4.812932571929281339e-02 1.915710000000000190e-01
1.554360000000000186e-01 5.061431755594262422e-02 6.368891297562709330e-02 5.061431755594262422e-02 1.781709999999999960e-01 5.512677954017412840e-02 6.368891297562709330e-02 5.512677954017414228e-02 1.915710000000000190e-01
1.554360000000000186e-01 5.580683091245803445e-02 7.658981822081936675e-02 5.580683091245802752e-02 1.781709999999999960e-01 6.060544633064243736e-02 7.658981822081936675e-02 6.060544633064244430e-02 1.915710000000000190e-01
1.554360000000000186e-01 6.287632603978099421e-02 8.499979246814574896e-02 6.287632603978098034e-02 1.781709999999999960e-01 7.026643304626005448e-02 8.499979246814574896e-02 7.026643304626006836e-02 1.915710000000000190e-01
1.554360000000000186e-01 6.633481063598957450e-02 9.238257270092803397e-02 6.633481063598957450e-02 1.781709999999999960e-01 7.221249256053355325e-02 9.238257270092803397e-02 7.221249256053356713e-02 1.915710000000000190e-01
1.554360000000000186e-01 7.481647906161867367e-02 1.043742524460104792e-01 7.481647906161867367e-02 1.781709999999999960e-01 7.864836641612571455e-02 1.043742524460104792e-01 7.864836641612572843e-02 1.915710000000000190e-01
1.554360000000000186e-01 7.799854572448382262e-02 1.133148786758073484e-01 7.799854572448380874e-02 1.781709999999999960e-01 8.946626468825166767e-02 1.133148786758073484e-01 8.946626468825168155e-02 1.915710000000000190e-01
1.554360000000000186e-01 8.942185986782616447e-02 1.215311390476508518e-01 8.942185986782616447e-02 1.781709999999999960e-01 9.472774664229362263e-02 1.215311390476508518e-01 9.472774664229363650e-02 1.915710000000000190e-01
1.554360000000000186e-01 9.208086635311066304e-02 1.243029684311575539e-01 9.208086635311064916e-02 1.781709999999999960e-01 1.064727114430116389e-01 1.243029684311575539e-01 1.064727114430116667e-01 1.915710000000000190e-01
1.554360000000000186e-01 9.755006145615593982e-02 1.343294729598754900e-01 9.755006145615592594e-02 1.781709999999999960e-01 1.130878084101998998e-01 1.343294729598754900e-01 1.130878084101999137e-01 1.915710000000000190e-01
1.554360000000000186e-01 1.062017672695119153e-01 1.411673931357187994e-01 1.062017672695119014e-01 1.781709999999999960e-01 1.198988530297885186e-01 1.411673931357187994e-01 1.198988530297885463e-01 1.915710000000000190e-01
1.554360000000000186e-01 1.160111106061603586e-01 1.569393605208531106e-01 1.160111106061603448e-01 1.781709999999999960e-01 1.254724048260129343e-01 1.569393605208531106e-01 1.254724048260129621e-01 1.915710000000000190e-01
1.554360000000000186e-01 1.190320399167767579e-01 1.621106119484777563e-01 1.190320399167767440e-01 1.781709999999999960e-01 1.324631622830473310e-01 1.621106119484777563e-01 1.324631622830473587e-01 1.915710000000000190e-01
1.554360000000000186e-01 1.226340000000000069e-01 1.675339999999999885e-01 1.226339999999999930e-01 1.781709999999999960e-01 1.350209999999999744e-01 1.675339999999999885e-01 1.350210000000000021e-01 1.915710000000000190e-01
c: 
1.302999999999999936e+00
2.630999999999999783e+00
2.887999999999999901e+00
