CDF: 
1.199999999999999956e-01 2.300000000000000100e-01 6.099999999999999867e-01 1.000000000000000000e+00
1.499999999999999944e-01 2.099999999999999922e-01 3.800000000000000044e-01 1.000000000000000000e+00
3.300000000000000155e-01 4.500000000000000111e-01 6.500000000000000222e-01 1.000000000000000000e+00
sigma: 
1.600750000000000228e-01 8.527403690001691223e-04 2.407956601864566157e-03 8.527403690001691223e-04 1.775710000000000344e-01 1.279706513825450750e-03 2.407956601864565723e-03 1.279706513825450750e-03 1.911160000000000081e-01
1.600750000000000228e-01 8.048381975819071665e-03 8.834856178041533212e-03 8.048381975819071665e-03 1.775710000000000344e-01 8.232168334166008877e-03 8.834856178041531477e-03 8.232168334166008877e-03 1.911160000000000081e-01
1.600750000000000228e-01 1.455390033072753372e-02 2.408025274926826192e-02 1.455390033072753372e-02 1.775710000000000344e-01 1.854585853034326076e-02 2.408025274926825846e-02 1.854585853034326076e-02 1.911160000000000081e-01
1.600750000000000228e-01 2.267639221735040164e-02 2.691338753518059818e-02 2.267639221735040164e-02 1.775710000000000344e-01 2.658110543753808980e-02 2.691338753518059471e-02 2.658110543753808980e-02 1.911160000000000081e-01
1.600750000000000228e-01 2.715214348807148959e-02 4.007012081161761413e-02 2.715214348807148959e-02 1.775710000000000344e-01 2.888826637260039076e-02 4.007012081161760719e-02 2.888826637260039076e-02 1.911160000000000081e-01
1.600750000000000228e-01 3.536505521874183655e-02 5.074545855013978118e-02 3.536505521874183655e-02 1.775710000000000344e-01 4.162001911166895302e-02 5.074545855013977425e-02 4.162001911166895302e-02 1.911160000000000081e-01
1.600750000000000228e-01 4.266475413719285348e-02 5.794080254106384609e-02 4.266475413719285348e-02 1.775710000000000344e-01 4.618768349557444280e-02 5.794080254106383915e-02 4.618768349557444280e-02 1.911160000000000081e-01
1.600750000000000228e-01 4.803443016900996870e-02 6.672930089707948542e-02 4.803443016900996870e-02 1.775710000000000344e-01 4.918859359934257131e-02 6.672930089707947154e-02 4.918859359934257131e-02 1.911160000000000081e-01
1.600750000000000228e-01 5.843067478458321973e-02 6.949717379755553093e-02 5.843067478458321973e-02 1.775710000000000344e-01 5.752310474406179680e-02 6.949717379755551705e-02 5.752310474406179680e-02 1.911160000000000081e-01
1.600750000000000228e-01 6.233901788056326471e-02 8.200491953719045435e-02 6.233901788056326471e-02 1.775710000000000344e-01 6.787546772851586752e-02 8.200491953719044047e-02 6.787546772851586752e-02 1.911160000000000081e-01
1.600750000000000228e-01 6.694884262071372494e-02 9.002529494769237473e-02 6.694884262071372494e-02 1.775710000000000344e-01 7.081900741211413775e-02 9.002529494769236085e-02 7.081900741211413775e-02 1.911160000000000081e-01
1.600750000000000228e-01 7.586422282220618707e-02 9.447995976585359112e-02 7.586422282220618707e-02 1.775710000000000344e-01 7.695783062388872331e-02 9.447995976585356337e-02 7.695783062388872331e-02 1.911160000000000081e-01
1.600750000000000228e-01 8.076920446193947001e-02 1.102007194403537005e-01 8.076920446193947001e-02 1.775710000000000344e-01 9.063122609753825054e-02 1.102007194403536866e-01 9.063122609753825054e-02 1.911160000000000081e-01
1.600750000000000228e-01 8.907177382710090852e-02 1.182085717984742990e-01 8.907177382710090852e-02 1.775710000000000344e-01 9.598733022355881994e-02 1.182085717984742712e-01 9.598733022355881994e-02 1.911160000000000081e-01
1.600750000000000228e-01 9.338492179619686806e-02 1.260356477660256325e-01 9.338492179619686806e-02 1.775710000000000344e-01 1.039536415413425952e-01 1.260356477660256047e-01 1.039536415413425952e-01 1.911160000000000081e-01
1.600750000000000228e-01 1.038732742175909607e-01 1.340637149401083528e-01 1.038732742175909607e-01 1.775710000000000344e-01 1.107949148325111932e-01 1.340637149401083250e-01 1.107949148325111932e-01 1.911160000000000081e-01
1.600750000000000228e-01 1.102968132449646393e-01 1.378857295065086530e-01 1.102968132449646393e-01 1.775710000000000344e-01 1.127613482540041900e-01 1.378857295065086253e-01 1.127613482540041900e-01 1.911160000000000081e-01
1.600750000000000228e-01 1.146419427522940293e-01 1.471113927378683295e-01 1.146419427522940293e-01 1.775710000000000344e-01 1.238810159211093942e-01 1.471113927378683017e-01 1.238810159211093942e-01 1.911160000000000081e-01
1.600750000000000228e-01 1.199898843136280036e-01 1.619672591275161111e-01 1.199898843136280036e-01 1.775710000000000344e-01 1.287295653545649232e-01 1.619672591275160833e-01 1.287295653545649232e-01 1.911160000000000081e-01
1.600750000000000228e-01 1.250450000000000172e-01 1.626700000000000090e-01 1.250450000000000172e-01 1.775710000000000344e-01 1.328059999999999796e-01 1.626699999999999813e-01 1.328059999999999796e-01 1.911160000000000081e-01
c: 
1.354999999999999982e+00
1.473999999999999977e+00
1.516999999999999904e+00
