CDF: 
1.700000000000000122e-01 4.699999999999999734e-01 7.399999999999999911e-01 1.000000000000000000e+00
1.100000000000000006e-01 2.200000000000000011e-01 3.800000000000000044e-01 1.000000000000000000e+00
4.299999999999999933e-01 4.600000000000000200e-01 5.500000000000000444e-01 1.000000000000000000e+00
sigma: 
1.496590000000000142e-01 2.570135101650045020e-03 2.640925146034014005e-03 2.570135101650045020e-03 1.744590000000000030e-01 2.076828281092649772e-03 2.640925146034014005e-03 2.076828281092649338e-03 2.280000000000000082e-01
1.496590000000000142e-01 9.783628373211346319e-03 1.172084156645574610e-02 9.783628373211346319e-03 1.744590000000000030e-01 1.225822548344244513e-02 1.172084156645574610e-02 1.225822548344244339e-02 2.280000000000000082e-01
1.496590000000000142e-01 1.301813300460839123e-02 2.047307905515788340e-02 1.301813300460839123e-02 1.744590000000000030e-01 1.864590729945726777e-02 2.047307905515788340e-02 1.864590729945726430e-02 2.280000000000000082e-01
1.496590000000000142e-01 1.739508581304284943e-02 2.739722092732033154e-02 1.739508581304284943e-02 1.744590000000000030e-01 2.685352122347085466e-02 2.739722092732033154e-02 2.685352122347085119e-02 2.280000000000000082e-01
1.496590000000000142e-01 2.289233530710771750e-02 3.303169382598752229e-02 2.289233530710771750e-02 1.744590000000000030e-01 3.479430310849403185e-02 3.303169382598752229e-02 3.479430310849402491e-02 2.280000000000000082e-01
1.496590000000000142e-01 2.944818680287289436e-02 3.927856230452889813e-02 2.944818680287289436e-02 1.744590000000000030e-01 4.679990146521173511e-02 3.927856230452889813e-02 4.679990146521172817e-02 2.280000000000000082e-01
1.496590000000000142e-01 3.347717376536354233e-02 4.953180322769182298e-02 3.347717376536354233e-02 1.744590000000000030e-01 4.947022022141083636e-02 4.953180322769182298e-02 4.947022022141082942e-02 2.280000000000000082e-01
1.496590000000000142e-01 3.990156643576281414e-02 6.034570446235971303e-02 3.990156643576281414e-02 1.744590000000000030e-01 5.926276127522433351e-02 6.034570446235971303e-02 5.926276127522432657e-02 2.280000000000000082e-01
1.496590000000000142e-01 4.839745868954729857e-02 6.764775144930645912e-02 4.839745868954729857e-02 1.744590000000000030e-01 7.103275669015020333e-02 6.764775144930645912e-02 7.103275669015018945e-02 2.280000000000000082e-01
1.496590000000000142e-01 4.981490930010483431e-02 7.605576410484611583e-02 4.981490930010483431e-02 1.744590000000000030e-01 7.443959390833664036e-02 7.605576410484611583e-02 7.443959390833662648e-02 2.280000000000000082e-01
1.496590000000000142e-01 5.740760043642085392e-02 7.921157386049135218e-02 5.740760043642085392e-02 1.744590000000000030e-01 8.326653685453956621e-02 7.921157386049135218e-02 8.326653685453955234e-02 2.280000000000000082e-01
1.496590000000000142e-01 6.444860700563258271e-02 8.936155425499411886e-02 6.444860700563258271e-02 1.744590000000000030e-01 9.323053711116534303e-02 8.936155425499411886e-02 9.323053711116532916e-02 2.280000000000000082e-01
1.496590000000000142e-01 6.637355247584068862e-02 9.727474146468635674e-02 6.637355247584068862e-02 1.744590000000000030e-01 9.945038186779707468e-02 9.727474146468635674e-02 9.945038186779706080e-02 2.280000000000000082e-01
1.496590000000000142e-01 7.155082109359381382e-02 1.019869820273472810e-01 7.155082109359381382e-02 1.744590000000000030e-01 1.129652837131615295e-01 1.019869820273472810e-01 1.129652837131615156e-01 2.280000000000000082e-01
1.496590000000000142e-01 7.934000065475300956e-02 1.103279344668055134e-01 7.934000065475300956e-02 1.744590000000000030e-01 1.214239769990905632e-01 1.103279344668055134e-01 1.214239769990905493e-01 2.280000000000000082e-01
1.496590000000000142e-01 8.596225774351261284e-02 1.203780292570218458e-01 8.596225774351261284e-02 1.744590000000000030e-01 1.220470970567784225e-01 1.203780292570218458e-01 1.220470970567783947e-01 2.280000000000000082e-01
1.496590000000000142e-01 9.134058231958433471e-02 1.297314044215941431e-01 9.134058231958433471e-02 1.744590000000000030e-01 1.314303568262147892e-01 1.297314044215941431e-01 1.314303568262147615e-01 2.280000000000000082e-01
1.496590000000000142e-01 9.272115657923142573e-02 1.341435181869568560e-01 9.272115657923142573e-02 1.744590000000000030e-01 1.391635144829960757e-01 1.341435181869568560e-01 1.391635144829960480e-01 2.280000000000000082e-01
1.496590000000000142e-01 9.815900527232054862e-02 1.391106874259496196e-01 9.815900527232054862e-02 1.744590000000000030e-01 1.500403769666596721e-01 1.391106874259496196e-01 1.500403769666596443e-01 2.280000000000000082e-01
1.496590000000000142e-01 1.033910000000000107e-01 1.467200000000000171e-01 1.033910000000000107e-01 1.744590000000000030e-01 1.540800000000000225e-01 1.467200000000000171e-01 1.540799999999999947e-01 2.280000000000000082e-01
c: 
1.840999999999999970e+00
1.971000000000000085e+00
1.800999999999999934e+00
