CDF: 
5.400000000000000355e-01 8.000000000000000444e-01 8.800000000000000044e-01 1.000000000000000000e+00
4.400000000000000022e-01 5.100000000000000089e-01 6.400000000000000133e-01 1.000000000000000000e+00
2.600000000000000089e-01 2.999999999999999889e-01 3.800000000000000044e-01 1.000000000000000000e+00
sigma: 
1.015840000000000076e-01 2.518681395444179183e-03 7.749958827334327933e-04 2.518681395444179183e-03 2.021240000000000536e-01 3.609068182693433297e-03 7.749958827334326849e-04 3.609068182693433297e-03 1.988000000000000045e-01
1.015840000000000076e-01 9.871219843267999353e-03 5.115667845729811661e-03 9.871219843267999353e-03 2.021240000000000536e-01 1.409730067036540739e-02 5.115667845729809926e-03 1.409730067036540739e-02 1.988000000000000045e-01
1.015840000000000076e-01 1.462809512207192096e-02 1.069329546909979223e-02 1.462809512207192096e-02 2.021240000000000536e-01 1.822523729100417739e-02 1.069329546909979049e-02 1.822523729100417739e-02 1.988000000000000045e-01
1.015840000000000076e-01 1.999505926413236434e-02 1.389388593571193493e-02 1.999505926413236434e-02 2.021240000000000536e-01 2.400303052319315011e-02 1.389388593571193146e-02 2.400303052319315011e-02 1.988000000000000045e-01
1.015840000000000076e-01 2.660814148030233792e-02 1.648204807593575683e-02 2.660814148030233792e-02 2.021240000000000536e-01 3.343495652997501011e-02 1.648204807593575336e-02 3.343495652997501011e-02 1.988000000000000045e-01
1.015840000000000076e-01 3.209988226467948291e-02 1.980600698426379300e-02 3.209988226467948291e-02 2.021240000000000536e-01 4.491816477966342758e-02 1.980600698426378953e-02 4.491816477966342758e-02 1.988000000000000045e-01
1.015840000000000076e-01 3.541282804652023941e-02 2.434854207984315372e-02 3.541282804652023941e-02 2.021240000000000536e-01 5.313613851802043847e-02 2.434854207984314678e-02 5.313613851802043847e-02 1.988000000000000045e-01
1.015840000000000076e-01 4.318170098287781034e-02 2.690020257156574765e-02 4.318170098287781034e-02 2.021240000000000536e-01 5.552346088417221825e-02 2.690020257156574418e-02 5.552346088417221825e-02 1.988000000000000045e-01
1.015840000000000076e-01 4.703880578818507574e-02 3.285176647161978242e-02 4.703880578818507574e-02 2.021240000000000536e-01 6.253005983659787326e-02 3.285176647161977548e-02 6.253005983659787326e-02 1.988000000000000045e-01
1.015840000000000076e-01 5.507140307093823933e-02 3.499211619791925409e-02 5.507140307093823933e-02 2.021240000000000536e-01 7.166741604935840393e-02 3.499211619791924716e-02 7.166741604935840393e-02 1.988000000000000045e-01
1.015840000000000076e-01 5.790469170017727846e-02 3.775177907529499166e-02 5.790469170017727846e-02 2.021240000000000536e-01 7.814141276647117162e-02 3.775177907529498472e-02 7.814141276647117162e-02 1.988000000000000045e-01
1.015840000000000076e-01 6.442399845549215409e-02 4.045950498039588977e-02 6.442399845549215409e-02 2.021240000000000536e-01 8.500813946378704689e-02 4.045950498039588283e-02 8.500813946378704689e-02 1.988000000000000045e-01
1.015840000000000076e-01 6.738146366715111468e-02 4.583425657679152110e-02 6.738146366715111468e-02 2.021240000000000536e-01 9.251224943872421447e-02 4.583425657679151416e-02 9.251224943872421447e-02 1.988000000000000045e-01
1.015840000000000076e-01 7.343251118166226055e-02 5.053326274808059987e-02 7.343251118166226055e-02 2.021240000000000536e-01 1.064531275280439365e-01 5.053326274808058599e-02 1.064531275280439365e-01 1.988000000000000045e-01
1.015840000000000076e-01 7.787546866441032167e-02 5.116205132331021893e-02 7.787546866441032167e-02 2.021240000000000536e-01 1.090461162021696961e-01 5.116205132331021199e-02 1.090461162021696961e-01 1.988000000000000045e-01
1.015840000000000076e-01 8.440658813866805388e-02 5.583913179190221759e-02 8.440658813866805388e-02 2.021240000000000536e-01 1.157501862146304988e-01 5.583913179190220372e-02 1.157501862146304988e-01 1.988000000000000045e-01
1.015840000000000076e-01 8.932579358202512310e-02 5.955785560119002120e-02 8.932579358202512310e-02 2.021240000000000536e-01 1.281909898437193773e-01 5.955785560119000732e-02 1.281909898437193773e-01 1.988000000000000045e-01
1.015840000000000076e-01 9.809880663224315733e-02 6.213779717508215172e-02 9.809880663224315733e-02 2.021240000000000536e-01 1.358600411001504582e-01 6.213779717508214478e-02 1.358600411001504582e-01 1.988000000000000045e-01
1.015840000000000076e-01 1.038037108320229857e-01 6.801618924406446776e-02 1.038037108320229857e-01 2.021240000000000536e-01 1.382907047741739892e-01 6.801618924406445388e-02 1.382907047741739892e-01 1.988000000000000045e-01
1.015840000000000076e-01 1.050960000000000227e-01 6.936000000000001886e-02 1.050960000000000227e-01 2.021240000000000536e-01 1.448400000000000243e-01 6.936000000000000498e-02 1.448400000000000243e-01 1.988000000000000045e-01
c: 
2.363999999999999879e+00
1.048000000000000043e+00
2.701000000000000068e+00
