CDF: 
8.999999999999999667e-02 3.300000000000000155e-01 7.099999999999999645e-01 1.000000000000000000e+00
1.000000000000000056e-01 2.200000000000000011e-01 7.299999999999999822e-01 1.000000000000000000e+00
1.799999999999999933e-01 3.099999999999999978e-01 6.400000000000000133e-01 1.000000000000000000e+00
sigma: 
1.434160000000000157e-01 5.208217918985468681e-03 1.260379151910800619e-03 5.208217918985467813e-03 1.278749999999999887e-01 3.298203884169007959e-03 1.260379151910800619e-03 3.298203884169007959e-03 1.682160000000000044e-01
1.434160000000000157e-01 1.076357874922947121e-02 1.108349503392064631e-02 1.076357874922946947e-02 1.278749999999999887e-01 1.072884039701830702e-02 1.108349503392064631e-02 1.072884039701830702e-02 1.682160000000000044e-01
1.434160000000000157e-01 1.706426010298036505e-02 1.817345019869333680e-02 1.706426010298035811e-02 1.278749999999999887e-01 1.893608166206372373e-02 1.817345019869333680e-02 1.893608166206372373e-02 1.682160000000000044e-01
1.434160000000000157e-01 2.390474792416392644e-02 2.243542724774567551e-02 2.390474792416391950e-02 1.278749999999999887e-01 2.370249914480115558e-02 2.243542724774567551e-02 2.370249914480115558e-02 1.682160000000000044e-01
1.434160000000000157e-01 2.992960791781362068e-02 2.957440825449754798e-02 2.992960791781361374e-02 1.278749999999999887e-01 2.799405218475474466e-02 2.957440825449754798e-02 2.799405218475474466e-02 1.682160000000000044e-01
1.434160000000000157e-01 3.813729325868728953e-02 4.022762750542198396e-02 3.813729325868728259e-02 1.278749999999999887e-01 3.404063582395227411e-02 4.022762750542198396e-02 3.404063582395227411e-02 1.682160000000000044e-01
1.434160000000000157e-01 4.260382463698222932e-02 4.476467946332138292e-02 4.260382463698221545e-02 1.278749999999999887e-01 4.258651020782796420e-02 4.476467946332138292e-02 4.258651020782796420e-02 1.682160000000000044e-01
1.434160000000000157e-01 5.284012099994401385e-02 5.262901898355398789e-02 5.284012099994399997e-02 1.278749999999999887e-01 4.784403336612795543e-02 5.262901898355398789e-02 4.784403336612795543e-02 1.682160000000000044e-01
1.434160000000000157e-01 5.684648852592244506e-02 6.043779181694667463e-02 5.684648852592243118e-02 1.278749999999999887e-01 5.326500810780000067e-02 6.043779181694667463e-02 5.326500810780000067e-02 1.682160000000000044e-01
1.434160000000000157e-01 6.116023770205605142e-02 6.606409544807038958e-02 6.116023770205603755e-02 1.278749999999999887e-01 6.296867102719322373e-02 6.606409544807038958e-02 6.296867102719322373e-02 1.682160000000000044e-01
1.434160000000000157e-01 6.920115349801547744e-02 7.593311161893746830e-02 6.920115349801546356e-02 1.278749999999999887e-01 7.156066698906288215e-02 7.593311161893746830e-02 7.156066698906288215e-02 1.682160000000000044e-01
1.434160000000000157e-01 7.543561176082380637e-02 8.643288165127915867e-02 7.543561176082377862e-02 1.278749999999999887e-01 7.480197083167651473e-02 8.643288165127915867e-02 7.480197083167651473e-02 1.682160000000000044e-01
1.434160000000000157e-01 8.122717819861949295e-02 9.364248959767089431e-02 8.122717819861947908e-02 1.278749999999999887e-01 8.315762994272254960e-02 9.364248959767089431e-02 8.315762994272254960e-02 1.682160000000000044e-01
1.434160000000000157e-01 9.193712185125076097e-02 9.530887249962695373e-02 9.193712185125074710e-02 1.278749999999999887e-01 9.029591398598099672e-02 9.530887249962695373e-02 9.029591398598099672e-02 1.682160000000000044e-01
1.434160000000000157e-01 1.008858470551267233e-01 1.092750569574457015e-01 1.008858470551266956e-01 1.278749999999999887e-01 9.301539189689971010e-02 1.092750569574457015e-01 9.301539189689971010e-02 1.682160000000000044e-01
1.434160000000000157e-01 1.016104801057047674e-01 1.109642695085826664e-01 1.016104801057047535e-01 1.278749999999999887e-01 1.014822074546230246e-01 1.109642695085826664e-01 1.014822074546230246e-01 1.682160000000000044e-01
1.434160000000000157e-01 1.133006053861109891e-01 1.221263580126899784e-01 1.133006053861109613e-01 1.278749999999999887e-01 1.083288646359911872e-01 1.221263580126899784e-01 1.083288646359911872e-01 1.682160000000000044e-01
1.434160000000000157e-01 1.192502528697720471e-01 1.247728904876086592e-01 1.192502528697720193e-01 1.278749999999999887e-01 1.148550495562603302e-01 1.247728904876086592e-01 1.148550495562603302e-01 1.682160000000000044e-01
1.434160000000000157e-01 1.261892532162693370e-01 1.332363241315339397e-01 1.261892532162693092e-01 1.278749999999999887e-01 1.206186319059774220e-01 1.332363241315339397e-01 1.206186319059774220e-01 1.682160000000000044e-01
1.434160000000000157e-01 1.285200000000000231e-01 1.387840000000000185e-01 1.285199999999999954e-01 1.278749999999999887e-01 1.244800000000000073e-01 1.387840000000000185e-01 1.244800000000000073e-01 1.682160000000000044e-01
c: 
2.027000000000000135e+00
1.858999999999999986e+00
1.985000000000000098e+00
