CDF: 
2.399999999999999911e-01 2.500000000000000000e-01 3.300000000000000155e-01 1.000000000000000000e+00
1.400000000000000133e-01 2.800000000000000266e-01 6.199999999999999956e-01 1.000000000000000000e+00
1.300000000000000044e-01 4.199999999999999845e-01 5.799999999999999600e-01 1.000000000000000000e+00
sigma: 
1.875840000000000007e-01 4.617350656216019991e-03 6.436636886174212056e-03 4.617350656216019124e-03 1.440639999999999699e-01 4.071535328241054387e-03 6.436636886174211189e-03 4.071535328241055254e-03 1.634359999999999702e-01
1.875840000000000007e-01 1.067599682848425005e-02 1.321121900706251698e-02 1.067599682848424832e-02 1.440639999999999699e-01 1.208218987319096410e-02 1.321121900706251524e-02 1.208218987319096584e-02 1.634359999999999702e-01
1.875840000000000007e-01 1.500084793758865893e-02 1.795628347711255429e-02 1.500084793758865720e-02 1.440639999999999699e-01 1.631033527988554749e-02 1.795628347711255082e-02 1.631033527988555096e-02 1.634359999999999702e-01
1.875840000000000007e-01 2.000632012575373486e-02 2.249684595444488566e-02 2.000632012575373486e-02 1.440639999999999699e-01 2.478826451907684136e-02 2.249684595444488219e-02 2.478826451907684483e-02 1.634359999999999702e-01
1.875840000000000007e-01 2.812093330004453856e-02 3.102260340993694826e-02 2.812093330004453509e-02 1.440639999999999699e-01 3.120225796340145297e-02 3.102260340993694132e-02 3.120225796340145991e-02 1.634359999999999702e-01
1.875840000000000007e-01 3.429129690554727494e-02 3.565536337924402749e-02 3.429129690554726800e-02 1.440639999999999699e-01 3.831922770631732839e-02 3.565536337924401361e-02 3.831922770631733532e-02 1.634359999999999702e-01
1.875840000000000007e-01 4.265786826783038443e-02 4.204800324304702047e-02 4.265786826783037750e-02 1.440639999999999699e-01 5.101874283354881912e-02 4.204800324304701353e-02 5.101874283354883299e-02 1.634359999999999702e-01
1.875840000000000007e-01 5.153926503574188245e-02 4.915641029834738607e-02 5.153926503574188245e-02 1.440639999999999699e-01 5.407549146445275040e-02 4.915641029834737219e-02 5.407549146445275734e-02 1.634359999999999702e-01
1.875840000000000007e-01 5.305220905299608269e-02 5.550851005560425433e-02 5.305220905299607576e-02 1.440639999999999699e-01 6.436068598399553864e-02 5.550851005560424739e-02 6.436068598399555252e-02 1.634359999999999702e-01
1.875840000000000007e-01 6.463134155408430115e-02 6.637736816388488392e-02 6.463134155408428727e-02 1.440639999999999699e-01 7.484042692715550671e-02 6.637736816388487004e-02 7.484042692715552059e-02 1.634359999999999702e-01
1.875840000000000007e-01 6.574805436105825296e-02 7.216102111209361791e-02 6.574805436105825296e-02 1.440639999999999699e-01 7.716843605998281730e-02 7.216102111209360404e-02 7.716843605998283118e-02 1.634359999999999702e-01
1.875840000000000007e-01 7.250602319956517272e-02 7.825144339990235121e-02 7.250602319956517272e-02 1.440639999999999699e-01 8.832470647493900762e-02 7.825144339990233733e-02 8.832470647493902149e-02 1.634359999999999702e-01
1.875840000000000007e-01 8.089944749683186664e-02 8.652369395348000203e-02 8.089944749683185277e-02 1.440639999999999699e-01 9.618847632366066269e-02 8.652369395347998815e-02 9.618847632366067657e-02 1.634359999999999702e-01
1.875840000000000007e-01 9.022398641718785972e-02 8.933716968053991014e-02 9.022398641718785972e-02 1.440639999999999699e-01 1.055138918664211833e-01 8.933716968053988239e-02 1.055138918664212111e-01 1.634359999999999702e-01
1.875840000000000007e-01 9.724067618226203691e-02 9.844581772131839881e-02 9.724067618226203691e-02 1.440639999999999699e-01 1.075701934566562767e-01 9.844581772131837105e-02 1.075701934566562906e-01 1.634359999999999702e-01
1.875840000000000007e-01 9.852723079376853044e-02 1.012396725165604222e-01 9.852723079376851656e-02 1.440639999999999699e-01 1.205105388448445281e-01 1.012396725165603945e-01 1.205105388448445419e-01 1.634359999999999702e-01
1.875840000000000007e-01 1.050965817197638402e-01 1.121049675945701013e-01 1.050965817197638263e-01 1.440639999999999699e-01 1.279654348109813822e-01 1.121049675945700735e-01 1.279654348109814099e-01 1.634359999999999702e-01
1.875840000000000007e-01 1.117652748274426816e-01 1.141410108814466112e-01 1.117652748274426677e-01 1.440639999999999699e-01 1.294887324313435117e-01 1.141410108814465835e-01 1.294887324313435395e-01 1.634359999999999702e-01
1.875840000000000007e-01 1.226821596052049407e-01 1.232244626196962733e-01 1.226821596052049268e-01 1.440639999999999699e-01 1.408779807840168652e-01 1.232244626196962456e-01 1.408779807840168929e-01 1.634359999999999702e-01
1.875840000000000007e-01 1.238240000000000174e-01 1.272320000000000395e-01 1.238240000000000035e-01 1.440639999999999699e-01 1.435519999999999852e-01 1.272320000000000118e-01 1.435520000000000129e-01 1.634359999999999702e-01
c: 
1.586000000000000076e+00
1.931999999999999940e+00
2.801000000000000156e+00
