CDF: 
3.400000000000000244e-01 3.699999999999999956e-01 6.199999999999999956e-01 1.000000000000000000e+00
1.199999999999999956e-01 1.300000000000000044e-01 7.299999999999999822e-01 1.000000000000000000e+00
4.099999999999999756e-01 5.200000000000000178e-01 5.899999999999999689e-01 1.000000000000000000e+00
sigma: 
1.850040000000000018e-01 9.007469111791102569e-04 6.085900100298930609e-03 9.007469111791102569e-04 1.042559999999999876e-01 2.028023944554264990e-03 6.085900100298930609e-03 2.028023944554264123e-03 2.139999999999999680e-01
1.850040000000000018e-01 9.999960916864081631e-03 1.725557913108081293e-02 9.999960916864081631e-03 1.042559999999999876e-01 9.212155351724083535e-03 1.725557913108081293e-02 9.212155351724081800e-03 2.139999999999999680e-01
1.850040000000000018e-01 1.394381026427710286e-02 2.123506033996321735e-02 1.394381026427710286e-02 1.042559999999999876e-01 1.533759463299734851e-02 2.123506033996321735e-02 1.533759463299734505e-02 2.139999999999999680e-01
1.850040000000000018e-01 2.193751569036206731e-02 3.899288198826660751e-02 2.193751569036206731e-02 1.042559999999999876e-01 2.159415162252182122e-02 3.899288198826660751e-02 2.159415162252181775e-02 2.139999999999999680e-01
1.850040000000000018e-01 2.504297702131605755e-02 4.435316041746199811e-02 2.504297702131605755e-02 1.042559999999999876e-01 2.705950118126969339e-02 4.435316041746199811e-02 2.705950118126968645e-02 2.139999999999999680e-01
1.850040000000000018e-01 2.854103808723286451e-02 5.382862225093214964e-02 2.854103808723286451e-02 1.042559999999999876e-01 2.959918586247366895e-02 5.382862225093214964e-02 2.959918586247366201e-02 2.139999999999999680e-01
1.850040000000000018e-01 3.691379108360944017e-02 6.914254207969063037e-02 3.691379108360944017e-02 1.042559999999999876e-01 4.002794544133654597e-02 6.914254207969063037e-02 4.002794544133653210e-02 2.139999999999999680e-01
1.850040000000000018e-01 4.081853521279061453e-02 7.845380121895334513e-02 4.081853521279061453e-02 1.042559999999999876e-01 4.374295828563467409e-02 7.845380121895334513e-02 4.374295828563466715e-02 2.139999999999999680e-01
1.850040000000000018e-01 4.646450663651052054e-02 8.448908027645607444e-02 4.646450663651052054e-02 1.042559999999999876e-01 5.055383841168791664e-02 8.448908027645607444e-02 5.055383841168790277e-02 2.139999999999999680e-01
1.850040000000000018e-01 5.641270782542452678e-02 9.854393696583363393e-02 5.641270782542452678e-02 1.042559999999999876e-01 5.327625308387157199e-02 9.854393696583363393e-02 5.327625308387155811e-02 2.139999999999999680e-01
1.850040000000000018e-01 6.167953366926089143e-02 1.037784465474625717e-01 6.167953366926089143e-02 1.042559999999999876e-01 6.205264017002796312e-02 1.037784465474625717e-01 6.205264017002794924e-02 2.139999999999999680e-01
1.850040000000000018e-01 6.725648373177045558e-02 1.163377383252443414e-01 6.725648373177045558e-02 1.042559999999999876e-01 6.501121219965055875e-02 1.163377383252443414e-01 6.501121219965054487e-02 2.139999999999999680e-01
1.850040000000000018e-01 7.078720902326193776e-02 1.194809765494065090e-01 7.078720902326193776e-02 1.042559999999999876e-01 7.536941663112985135e-02 1.194809765494065090e-01 7.536941663112983747e-02 2.139999999999999680e-01
1.850040000000000018e-01 7.733739886502175032e-02 1.300799729916732317e-01 7.733739886502175032e-02 1.042559999999999876e-01 7.828024990141875528e-02 1.300799729916732317e-01 7.828024990141874140e-02 2.139999999999999680e-01
1.850040000000000018e-01 7.978504169146222180e-02 1.470649085688007229e-01 7.978504169146222180e-02 1.042559999999999876e-01 8.280892592873966007e-02 1.470649085688007229e-01 8.280892592873964619e-02 2.139999999999999680e-01
1.850040000000000018e-01 9.054006592998428693e-02 1.509253959239659493e-01 9.054006592998428693e-02 1.042559999999999876e-01 8.947747483571823202e-02 1.509253959239659493e-01 8.947747483571820426e-02 2.139999999999999680e-01
1.850040000000000018e-01 9.461590123383054052e-02 1.587551154631134942e-01 9.461590123383054052e-02 1.042559999999999876e-01 9.676430022067990244e-02 1.587551154631134942e-01 9.676430022067987469e-02 2.139999999999999680e-01
1.850040000000000018e-01 1.007981406197135110e-01 1.730853550978343203e-01 1.007981406197135110e-01 1.042559999999999876e-01 1.037613392347409430e-01 1.730853550978343203e-01 1.037613392347409152e-01 2.139999999999999680e-01
1.850040000000000018e-01 1.037527123452988559e-01 1.798181315342362030e-01 1.037527123452988559e-01 1.042559999999999876e-01 1.099459086346081388e-01 1.798181315342362030e-01 1.099459086346081110e-01 2.139999999999999680e-01
1.850040000000000018e-01 1.075679999999999970e-01 1.884399999999999964e-01 1.075679999999999970e-01 1.042559999999999876e-01 1.104800000000000226e-01 1.884399999999999964e-01 1.104799999999999949e-01 2.139999999999999680e-01
c: 
1.673000000000000043e+00
1.943999999999999950e+00
2.009999999999999787e+00
