CDF: 
2.200000000000000011e-01 2.999999999999999889e-01 7.800000000000000266e-01 1.000000000000000000e+00
5.200000000000000178e-01 7.500000000000000000e-01 8.199999999999999512e-01 1.000000000000000000e+00
3.400000000000000244e-01 7.099999999999999645e-01 7.299999999999999822e-01 1.000000000000000000e+00
sigma: 
1.168159999999999893e-01 3.317297220564000958e-03 5.477889831443091351e-04 3.317297220564000958e-03 1.358840000000000048e-01 4.887231140648088355e-03 5.477889831443091351e-04 4.887231140648088355e-03 1.640959999999999919e-01
1.168159999999999893e-01 9.679222353956703703e-03 1.068173601515834750e-02 9.679222353956703703e-03 1.358840000000000048e-01 9.035094195294950808e-03 1.068173601515834750e-02 9.035094195294950808e-03 1.640959999999999919e-01
1.168159999999999893e-01 1.459473989188843357e-02 1.842348493251052058e-02 1.459473989188843357e-02 1.358840000000000048e-01 1.704768860814699985e-02 1.842348493251052058e-02 1.704768860814699985e-02 1.640959999999999919e-01
1.168159999999999893e-01 2.280118162115216118e-02 2.290228719592497797e-02 2.280118162115216118e-02 1.358840000000000048e-01 2.353319286864392554e-02 2.290228719592497797e-02 2.353319286864392554e-02 1.640959999999999919e-01
1.168159999999999893e-01 2.503323985756275225e-02 3.004620614875805340e-02 2.503323985756275225e-02 1.358840000000000048e-01 3.082118706948141357e-02 3.004620614875805340e-02 3.082118706948141357e-02 1.640959999999999919e-01
1.168159999999999893e-01 2.963670145252994895e-02 3.451798585476268527e-02 2.963670145252994895e-02 1.358840000000000048e-01 3.603708919932342020e-02 3.451798585476268527e-02 3.603708919932342020e-02 1.640959999999999919e-01
1.168159999999999893e-01 3.577415120576737245e-02 4.384040116458843422e-02 3.577415120576737245e-02 1.358840000000000048e-01 4.626933589385091167e-02 4.384040116458843422e-02 4.626933589385091167e-02 1.640959999999999919e-01
1.168159999999999893e-01 4.407246330526751882e-02 5.026363126455330593e-02 4.407246330526751882e-02 1.358840000000000048e-01 5.259318858765225924e-02 5.026363126455330593e-02 5.259318858765225924e-02 1.640959999999999919e-01
1.168159999999999893e-01 4.720292255565020773e-02 5.491923840837558551e-02 4.720292255565020773e-02 1.358840000000000048e-01 6.117260099359564385e-02 5.491923840837558551e-02 6.117260099359564385e-02 1.640959999999999919e-01
1.168159999999999893e-01 5.647211830425882817e-02 5.830573519776228314e-02 5.647211830425882817e-02 1.358840000000000048e-01 6.916783537550921790e-02 5.830573519776228314e-02 6.916783537550921790e-02 1.640959999999999919e-01
1.168159999999999893e-01 5.976753962048624719e-02 6.587641714878546273e-02 5.976753962048624719e-02 1.358840000000000048e-01 7.331931310098023513e-02 6.587641714878546273e-02 7.331931310098023513e-02 1.640959999999999919e-01
1.168159999999999893e-01 6.828790731701850358e-02 7.378309596784339564e-02 6.828790731701850358e-02 1.358840000000000048e-01 7.646127708715949600e-02 7.378309596784339564e-02 7.646127708715949600e-02 1.640959999999999919e-01
1.168159999999999893e-01 7.496656108792530693e-02 7.898520852320935204e-02 7.496656108792530693e-02 1.358840000000000048e-01 8.932310972033781493e-02 7.898520852320935204e-02 8.932310972033781493e-02 1.640959999999999919e-01
1.168159999999999893e-01 7.817185696458589517e-02 8.483750333990780490e-02 7.817185696458589517e-02 1.358840000000000048e-01 9.074614777435420498e-02 8.483750333990780490e-02 9.074614777435420498e-02 1.640959999999999919e-01
1.168159999999999893e-01 8.332901906132716974e-02 9.340243755362998002e-02 8.332901906132716974e-02 1.358840000000000048e-01 1.021664035121596092e-01 9.340243755362998002e-02 1.021664035121596092e-01 1.640959999999999919e-01
1.168159999999999893e-01 8.985563623210159057e-02 9.672270873410457326e-02 8.985563623210159057e-02 1.358840000000000048e-01 1.100823643255463974e-01 9.672270873410457326e-02 1.100823643255463974e-01 1.640959999999999919e-01
1.168159999999999893e-01 9.672308155403834540e-02 1.037354076864966529e-01 9.672308155403834540e-02 1.358840000000000048e-01 1.135270183096466073e-01 1.037354076864966529e-01 1.135270183096466073e-01 1.640959999999999919e-01
1.168159999999999893e-01 1.012603886701974876e-01 1.155141337517204270e-01 1.012603886701974876e-01 1.358840000000000048e-01 1.187492434897001459e-01 1.155141337517204270e-01 1.187492434897001459e-01 1.640959999999999919e-01
1.168159999999999893e-01 1.099109366513693481e-01 1.164669986045953065e-01 1.099109366513693481e-01 1.358840000000000048e-01 1.287885814177374688e-01 1.164669986045953065e-01 1.287885814177374688e-01 1.640959999999999919e-01
1.168159999999999893e-01 1.104880000000000029e-01 1.221439999999999748e-01 1.104880000000000029e-01 1.358840000000000048e-01 1.317919999999999925e-01 1.221439999999999748e-01 1.317919999999999925e-01 1.640959999999999919e-01
c: 
2.859999999999999876e+00
1.814999999999999947e+00
2.504000000000000004e+00
