CDF: 
5.999999999999999778e-02 7.199999999999999734e-01 7.399999999999999911e-01 1.000000000000000000e+00
5.000000000000000278e-02 2.099999999999999922e-01 5.300000000000000266e-01 1.000000000000000000e+00
3.699999999999999956e-01 3.800000000000000044e-01 4.600000000000000200e-01 1.000000000000000000e+00
sigma: 
1.295999999999999930e-01 3.664971816785061402e-03 3.739460700242610756e-04 3.664971816785061835e-03 1.307000000000000106e-01 7.717437253914187154e-03 3.739460700242611298e-04 7.717437253914187154e-03 2.237240000000000062e-01
1.295999999999999930e-01 8.705042240503585438e-03 9.733952463301822830e-03 8.705042240503587173e-03 1.307000000000000106e-01 9.798119165625914992e-03 9.733952463301822830e-03 9.798119165625914992e-03 2.237240000000000062e-01
1.295999999999999930e-01 1.126923955590309473e-02 1.380090173191574933e-02 1.126923955590309646e-02 1.307000000000000106e-01 2.267894986629864773e-02 1.380090173191575106e-02 2.267894986629864773e-02 2.237240000000000062e-01
1.295999999999999930e-01 1.603377146045781645e-02 1.875024878450727572e-02 1.603377146045781992e-02 1.307000000000000106e-01 3.124674668104845607e-02 1.875024878450727919e-02 3.124674668104845607e-02 2.237240000000000062e-01
1.295999999999999930e-01 2.018295418695620000e-02 2.107731720584661225e-02 2.018295418695620347e-02 1.307000000000000106e-01 3.240684227551451219e-02 2.107731720584661572e-02 3.240684227551451219e-02 2.237240000000000062e-01
1.295999999999999930e-01 2.371481028964380483e-02 2.845399290976875079e-02 2.371481028964380830e-02 1.307000000000000106e-01 4.610979388965606718e-02 2.845399290976875425e-02 4.610979388965606718e-02 2.237240000000000062e-01
1.295999999999999930e-01 2.736041385994502501e-02 3.336124194492517958e-02 2.736041385994502848e-02 1.307000000000000106e-01 4.954077628104885250e-02 3.336124194492517958e-02 4.954077628104885250e-02 2.237240000000000062e-01
1.295999999999999930e-01 3.499001010902369480e-02 4.083384589158777639e-02 3.499001010902369480e-02 1.307000000000000106e-01 6.084459279928908920e-02 4.083384589158778333e-02 6.084459279928908920e-02 2.237240000000000062e-01
1.295999999999999930e-01 3.985309950334963575e-02 4.508500375495343160e-02 3.985309950334963575e-02 1.307000000000000106e-01 6.501617362341859108e-02 4.508500375495343854e-02 6.501617362341859108e-02 2.237240000000000062e-01
1.295999999999999930e-01 4.165637344345379106e-02 4.930854329200969749e-02 4.165637344345379800e-02 1.307000000000000106e-01 7.780907666029862613e-02 4.930854329200970443e-02 7.780907666029862613e-02 2.237240000000000062e-01
1.295999999999999930e-01 4.556437547607969374e-02 5.128666269956713014e-02 4.556437547607970068e-02 1.307000000000000106e-01 8.359398479934961046e-02 5.128666269956713708e-02 8.359398479934961046e-02 2.237240000000000062e-01
1.295999999999999930e-01 5.201971650886290377e-02 5.670772848904710034e-02 5.201971650886291071e-02 1.307000000000000106e-01 8.793590109887038098e-02 5.670772848904710728e-02 8.793590109887038098e-02 2.237240000000000062e-01
1.295999999999999930e-01 5.559428421455619995e-02 6.354264211351047520e-02 5.559428421455620689e-02 1.307000000000000106e-01 1.004769429647628526e-01 6.354264211351047520e-02 1.004769429647628526e-01 2.237240000000000062e-01
1.295999999999999930e-01 6.156817291624822053e-02 7.099939794103335422e-02 6.156817291624822747e-02 1.307000000000000106e-01 1.061396114163811050e-01 7.099939794103336810e-02 1.061396114163811050e-01 2.237240000000000062e-01
1.295999999999999930e-01 6.731911950111764409e-02 7.372747623790922022e-02 6.731911950111765797e-02 1.307000000000000106e-01 1.167386313308845791e-01 7.372747623790922022e-02 1.167386313308845791e-01 2.237240000000000062e-01
1.295999999999999930e-01 7.038997619818838924e-02 8.082067697969899656e-02 7.038997619818840312e-02 1.307000000000000106e-01 1.199518715527020246e-01 8.082067697969901043e-02 1.199518715527020246e-01 2.237240000000000062e-01
1.295999999999999930e-01 7.551921944921602403e-02 8.369286190274448367e-02 7.551921944921603791e-02 1.307000000000000106e-01 1.293386500193879629e-01 8.369286190274448367e-02 1.293386500193879629e-01 2.237240000000000062e-01
1.295999999999999930e-01 7.670185331017222163e-02 9.191046016333598301e-02 7.670185331017223551e-02 1.307000000000000106e-01 1.366808330551360084e-01 9.191046016333599689e-02 1.366808330551360084e-01 2.237240000000000062e-01
1.295999999999999930e-01 8.370998408863258855e-02 9.395446474212948429e-02 8.370998408863260243e-02 1.307000000000000106e-01 1.483262045856795219e-01 9.395446474212948429e-02 1.483262045856795219e-01 2.237240000000000062e-01
1.295999999999999930e-01 8.559999999999999554e-02 9.719999999999999474e-02 8.560000000000000941e-02 1.307000000000000106e-01 1.499800000000000022e-01 9.720000000000000862e-02 1.499800000000000022e-01 2.237240000000000062e-01
c: 
1.754000000000000004e+00
2.197999999999999954e+00
2.068000000000000060e+00
