CDF: 
2.399999999999999911e-01 6.800000000000000488e-01 7.500000000000000000e-01 1.000000000000000000e+00
2.600000000000000089e-01 5.899999999999999689e-01 7.099999999999999645e-01 1.000000000000000000e+00
1.600000000000000033e-01 7.399999999999999911e-01 7.700000000000000178e-01 1.000000000000000000e+00
sigma: 
1.448440000000000283e-01 5.427208894578815744e-03 2.516521468945110470e-03 5.427208894578816611e-03 1.591839999999999922e-01 5.513110653043952133e-04 2.516521468945110470e-03 5.513110653043952133e-04 1.298360000000000070e-01
1.448440000000000283e-01 8.256597623418028206e-03 7.390366132398304769e-03 8.256597623418028206e-03 1.591839999999999922e-01 1.276699460849749050e-02 7.390366132398304769e-03 1.276699460849749050e-02 1.298360000000000070e-01
1.448440000000000283e-01 2.099936868441333246e-02 1.477865033204511618e-02 2.099936868441333593e-02 1.591839999999999922e-01 1.617668483582943365e-02 1.477865033204511618e-02 1.617668483582943365e-02 1.298360000000000070e-01
1.448440000000000283e-01 2.424057264650232579e-02 2.269053677875393707e-02 2.424057264650232926e-02 1.591839999999999922e-01 2.227115834559997842e-02 2.269053677875393707e-02 2.227115834559997842e-02 1.298360000000000070e-01
1.448440000000000283e-01 3.718949156645762200e-02 2.817372622580330624e-02 3.718949156645762893e-02 1.591839999999999922e-01 3.229147978569048283e-02 2.817372622580330624e-02 3.229147978569048283e-02 1.298360000000000070e-01
1.448440000000000283e-01 4.354257346548404822e-02 4.053521729162802567e-02 4.354257346548405516e-02 1.591839999999999922e-01 3.443008583745429257e-02 4.053521729162802567e-02 3.443008583745429257e-02 1.298360000000000070e-01
1.448440000000000283e-01 5.201231468464199981e-02 4.776361822352955672e-02 5.201231468464201368e-02 1.591839999999999922e-01 4.251889626607948530e-02 4.776361822352955672e-02 4.251889626607948530e-02 1.298360000000000070e-01
1.448440000000000283e-01 5.289033246861270937e-02 4.877092263885356854e-02 5.289033246861272325e-02 1.591839999999999922e-01 5.049614641882253091e-02 4.877092263885356854e-02 5.049614641882253091e-02 1.298360000000000070e-01
1.448440000000000283e-01 6.719368881377095482e-02 5.901756626770654490e-02 6.719368881377096869e-02 1.591839999999999922e-01 5.925800282483188047e-02 5.901756626770654490e-02 5.925800282483188047e-02 1.298360000000000070e-01
1.448440000000000283e-01 7.348882142892122771e-02 6.317025596606630489e-02 7.348882142892124159e-02 1.591839999999999922e-01 6.478602348443786296e-02 6.317025596606630489e-02 6.478602348443786296e-02 1.298360000000000070e-01
1.448440000000000283e-01 8.252709247231068690e-02 7.062236193372262161e-02 8.252709247231070078e-02 1.591839999999999922e-01 7.050993813367285867e-02 7.062236193372262161e-02 7.050993813367285867e-02 1.298360000000000070e-01
1.448440000000000283e-01 9.013882488688781947e-02 7.681968734613048300e-02 9.013882488688783334e-02 1.591839999999999922e-01 7.493756929043114690e-02 7.681968734613048300e-02 7.493756929043114690e-02 1.298360000000000070e-01
1.448440000000000283e-01 9.338627744103479567e-02 8.858763606183100991e-02 9.338627744103482342e-02 1.591839999999999922e-01 8.521566443636419130e-02 8.858763606183100991e-02 8.521566443636419130e-02 1.298360000000000070e-01
1.448440000000000283e-01 1.007191020600196052e-01 9.304960318517124795e-02 1.007191020600196329e-01 1.591839999999999922e-01 8.638843820992835043e-02 9.304960318517124795e-02 8.638843820992835043e-02 1.298360000000000070e-01
1.448440000000000283e-01 1.062737686739692600e-01 1.002549759642607091e-01 1.062737686739692877e-01 1.591839999999999922e-01 9.437050422101220248e-02 1.002549759642607091e-01 9.437050422101220248e-02 1.298360000000000070e-01
1.448440000000000283e-01 1.195116746003667407e-01 1.059094678944530049e-01 1.195116746003667546e-01 1.591839999999999922e-01 1.001580887050161212e-01 1.059094678944530049e-01 1.001580887050161212e-01 1.298360000000000070e-01
1.448440000000000283e-01 1.246384874579322261e-01 1.153664126296283787e-01 1.246384874579322538e-01 1.591839999999999922e-01 1.110122632712004093e-01 1.153664126296283787e-01 1.110122632712004093e-01 1.298360000000000070e-01
1.448440000000000283e-01 1.355283303485585733e-01 1.209662105970036317e-01 1.355283303485586011e-01 1.591839999999999922e-01 1.156738093076169621e-01 1.209662105970036317e-01 1.156738093076169621e-01 1.298360000000000070e-01
1.448440000000000283e-01 1.411382981478563614e-01 1.256206090953640164e-01 1.411382981478563892e-01 1.591839999999999922e-01 1.216760037118153059e-01 1.256206090953640164e-01 1.216760037118153059e-01 1.298360000000000070e-01
1.448440000000000283e-01 1.433359999999999912e-01 1.309720000000000051e-01 1.433360000000000190e-01 1.591839999999999922e-01 1.261680000000000024e-01 1.309720000000000051e-01 1.261680000000000024e-01 1.298360000000000070e-01
c: 
2.250000000000000000e+00
2.508999999999999897e+00
1.731999999999999984e+00
