CDF: 
1.799999999999999933e-01 6.500000000000000222e-01 8.199999999999999512e-01 1.000000000000000000e+00
1.900000000000000022e-01 2.500000000000000000e-01 8.299999999999999600e-01 1.000000000000000000e+00
2.700000000000000178e-01 5.600000000000000533e-01 7.800000000000000266e-01 1.000000000000000000e+00
sigma: 
1.227159999999999918e-01 4.296303695981391023e-03 4.715260797920149856e-03 4.296303695981391023e-03 1.003000000000000141e-01 9.294689508402576841e-04 4.715260797920149856e-03 9.294689508402574673e-04 1.434749999999999914e-01
1.227159999999999918e-01 7.634318739999996356e-03 1.009423775053644272e-02 7.634318739999996356e-03 1.003000000000000141e-01 6.792338119255604718e-03 1.009423775053644272e-02 6.792338119255602984e-03 1.434749999999999914e-01
1.227159999999999918e-01 1.222464073934949151e-02 1.749024045781523082e-02 1.222464073934949151e-02 1.003000000000000141e-01 1.601345599226998775e-02 1.749024045781523082e-02 1.601345599226998428e-02 1.434749999999999914e-01
1.227159999999999918e-01 1.937663981127111038e-02 2.145540607327325530e-02 1.937663981127111038e-02 1.003000000000000141e-01 1.970712531899233497e-02 2.145540607327325530e-02 1.970712531899233150e-02 1.434749999999999914e-01
1.227159999999999918e-01 2.218118022332982858e-02 2.878976416882115738e-02 2.218118022332982858e-02 1.003000000000000141e-01 2.361422088426611346e-02 2.878976416882115738e-02 2.361422088426610999e-02 1.434749999999999914e-01
1.227159999999999918e-01 2.799708949561076701e-02 3.351096649444347542e-02 2.799708949561076701e-02 1.003000000000000141e-01 3.082124476569275337e-02 3.351096649444347542e-02 3.082124476569274990e-02 1.434749999999999914e-01
1.227159999999999918e-01 3.481811311568422385e-02 4.262172095665940630e-02 3.481811311568422385e-02 1.003000000000000141e-01 3.636976601884893412e-02 4.262172095665940630e-02 3.636976601884892718e-02 1.434749999999999914e-01
1.227159999999999918e-01 3.993237677615156522e-02 4.602193258893855221e-02 3.993237677615156522e-02 1.003000000000000141e-01 3.854234801343212058e-02 4.602193258893855221e-02 3.854234801343212058e-02 1.434749999999999914e-01
1.227159999999999918e-01 4.817246508608565014e-02 5.701735382512001377e-02 4.817246508608565014e-02 1.003000000000000141e-01 4.776693675957038171e-02 5.701735382512001377e-02 4.776693675957037477e-02 1.434749999999999914e-01
1.227159999999999918e-01 5.195787175842439543e-02 6.124567409009170488e-02 5.195787175842439543e-02 1.003000000000000141e-01 5.416563397735763008e-02 6.124567409009170488e-02 5.416563397735762314e-02 1.434749999999999914e-01
1.227159999999999918e-01 5.819651456638824660e-02 6.868563235183422488e-02 5.819651456638824660e-02 1.003000000000000141e-01 5.609857164219984177e-02 6.868563235183422488e-02 5.609857164219983483e-02 1.434749999999999914e-01
1.227159999999999918e-01 6.462478529165142926e-02 7.606051292867790914e-02 6.462478529165142926e-02 1.003000000000000141e-01 5.992854739254527968e-02 7.606051292867790914e-02 5.992854739254526580e-02 1.434749999999999914e-01
1.227159999999999918e-01 6.965766166472335541e-02 7.923946028992868984e-02 6.965766166472335541e-02 1.003000000000000141e-01 6.842192628622616180e-02 7.923946028992868984e-02 6.842192628622614792e-02 1.434749999999999914e-01
1.227159999999999918e-01 7.220773735666213833e-02 8.529122929168744816e-02 7.220773735666213833e-02 1.003000000000000141e-01 7.553497558352280372e-02 8.529122929168744816e-02 7.553497558352278984e-02 1.434749999999999914e-01
1.227159999999999918e-01 7.698336706549842312e-02 9.584616938469422975e-02 7.698336706549842312e-02 1.003000000000000141e-01 7.783274853885104039e-02 9.584616938469422975e-02 7.783274853885102651e-02 1.434749999999999914e-01
1.227159999999999918e-01 8.244476299571426581e-02 1.017447431918075545e-01 8.244476299571426581e-02 1.003000000000000141e-01 8.208667196656893594e-02 1.017447431918075545e-01 8.208667196656892207e-02 1.434749999999999914e-01
1.227159999999999918e-01 9.205420872024598633e-02 1.072319400314334509e-01 9.205420872024598633e-02 1.003000000000000141e-01 8.871302630615761353e-02 1.072319400314334509e-01 8.871302630615759965e-02 1.434749999999999914e-01
1.227159999999999918e-01 9.494791204205776936e-02 1.099911080405765740e-01 9.494791204205776936e-02 1.003000000000000141e-01 9.773366390623201838e-02 1.099911080405765740e-01 9.773366390623200450e-02 1.434749999999999914e-01
1.227159999999999918e-01 9.894794536939076346e-02 1.216728689583696371e-01 9.894794536939076346e-02 1.003000000000000141e-01 9.995848607447285761e-02 1.216728689583696371e-01 9.995848607447284373e-02 1.434749999999999914e-01
1.227159999999999918e-01 1.035999999999999976e-01 1.217300000000000049e-01 1.035999999999999976e-01 1.003000000000000141e-01 1.032500000000000084e-01 1.217300000000000049e-01 1.032499999999999946e-01 1.434749999999999914e-01
c: 
2.278999999999999915e+00
1.991999999999999993e+00
1.110000000000000098e+00
