CDF: 
2.000000000000000111e-01 4.899999999999999911e-01 7.299999999999999822e-01 1.000000000000000000e+00
1.900000000000000022e-01 3.200000000000000067e-01 7.800000000000000266e-01 1.000000000000000000e+00
2.200000000000000011e-01 2.399999999999999911e-01 3.400000000000000244e-01 1.000000000000000000e+00
sigma: 
1.402240000000000153e-01 5.321822878640834927e-03 5.051710966270903623e-03 5.321822878640834059e-03 1.139000000000000012e-01 5.291816563090128746e-04 5.051710966270902756e-03 5.291816563090128746e-04 1.811839999999999840e-01
1.402240000000000153e-01 8.189429921213384894e-03 6.757385847880597630e-03 8.189429921213383159e-03 1.139000000000000012e-01 7.662757352811000108e-03 6.757385847880596763e-03 7.662757352811000108e-03 1.811839999999999840e-01
1.402240000000000153e-01 1.694205999943398933e-02 1.508491288634399193e-02 1.694205999943398586e-02 1.139000000000000012e-01 1.201857630665032796e-02 1.508491288634398846e-02 1.201857630665032796e-02 1.811839999999999840e-01
1.402240000000000153e-01 2.189737593276893865e-02 1.964610443705274226e-02 2.189737593276893518e-02 1.139000000000000012e-01 2.013454751833843037e-02 1.964610443705273879e-02 2.013454751833843037e-02 1.811839999999999840e-01
1.402240000000000153e-01 2.662670160198383693e-02 2.434941404202692686e-02 2.662670160198383346e-02 1.139000000000000012e-01 2.369323145621773929e-02 2.434941404202692339e-02 2.369323145621773929e-02 1.811839999999999840e-01
1.402240000000000153e-01 3.290365180641892373e-02 3.046702071672654014e-02 3.290365180641891679e-02 1.139000000000000012e-01 2.855144131774766877e-02 3.046702071672653667e-02 2.855144131774766877e-02 1.811839999999999840e-01
1.402240000000000153e-01 3.644513043475370445e-02 3.710850110033179355e-02 3.644513043475369751e-02 1.139000000000000012e-01 3.343527767012011848e-02 3.710850110033179355e-02 3.343527767012011848e-02 1.811839999999999840e-01
1.402240000000000153e-01 4.538159792977638357e-02 4.201757431441079799e-02 4.538159792977637663e-02 1.139000000000000012e-01 3.923834718025331902e-02 4.201757431441079105e-02 3.923834718025331902e-02 1.811839999999999840e-01
1.402240000000000153e-01 5.158263670479701357e-02 4.986853541845086280e-02 5.158263670479700663e-02 1.139000000000000012e-01 4.872172207685650930e-02 4.986853541845085586e-02 4.872172207685650930e-02 1.811839999999999840e-01
1.402240000000000153e-01 5.462605422104277464e-02 5.045583120046815556e-02 5.462605422104276770e-02 1.139000000000000012e-01 5.401105339413618533e-02 5.045583120046814862e-02 5.401105339413618533e-02 1.811839999999999840e-01
1.402240000000000153e-01 6.486924054813948681e-02 5.769553571804105635e-02 6.486924054813947293e-02 1.139000000000000012e-01 5.923416108042724865e-02 5.769553571804104941e-02 5.923416108042724865e-02 1.811839999999999840e-01
1.402240000000000153e-01 7.149207178479988212e-02 6.538215851797157807e-02 7.149207178479988212e-02 1.139000000000000012e-01 6.348394617681997476e-02 6.538215851797157807e-02 6.348394617681997476e-02 1.811839999999999840e-01
1.402240000000000153e-01 7.790266293607038539e-02 7.150733685414474572e-02 7.790266293607038539e-02 1.139000000000000012e-01 7.078203490029720546e-02 7.150733685414473184e-02 7.078203490029720546e-02 1.811839999999999840e-01
1.402240000000000153e-01 8.172781795745577560e-02 7.323994833142234706e-02 8.172781795745576172e-02 1.139000000000000012e-01 7.205372343716200112e-02 7.323994833142234706e-02 7.205372343716200112e-02 1.811839999999999840e-01
1.402240000000000153e-01 8.987216657337263048e-02 7.979275547482593545e-02 8.987216657337261660e-02 1.139000000000000012e-01 8.097651010346328115e-02 7.979275547482592157e-02 8.097651010346328115e-02 1.811839999999999840e-01
1.402240000000000153e-01 9.128148602034556747e-02 8.604179218308667665e-02 9.128148602034555359e-02 1.139000000000000012e-01 8.378112354197386757e-02 8.604179218308667665e-02 8.378112354197386757e-02 1.811839999999999840e-01
1.402240000000000153e-01 1.009037276069781330e-01 9.054816447456606743e-02 1.009037276069781192e-01 1.139000000000000012e-01 9.092384816740639586e-02 9.054816447456605355e-02 9.092384816740639586e-02 1.811839999999999840e-01
1.402240000000000153e-01 1.032290222387467898e-01 9.785624958556903008e-02 1.032290222387467760e-01 1.139000000000000012e-01 9.333508868562498395e-02 9.785624958556901620e-02 9.333508868562498395e-02 1.811839999999999840e-01
1.402240000000000153e-01 1.133751590267433607e-01 1.032724905957744521e-01 1.133751590267433607e-01 1.139000000000000012e-01 1.036440247975905643e-01 1.032724905957744382e-01 1.036440247975905643e-01 1.811839999999999840e-01
1.402240000000000153e-01 1.144800000000000123e-01 1.063039999999999957e-01 1.144799999999999984e-01 1.139000000000000012e-01 1.036800000000000221e-01 1.063039999999999818e-01 1.036800000000000221e-01 1.811839999999999840e-01
c: 
2.600999999999999979e+00
2.517999999999999794e+00
2.204000000000000181e+00
