CDF: 
1.900000000000000022e-01 3.599999999999999867e-01 4.899999999999999911e-01 1.000000000000000000e+00
2.099999999999999922e-01 4.099999999999999756e-01 5.999999999999999778e-01 1.000000000000000000e+00
3.900000000000000133e-01 5.100000000000000089e-01 6.099999999999999867e-01 1.000000000000000000e+00
sigma: 
2.030440000000000578e-01 5.546518604516170910e-03 3.787027138780237404e-03 5.546518604516170042e-03 1.915710000000000190e-01 3.856152301005654707e-03 3.787027138780237404e-03 3.856152301005655141e-03 2.135760000000000158e-01
2.030440000000000578e-01 1.221797350883914619e-02 1.532714743204328066e-02 1.221797350883914446e-02 1.915710000000000190e-01 1.626604349136429040e-02 1.532714743204328066e-02 1.626604349136429387e-02 2.135760000000000158e-01
2.030440000000000578e-01 2.446489021611642986e-02 2.518156849340278877e-02 2.446489021611642639e-02 1.915710000000000190e-01 2.086808649554524123e-02 2.518156849340278877e-02 2.086808649554524470e-02 2.135760000000000158e-01
2.030440000000000578e-01 3.579321169766148947e-02 3.343953403870462276e-02 3.579321169766148253e-02 1.915710000000000190e-01 3.927860743434559432e-02 3.343953403870462276e-02 3.927860743434560126e-02 2.135760000000000158e-01
2.030440000000000578e-01 3.676412414043565141e-02 4.341785410577369414e-02 3.676412414043564447e-02 1.915710000000000190e-01 4.959152329268346621e-02 4.341785410577369414e-02 4.959152329268347315e-02 2.135760000000000158e-01
2.030440000000000578e-01 4.658256373253020360e-02 5.411960889136279568e-02 4.658256373253019667e-02 1.915710000000000190e-01 5.541543554201099758e-02 5.411960889136279568e-02 5.541543554201100452e-02 2.135760000000000158e-01
2.030440000000000578e-01 6.283656931840161941e-02 6.413613491614120199e-02 6.283656931840161941e-02 1.915710000000000190e-01 6.503493319969409769e-02 6.413613491614120199e-02 6.503493319969409769e-02 2.135760000000000158e-01
2.030440000000000578e-01 7.287393731758619320e-02 7.032584294704945227e-02 7.287393731758619320e-02 1.915710000000000190e-01 7.322022207305224628e-02 7.032584294704945227e-02 7.322022207305226016e-02 2.135760000000000158e-01
2.030440000000000578e-01 7.346726162268607530e-02 7.887937498239834533e-02 7.346726162268606142e-02 1.915710000000000190e-01 8.682399260666082141e-02 7.887937498239834533e-02 8.682399260666083529e-02 2.135760000000000158e-01
2.030440000000000578e-01 8.336236101693109135e-02 9.210988514148724104e-02 8.336236101693107747e-02 1.915710000000000190e-01 1.026618790495298084e-01 9.210988514148724104e-02 1.026618790495298222e-01 2.135760000000000158e-01
2.030440000000000578e-01 9.789081856312770169e-02 9.959099629144656241e-02 9.789081856312768781e-02 1.915710000000000190e-01 1.080364971926315865e-01 9.959099629144656241e-02 1.080364971926316003e-01 2.135760000000000158e-01
2.030440000000000578e-01 1.011047423745428386e-01 1.109919405233916467e-01 1.011047423745428248e-01 1.915710000000000190e-01 1.170826235110513092e-01 1.109919405233916467e-01 1.170826235110513230e-01 2.135760000000000158e-01
2.030440000000000578e-01 1.107161743364661471e-01 1.150460377751573171e-01 1.107161743364661333e-01 1.915710000000000190e-01 1.286553250373650426e-01 1.150460377751573171e-01 1.286553250373650426e-01 2.135760000000000158e-01
2.030440000000000578e-01 1.246264534254243744e-01 1.260158626113229430e-01 1.246264534254243606e-01 1.915710000000000190e-01 1.414579236854374145e-01 1.260158626113229430e-01 1.414579236854374422e-01 2.135760000000000158e-01
2.030440000000000578e-01 1.329324425681346067e-01 1.411816805179624545e-01 1.329324425681345789e-01 1.915710000000000190e-01 1.492428581658460651e-01 1.411816805179624545e-01 1.492428581658460929e-01 2.135760000000000158e-01
2.030440000000000578e-01 1.380276530647509547e-01 1.425940324181800278e-01 1.380276530647509270e-01 1.915710000000000190e-01 1.630595348549919721e-01 1.425940324181800278e-01 1.630595348549919998e-01 2.135760000000000158e-01
2.030440000000000578e-01 1.505293130403181912e-01 1.569179422523526157e-01 1.505293130403181634e-01 1.915710000000000190e-01 1.675721300668474578e-01 1.569179422523526157e-01 1.675721300668474856e-01 2.135760000000000158e-01
2.030440000000000578e-01 1.551684842461229230e-01 1.677181256554016453e-01 1.551684842461229230e-01 1.915710000000000190e-01 1.786736400561047822e-01 1.677181256554016453e-01 1.786736400561048099e-01 2.135760000000000158e-01
2.030440000000000578e-01 1.667645259824885318e-01 1.773263104612314012e-01 1.667645259824885040e-01 1.915710000000000190e-01 1.921529084793418551e-01 1.773263104612314012e-01 1.921529084793418829e-01 2.135760000000000158e-01
2.030440000000000578e-01 1.732180000000000386e-01 1.804880000000000373e-01 1.732180000000000109e-01 1.915710000000000190e-01 1.982359999999999955e-01 1.804880000000000373e-01 1.982360000000000233e-01 2.135760000000000158e-01
c: 
1.764000000000000012e+00
2.584999999999999964e+00
1.159999999999999920e+00
