CDF: 
2.899999999999999800e-01 3.499999999999999778e-01 7.299999999999999822e-01 1.000000000000000000e+00
1.499999999999999944e-01 2.600000000000000089e-01 3.900000000000000133e-01 1.000000000000000000e+00
1.199999999999999956e-01 2.200000000000000011e-01 5.100000000000000089e-01 1.000000000000000000e+00
sigma: 
1.527000000000000024e-01 5.624074805921013692e-03 6.465967138919527339e-03 5.624074805921013692e-03 1.872000000000000053e-01 1.166205692687142907e-03 6.465967138919526472e-03 1.166205692687142907e-03 1.725309999999999899e-01
1.527000000000000024e-01 8.054587789635452716e-03 9.374521493508069722e-03 8.054587789635450981e-03 1.872000000000000053e-01 1.260789710702371440e-02 9.374521493508069722e-03 1.260789710702371440e-02 1.725309999999999899e-01
1.527000000000000024e-01 1.786601747500784348e-02 1.605467817167431990e-02 1.786601747500784002e-02 1.872000000000000053e-01 1.934025048103085384e-02 1.605467817167431990e-02 1.934025048103085384e-02 1.725309999999999899e-01
1.527000000000000024e-01 2.045092593891019092e-02 2.282120512212141433e-02 2.045092593891018745e-02 1.872000000000000053e-01 2.619954330695966824e-02 2.282120512212141433e-02 2.619954330695966824e-02 1.725309999999999899e-01
1.527000000000000024e-01 2.883856348290448138e-02 2.711814893326646228e-02 2.883856348290447791e-02 1.872000000000000053e-01 3.695217001745509239e-02 2.711814893326645881e-02 3.695217001745509239e-02 1.725309999999999899e-01
1.527000000000000024e-01 3.753240651860167282e-02 3.592472160485290361e-02 3.753240651860167282e-02 1.872000000000000053e-01 4.476689438568606100e-02 3.592472160485289667e-02 4.476689438568606100e-02 1.725309999999999899e-01
1.527000000000000024e-01 4.146766943457978055e-02 3.963719776117059779e-02 4.146766943457978055e-02 1.872000000000000053e-01 5.578909396000537174e-02 3.963719776117059779e-02 5.578909396000537174e-02 1.725309999999999899e-01
1.527000000000000024e-01 4.594124780984619461e-02 5.085704480546496958e-02 4.594124780984619461e-02 1.872000000000000053e-01 5.727602894581458604e-02 5.085704480546496264e-02 5.727602894581458604e-02 1.725309999999999899e-01
1.527000000000000024e-01 5.592922401232222618e-02 5.556136361420609127e-02 5.592922401232221924e-02 1.872000000000000053e-01 6.754615419042844793e-02 5.556136361420608433e-02 6.754615419042844793e-02 1.725309999999999899e-01
1.527000000000000024e-01 5.801973678203558443e-02 6.294039294603483159e-02 5.801973678203557749e-02 1.872000000000000053e-01 7.877648662098823973e-02 6.294039294603481771e-02 7.877648662098823973e-02 1.725309999999999899e-01
1.527000000000000024e-01 6.648459860622321638e-02 6.942761237598925328e-02 6.648459860622320250e-02 1.872000000000000053e-01 8.335566213223156995e-02 6.942761237598925328e-02 8.335566213223156995e-02 1.725309999999999899e-01
1.527000000000000024e-01 7.355357038556889493e-02 7.428497672589678968e-02 7.355357038556888105e-02 1.872000000000000053e-01 9.223196572522351921e-02 7.428497672589677581e-02 9.223196572522351921e-02 1.725309999999999899e-01
1.527000000000000024e-01 7.662527868693713717e-02 7.856501226003123617e-02 7.662527868693712330e-02 1.872000000000000053e-01 1.017809165993215081e-01 7.856501226003122229e-02 1.017809165993215081e-01 1.725309999999999899e-01
1.527000000000000024e-01 8.436643519351866294e-02 8.743118856809901918e-02 8.436643519351864906e-02 1.872000000000000053e-01 1.053491517079237078e-01 8.743118856809900530e-02 1.053491517079237078e-01 1.725309999999999899e-01
1.527000000000000024e-01 8.886730195184146253e-02 9.719615515892367219e-02 8.886730195184146253e-02 1.872000000000000053e-01 1.138362995725335919e-01 9.719615515892367219e-02 1.138362995725335919e-01 1.725309999999999899e-01
1.527000000000000024e-01 9.722499662699035650e-02 9.813690041021516652e-02 9.722499662699034262e-02 1.872000000000000053e-01 1.253903956187971680e-01 9.813690041021515265e-02 1.253903956187971680e-01 1.725309999999999899e-01
1.527000000000000024e-01 1.049309569764396155e-01 1.090611797436731867e-01 1.049309569764396016e-01 1.872000000000000053e-01 1.346112037490231061e-01 1.090611797436731728e-01 1.346112037490231061e-01 1.725309999999999899e-01
1.527000000000000024e-01 1.080992761420142556e-01 1.115189141953295271e-01 1.080992761420142556e-01 1.872000000000000053e-01 1.423060220359070593e-01 1.115189141953295132e-01 1.423060220359070593e-01 1.725309999999999899e-01
1.527000000000000024e-01 1.159817062004956517e-01 1.208241900421007792e-01 1.159817062004956378e-01 1.872000000000000053e-01 1.510717713270193219e-01 1.208241900421007653e-01 1.510717713270193219e-01 1.725309999999999899e-01
1.527000000000000024e-01 1.200000000000000094e-01 1.232700000000000046e-01 1.199999999999999956e-01 1.872000000000000053e-01 1.521800000000000375e-01 1.232699999999999907e-01 1.521800000000000375e-01 1.725309999999999899e-01
c: 
2.125000000000000000e+00
2.896999999999999797e+00
2.811999999999999833e+00
