CDF: 
2.600000000000000089e-01 4.699999999999999734e-01 7.600000000000000089e-01 1.000000000000000000e+00
1.199999999999999956e-01 1.700000000000000122e-01 3.300000000000000155e-01 1.000000000000000000e+00
3.699999999999999956e-01 5.600000000000000533e-01 7.399999999999999911e-01 1.000000000000000000e+00
sigma: 
1.470960000000000045e-01 4.791765254593976023e-03 7.553649506092585328e-03 4.791765254593976023e-03 1.621710000000000096e-01 4.929266023366687998e-04 7.553649506092585328e-03 4.929266023366686914e-04 1.672109999999999985e-01
1.470960000000000045e-01 5.413265991159255802e-03 1.203949283837524482e-02 5.413265991159255802e-03 1.621710000000000096e-01 8.932413156850076488e-03 1.203949283837524482e-02 8.932413156850076488e-03 1.672109999999999985e-01
1.470960000000000045e-01 1.308400562560981667e-02 2.107326209668392361e-02 1.308400562560981667e-02 1.621710000000000096e-01 1.404314990976416114e-02 2.107326209668392361e-02 1.404314990976415940e-02 1.672109999999999985e-01
1.470960000000000045e-01 1.728559237861674799e-02 2.960271563795506891e-02 1.728559237861674799e-02 1.621710000000000096e-01 1.593697704974061588e-02 2.960271563795506891e-02 1.593697704974061241e-02 1.672109999999999985e-01
1.470960000000000045e-01 2.048642633495804943e-02 3.767492282586332869e-02 2.048642633495804943e-02 1.621710000000000096e-01 2.100969783169592126e-02 3.767492282586332869e-02 2.100969783169591779e-02 1.672109999999999985e-01
1.470960000000000045e-01 2.574671353100601787e-02 4.285695059936724116e-02 2.574671353100601787e-02 1.621710000000000096e-01 2.829069847805161173e-02 4.285695059936724116e-02 2.829069847805160826e-02 1.672109999999999985e-01
1.470960000000000045e-01 2.964370128375700547e-02 5.210099468981582715e-02 2.964370128375700547e-02 1.621710000000000096e-01 3.013553959273884003e-02 5.210099468981582715e-02 3.013553959273883656e-02 1.672109999999999985e-01
1.470960000000000045e-01 3.831554436954200810e-02 5.907691074798046560e-02 3.831554436954200810e-02 1.621710000000000096e-01 3.410525207282247978e-02 5.907691074798046560e-02 3.410525207282247284e-02 1.672109999999999985e-01
1.470960000000000045e-01 3.857086602063889563e-02 6.330555147922642401e-02 3.857086602063889563e-02 1.621710000000000096e-01 4.177769922657850743e-02 6.330555147922642401e-02 4.177769922657850049e-02 1.672109999999999985e-01
1.470960000000000045e-01 4.640509286680507411e-02 7.482785078718617866e-02 4.640509286680507411e-02 1.621710000000000096e-01 4.636740803307419501e-02 7.482785078718617866e-02 4.636740803307418807e-02 1.672109999999999985e-01
1.470960000000000045e-01 4.982698194110708051e-02 8.072448273418052211e-02 4.982698194110708051e-02 1.621710000000000096e-01 5.010341622795361216e-02 8.072448273418052211e-02 5.010341622795360522e-02 1.672109999999999985e-01
1.470960000000000045e-01 5.363452546557548328e-02 9.080757161275271327e-02 5.363452546557548328e-02 1.621710000000000096e-01 5.604869645484118063e-02 9.080757161275271327e-02 5.604869645484116675e-02 1.672109999999999985e-01
1.470960000000000045e-01 6.146844686416282760e-02 9.510879964574259215e-02 6.146844686416282760e-02 1.621710000000000096e-01 6.293865651061304745e-02 9.510879964574259215e-02 6.293865651061304745e-02 1.672109999999999985e-01
1.470960000000000045e-01 6.712383771227974083e-02 1.061998424894371879e-01 6.712383771227974083e-02 1.621710000000000096e-01 6.592560545009690243e-02 1.061998424894371879e-01 6.592560545009688855e-02 1.672109999999999985e-01
1.470960000000000045e-01 7.138472204865453641e-02 1.170487148070731842e-01 7.138472204865453641e-02 1.621710000000000096e-01 7.068796102152491434e-02 1.170487148070731842e-01 7.068796102152490046e-02 1.672109999999999985e-01
1.470960000000000045e-01 7.546495975019053282e-02 1.208716178301958155e-01 7.546495975019053282e-02 1.621710000000000096e-01 7.337262150895855484e-02 1.208716178301958155e-01 7.337262150895855484e-02 1.672109999999999985e-01
1.470960000000000045e-01 8.095831958811267048e-02 1.339535688553639692e-01 8.095831958811267048e-02 1.621710000000000096e-01 8.151587034571021462e-02 1.339535688553639692e-01 8.151587034571020074e-02 1.672109999999999985e-01
1.470960000000000045e-01 8.379884178521802840e-02 1.410527109236267840e-01 8.379884178521802840e-02 1.621710000000000096e-01 8.583941053866867010e-02 1.410527109236267840e-01 8.583941053866865623e-02 1.672109999999999985e-01
1.470960000000000045e-01 9.077552085937382054e-02 1.430949555716832244e-01 9.077552085937382054e-02 1.621710000000000096e-01 8.944512610369614869e-02 1.430949555716832244e-01 8.944512610369613481e-02 1.672109999999999985e-01
1.470960000000000045e-01 9.149599999999999400e-02 1.500160000000000105e-01 9.149599999999999400e-02 1.621710000000000096e-01 9.224100000000000354e-02 1.500160000000000105e-01 9.224099999999998967e-02 1.672109999999999985e-01
c: 
1.187000000000000055e+00
1.088999999999999968e+00
2.567000000000000171e+00
