CDF: 
2.999999999999999889e-01 3.699999999999999956e-01 8.100000000000000533e-01 1.000000000000000000e+00
2.700000000000000178e-01 5.400000000000000355e-01 6.099999999999999867e-01 1.000000000000000000e+00
3.300000000000000155e-01 5.799999999999999600e-01 6.800000000000000488e-01 1.000000000000000000e+00
sigma: 
1.220590000000000286e-01 6.080325070200296236e-03 9.414858435621005321e-04 6.080325070200296236e-03 2.071560000000000068e-01 2.289106635923884251e-03 9.414858435621004237e-04 2.289106635923884251e-03 1.908750000000000169e-01
1.220590000000000286e-01 8.103172776507473404e-03 1.062397446406323706e-02 8.103172776507473404e-03 2.071560000000000068e-01 1.893125067143796442e-02 1.062397446406323533e-02 1.893125067143796442e-02 1.908750000000000169e-01
1.220590000000000286e-01 1.656462712302579632e-02 1.724743512176301133e-02 1.656462712302579632e-02 2.071560000000000068e-01 2.165909010176280888e-02 1.724743512176301133e-02 2.165909010176280888e-02 1.908750000000000169e-01
1.220590000000000286e-01 2.090740012842930845e-02 2.203243874051164647e-02 2.090740012842930845e-02 2.071560000000000068e-01 2.957005322600088013e-02 2.203243874051164300e-02 2.957005322600088013e-02 1.908750000000000169e-01
1.220590000000000286e-01 2.971175458007541126e-02 2.647833464751065194e-02 2.971175458007541126e-02 2.071560000000000068e-01 4.444758480566482484e-02 2.647833464751064847e-02 4.444758480566482484e-02 1.908750000000000169e-01
1.220590000000000286e-01 3.268551550301217190e-02 3.355691379787931194e-02 3.268551550301217190e-02 2.071560000000000068e-01 5.637925354354257623e-02 3.355691379787930501e-02 5.637925354354257623e-02 1.908750000000000169e-01
1.220590000000000286e-01 4.268030209715807655e-02 4.294753464359605394e-02 4.268030209715807655e-02 2.071560000000000068e-01 6.575697635953292597e-02 4.294753464359604700e-02 6.575697635953292597e-02 1.908750000000000169e-01
1.220590000000000286e-01 4.855238221379927499e-02 4.647071172999127364e-02 4.855238221379927499e-02 2.071560000000000068e-01 7.092364280919496999e-02 4.647071172999126670e-02 7.092364280919496999e-02 1.908750000000000169e-01
1.220590000000000286e-01 5.032934181327016615e-02 5.636599072255436133e-02 5.032934181327016615e-02 2.071560000000000068e-01 7.802089871116101027e-02 5.636599072255435439e-02 7.802089871116101027e-02 1.908750000000000169e-01
1.220590000000000286e-01 5.915077637292463081e-02 6.101662623050964351e-02 5.915077637292463081e-02 2.071560000000000068e-01 9.135709813362093146e-02 6.101662623050963657e-02 9.135709813362093146e-02 1.908750000000000169e-01
1.220590000000000286e-01 6.358291053613256139e-02 6.850023316528762451e-02 6.358291053613256139e-02 2.071560000000000068e-01 9.956569862676173388e-02 6.850023316528762451e-02 9.956569862676173388e-02 1.908750000000000169e-01
1.220590000000000286e-01 7.451048995228322369e-02 7.209048677826475349e-02 7.451048995228322369e-02 2.071560000000000068e-01 1.135016894284292255e-01 7.209048677826473961e-02 1.135016894284292255e-01 1.908750000000000169e-01
1.220590000000000286e-01 7.627613623610096649e-02 7.844329131812363687e-02 7.627613623610096649e-02 2.071560000000000068e-01 1.180782544856673888e-01 7.844329131812362299e-02 1.180782544856673888e-01 1.908750000000000169e-01
1.220590000000000286e-01 8.273905372609881292e-02 8.421003092030186765e-02 8.273905372609881292e-02 2.071560000000000068e-01 1.301820757263058015e-01 8.421003092030185377e-02 1.301820757263058015e-01 1.908750000000000169e-01
1.220590000000000286e-01 8.764029177207784127e-02 9.107808697972546996e-02 8.764029177207784127e-02 2.071560000000000068e-01 1.404751944813416586e-01 9.107808697972545608e-02 1.404751944813416586e-01 1.908750000000000169e-01
1.220590000000000286e-01 9.844368386201712839e-02 9.894639933604652826e-02 9.844368386201712839e-02 2.071560000000000068e-01 1.492104516760433819e-01 9.894639933604651438e-02 1.492104516760433819e-01 1.908750000000000169e-01
1.220590000000000286e-01 1.025559714414690238e-01 1.027662591243963669e-01 1.025559714414690238e-01 2.071560000000000068e-01 1.572277095440262895e-01 1.027662591243963669e-01 1.572277095440262895e-01 1.908750000000000169e-01
1.220590000000000286e-01 1.111200386338003221e-01 1.089295972700475290e-01 1.111200386338003221e-01 2.071560000000000068e-01 1.687182434852566304e-01 1.089295972700475151e-01 1.687182434852566304e-01 1.908750000000000169e-01
1.220590000000000286e-01 1.140277283371589484e-01 1.208201244032339472e-01 1.140277283371589484e-01 2.071560000000000068e-01 1.826143188387883698e-01 1.208201244032339333e-01 1.826143188387883698e-01 1.908750000000000169e-01
1.220590000000000286e-01 1.179980000000000057e-01 1.213250000000000162e-01 1.179980000000000057e-01 2.071560000000000068e-01 1.827500000000000235e-01 1.213250000000000023e-01 1.827500000000000235e-01 1.908750000000000169e-01
c: 
2.077999999999999847e+00
1.399999999999999911e+00
2.971999999999999975e+00
