CDF: 
1.000000000000000056e-01 3.300000000000000155e-01 5.200000000000000178e-01 1.000000000000000000e+00
5.999999999999999778e-02 3.800000000000000044e-01 5.400000000000000355e-01 1.000000000000000000e+00
2.000000000000000111e-01 3.099999999999999978e-01 6.999999999999999556e-01 1.000000000000000000e+00
sigma: 
1.858000000000000207e-01 1.683090409843856269e-03 9.013519786678504241e-04 1.683090409843856269e-03 1.859999999999999987e-01 6.049249893097681345e-03 9.013519786678504241e-04 6.049249893097681345e-03 1.530159999999999854e-01
1.858000000000000207e-01 9.760173483168136169e-03 1.212168089588747631e-02 9.760173483168136169e-03 1.859999999999999987e-01 7.421793381103017513e-03 1.212168089588747631e-02 7.421793381103017513e-03 1.530159999999999854e-01
1.858000000000000207e-01 2.459551077943378239e-02 1.729161200574453466e-02 2.459551077943378239e-02 1.859999999999999987e-01 1.901090262165000197e-02 1.729161200574453466e-02 1.901090262165000197e-02 1.530159999999999854e-01
1.858000000000000207e-01 2.857946378457424177e-02 2.440573804136619840e-02 2.857946378457424177e-02 1.859999999999999987e-01 2.330324882534936387e-02 2.440573804136619840e-02 2.330324882534936387e-02 1.530159999999999854e-01
1.858000000000000207e-01 3.959122090637494373e-02 2.944749233462603047e-02 3.959122090637494373e-02 1.859999999999999987e-01 3.504894121588185418e-02 2.944749233462603047e-02 3.504894121588185418e-02 1.530159999999999854e-01
1.858000000000000207e-01 5.111094369954683608e-02 4.020948748866597783e-02 5.111094369954683608e-02 1.859999999999999987e-01 4.045054924674527236e-02 4.020948748866597783e-02 4.045054924674527236e-02 1.530159999999999854e-01
1.858000000000000207e-01 6.626425574154061471e-02 4.612095304796695605e-02 6.626425574154061471e-02 1.859999999999999987e-01 4.659220811979462168e-02 4.612095304796695605e-02 4.659220811979462168e-02 1.530159999999999854e-01
1.858000000000000207e-01 7.082077219263369083e-02 5.056211170138437405e-02 7.082077219263369083e-02 1.859999999999999987e-01 5.105526198421131423e-02 5.056211170138437405e-02 5.105526198421131423e-02 1.530159999999999854e-01
1.858000000000000207e-01 7.788870945292417081e-02 6.074679962792500776e-02 7.788870945292417081e-02 1.859999999999999987e-01 5.997361960382302515e-02 6.074679962792500776e-02 5.997361960382302515e-02 1.530159999999999854e-01
1.858000000000000207e-01 9.136468627884948568e-02 6.473373122942636948e-02 9.136468627884948568e-02 1.859999999999999987e-01 6.668317910800285186e-02 6.473373122942636948e-02 6.668317910800285186e-02 1.530159999999999854e-01
1.858000000000000207e-01 1.007210169889596468e-01 7.079014633696337211e-02 1.007210169889596468e-01 1.859999999999999987e-01 7.178760125784203194e-02 7.079014633696337211e-02 7.178760125784203194e-02 1.530159999999999854e-01
1.858000000000000207e-01 1.118245387654161482e-01 8.178890926954898721e-02 1.118245387654161482e-01 1.859999999999999987e-01 8.126812856521846429e-02 8.178890926954898721e-02 8.126812856521846429e-02 1.530159999999999854e-01
1.858000000000000207e-01 1.179753680747324396e-01 8.699996241766737304e-02 1.179753680747324396e-01 1.859999999999999987e-01 8.774637083607225718e-02 8.699996241766737304e-02 8.774637083607225718e-02 1.530159999999999854e-01
1.858000000000000207e-01 1.322909926831612182e-01 9.434113119953047022e-02 1.322909926831612182e-01 1.859999999999999987e-01 9.290429553912717131e-02 9.434113119953047022e-02 9.290429553912717131e-02 1.530159999999999854e-01
1.858000000000000207e-01 1.411815799356786472e-01 1.000224878961709640e-01 1.411815799356786472e-01 1.859999999999999987e-01 1.032661145162524358e-01 1.000224878961709640e-01 1.032661145162524358e-01 1.530159999999999854e-01
1.858000000000000207e-01 1.429540855288082835e-01 1.117678070940878593e-01 1.429540855288082835e-01 1.859999999999999987e-01 1.084833462776292612e-01 1.117678070940878593e-01 1.084833462776292612e-01 1.530159999999999854e-01
1.858000000000000207e-01 1.591390081704232573e-01 1.166997609054098439e-01 1.591390081704232573e-01 1.859999999999999987e-01 1.188547263081958238e-01 1.166997609054098439e-01 1.188547263081958238e-01 1.530159999999999854e-01
1.858000000000000207e-01 1.667809717509323442e-01 1.214017685793786078e-01 1.667809717509323442e-01 1.859999999999999987e-01 1.270526699938846482e-01 1.214017685793786078e-01 1.270526699938846482e-01 1.530159999999999854e-01
1.858000000000000207e-01 1.750638223365931223e-01 1.328011732089348362e-01 1.750638223365931223e-01 1.859999999999999987e-01 1.314294080296233846e-01 1.328011732089348362e-01 1.314294080296233846e-01 1.530159999999999854e-01
1.858000000000000207e-01 1.799999999999999933e-01 1.331200000000000161e-01 1.799999999999999933e-01 1.859999999999999987e-01 1.344799999999999884e-01 1.331200000000000161e-01 1.344799999999999884e-01 1.530159999999999854e-01
c: 
1.264000000000000012e+00
1.181999999999999940e+00
1.354000000000000092e+00
