CDF: 
1.400000000000000133e-01 3.800000000000000044e-01 5.300000000000000266e-01 1.000000000000000000e+00
2.899999999999999800e-01 6.500000000000000222e-01 6.899999999999999467e-01 1.000000000000000000e+00
1.700000000000000122e-01 3.599999999999999867e-01 4.400000000000000022e-01 1.000000000000000000e+00
sigma: 
1.953790000000000249e-01 5.845580471784289113e-03 3.669837300145462750e-03 5.845580471784289980e-03 1.890359999999999818e-01 3.918841657030634924e-03 3.669837300145462750e-03 3.918841657030634924e-03 2.054909999999999792e-01
1.953790000000000249e-01 1.014240524560270154e-02 1.513426362963099341e-02 1.014240524560270501e-02 1.890359999999999818e-01 9.618549055426377573e-03 1.513426362963099341e-02 9.618549055426377573e-03 2.054909999999999792e-01
1.953790000000000249e-01 2.166030651132485468e-02 2.028591593771832471e-02 2.166030651132485815e-02 1.890359999999999818e-01 1.867055058916629665e-02 2.028591593771832471e-02 1.867055058916629665e-02 2.054909999999999792e-01
1.953790000000000249e-01 2.371780376457623477e-02 3.026704823901182895e-02 2.371780376457623823e-02 1.890359999999999818e-01 2.118305354898552748e-02 3.026704823901182895e-02 2.118305354898552748e-02 2.054909999999999792e-01
1.953790000000000249e-01 3.716989687711155788e-02 4.579800280407085589e-02 3.716989687711156481e-02 1.890359999999999818e-01 3.023664448252699755e-02 4.579800280407085589e-02 3.023664448252699755e-02 2.054909999999999792e-01
1.953790000000000249e-01 4.229812233363514778e-02 5.597520173558191009e-02 4.229812233363515472e-02 1.890359999999999818e-01 3.833034131875460993e-02 5.597520173558191009e-02 3.833034131875460993e-02 2.054909999999999792e-01
1.953790000000000249e-01 4.950708080537651046e-02 6.436598460772166574e-02 4.950708080537652434e-02 1.890359999999999818e-01 4.557333781346407930e-02 6.436598460772166574e-02 4.557333781346407930e-02 2.054909999999999792e-01
1.953790000000000249e-01 5.580749625082166709e-02 7.003797973693696999e-02 5.580749625082167403e-02 1.890359999999999818e-01 5.233271540607176142e-02 7.003797973693696999e-02 5.233271540607176142e-02 2.054909999999999792e-01
1.953790000000000249e-01 6.430838841856502397e-02 8.519292768907095470e-02 6.430838841856502397e-02 1.890359999999999818e-01 5.873554680947236373e-02 8.519292768907095470e-02 5.873554680947236373e-02 2.054909999999999792e-01
1.953790000000000249e-01 7.603420700047278102e-02 8.675121742192593022e-02 7.603420700047279490e-02 1.890359999999999818e-01 6.410042754392501763e-02 8.675121742192593022e-02 6.410042754392501763e-02 2.054909999999999792e-01
1.953790000000000249e-01 8.420780878900512023e-02 1.025529640578011353e-01 8.420780878900513411e-02 1.890359999999999818e-01 7.081867309725435600e-02 1.025529640578011353e-01 7.081867309725435600e-02 2.054909999999999792e-01
1.953790000000000249e-01 8.803386756749122244e-02 1.125329572328431921e-01 8.803386756749123632e-02 1.890359999999999818e-01 7.842176935530237314e-02 1.125329572328431921e-01 7.842176935530237314e-02 2.054909999999999792e-01
1.953790000000000249e-01 9.845403668178144552e-02 1.182497252280211714e-01 9.845403668178147327e-02 1.890359999999999818e-01 8.403636204532448362e-02 1.182497252280211714e-01 8.403636204532448362e-02 2.054909999999999792e-01
1.953790000000000249e-01 1.077501401188821761e-01 1.245595508631700682e-01 1.077501401188822039e-01 1.890359999999999818e-01 9.594932564847599710e-02 1.245595508631700682e-01 9.594932564847599710e-02 2.054909999999999792e-01
1.953790000000000249e-01 1.125855532018344984e-01 1.383332076608019268e-01 1.125855532018345262e-01 1.890359999999999818e-01 9.707986294935815053e-02 1.383332076608019268e-01 9.707986294935815053e-02 2.054909999999999792e-01
1.953790000000000249e-01 1.173433489703385318e-01 1.428242989252879735e-01 1.173433489703385596e-01 1.890359999999999818e-01 1.092807213077799378e-01 1.428242989252879735e-01 1.092807213077799378e-01 2.054909999999999792e-01
1.953790000000000249e-01 1.245600557799531743e-01 1.559057328983298740e-01 1.245600557799532021e-01 1.890359999999999818e-01 1.147602010560743874e-01 1.559057328983298740e-01 1.147602010560743874e-01 2.054909999999999792e-01
1.953790000000000249e-01 1.354027546874858878e-01 1.652131369823081342e-01 1.354027546874859156e-01 1.890359999999999818e-01 1.172571371784323357e-01 1.652131369823081342e-01 1.172571371784323357e-01 2.054909999999999792e-01
1.953790000000000249e-01 1.403909090781863545e-01 1.775507419690569300e-01 1.403909090781863822e-01 1.890359999999999818e-01 1.248696153828855876e-01 1.775507419690569300e-01 1.248696153828855876e-01 2.054909999999999792e-01
1.953790000000000249e-01 1.464379999999999848e-01 1.798830000000000151e-01 1.464380000000000126e-01 1.890359999999999818e-01 1.302260000000000084e-01 1.798830000000000151e-01 1.302260000000000084e-01 2.054909999999999792e-01
c: 
2.842000000000000082e+00
1.054999999999999938e+00
1.802999999999999936e+00
