CDF: 
2.700000000000000178e-01 2.999999999999999889e-01 5.699999999999999512e-01 1.000000000000000000e+00
2.200000000000000011e-01 7.099999999999999645e-01 7.199999999999999734e-01 1.000000000000000000e+00
5.500000000000000444e-01 6.600000000000000311e-01 6.700000000000000400e-01 1.000000000000000000e+00
sigma: 
1.904039999999999899e-01 2.341776959424141970e-03 2.729709849523628828e-03 2.341776959424141536e-03 1.755759999999999821e-01 8.923313203882050557e-03 2.729709849523628828e-03 8.923313203882050557e-03 2.136639999999999928e-01
1.904039999999999899e-01 9.420996988290698468e-03 1.572772744750313562e-02 9.420996988290696733e-03 1.755759999999999821e-01 1.703237022893472688e-02 1.572772744750313562e-02 1.703237022893472688e-02 2.136639999999999928e-01
1.904039999999999899e-01 1.542787735146538414e-02 2.500000516648603552e-02 1.542787735146538067e-02 1.755759999999999821e-01 2.437983602879538469e-02 2.500000516648603552e-02 2.437983602879538469e-02 2.136639999999999928e-01
1.904039999999999899e-01 2.609739901659821962e-02 3.035820054003005031e-02 2.609739901659821615e-02 1.755759999999999821e-01 2.937855223497489940e-02 3.035820054003005031e-02 2.937855223497489940e-02 2.136639999999999928e-01
1.904039999999999899e-01 3.196300577749535549e-02 3.929661246317101009e-02 3.196300577749534855e-02 1.755759999999999821e-01 4.268126163231834858e-02 3.929661246317101009e-02 4.268126163231834858e-02 2.136639999999999928e-01
1.904039999999999899e-01 4.177578828742620903e-02 4.958498422384221421e-02 4.177578828742620209e-02 1.755759999999999821e-01 5.259700150657319051e-02 4.958498422384221421e-02 5.259700150657319051e-02 2.136639999999999928e-01
1.904039999999999899e-01 4.535013404559039979e-02 5.546757882307873366e-02 4.535013404559038591e-02 1.755759999999999821e-01 6.229623556309018401e-02 5.546757882307873366e-02 6.229623556309018401e-02 2.136639999999999928e-01
1.904039999999999899e-01 5.039223615344567281e-02 6.677663323573022891e-02 5.039223615344565893e-02 1.755759999999999821e-01 6.725546618453558112e-02 6.677663323573022891e-02 6.725546618453558112e-02 2.136639999999999928e-01
1.904039999999999899e-01 5.753953266482373513e-02 7.614574932592467482e-02 5.753953266482372125e-02 1.755759999999999821e-01 8.154886745544068227e-02 7.614574932592467482e-02 8.154886745544068227e-02 2.136639999999999928e-01
1.904039999999999899e-01 6.910502408404289865e-02 8.366781200214053194e-02 6.910502408404288477e-02 1.755759999999999821e-01 8.423794337582339586e-02 8.366781200214053194e-02 8.423794337582339586e-02 2.136639999999999928e-01
1.904039999999999899e-01 7.185954937038777079e-02 9.096422861931223458e-02 7.185954937038775692e-02 1.755759999999999821e-01 9.745030014503859583e-02 9.096422861931223458e-02 9.745030014503859583e-02 2.136639999999999928e-01
1.904039999999999899e-01 7.970497949854393749e-02 9.890589371160175836e-02 7.970497949854392361e-02 1.755759999999999821e-01 1.032707704453692116e-01 9.890589371160175836e-02 1.032707704453692116e-01 2.136639999999999928e-01
1.904039999999999899e-01 8.975273724795918007e-02 1.062320236611237201e-01 8.975273724795916619e-02 1.755759999999999821e-01 1.107694611180960603e-01 1.062320236611237201e-01 1.107694611180960603e-01 2.136639999999999928e-01
1.904039999999999899e-01 9.262466661129031831e-02 1.170686100904342192e-01 9.262466661129029055e-02 1.755759999999999821e-01 1.197377225245647991e-01 1.170686100904342192e-01 1.197377225245647991e-01 2.136639999999999928e-01
1.904039999999999899e-01 1.023738320353859144e-01 1.290882474205647668e-01 1.023738320353858866e-01 1.755759999999999821e-01 1.332661651570822281e-01 1.290882474205647668e-01 1.332661651570822281e-01 2.136639999999999928e-01
1.904039999999999899e-01 1.098626607772851954e-01 1.321413730355365523e-01 1.098626607772851815e-01 1.755759999999999821e-01 1.428249962619547453e-01 1.321413730355365523e-01 1.428249962619547453e-01 2.136639999999999928e-01
1.904039999999999899e-01 1.191652246562506512e-01 1.405519738043724265e-01 1.191652246562506373e-01 1.755759999999999821e-01 1.536183645601290892e-01 1.405519738043724265e-01 1.536183645601290892e-01 2.136639999999999928e-01
1.904039999999999899e-01 1.223233035329444884e-01 1.491689059835978881e-01 1.223233035329444607e-01 1.755759999999999821e-01 1.637781762796705343e-01 1.491689059835978881e-01 1.637781762796705343e-01 2.136639999999999928e-01
1.904039999999999899e-01 1.306245326523050865e-01 1.604275626179584024e-01 1.306245326523050587e-01 1.755759999999999821e-01 1.681425694553319028e-01 1.604275626179584024e-01 1.681425694553319028e-01 2.136639999999999928e-01
1.904039999999999899e-01 1.347520000000000107e-01 1.657839999999999869e-01 1.347519999999999829e-01 1.755759999999999821e-01 1.741919999999999857e-01 1.657839999999999869e-01 1.741919999999999857e-01 2.136639999999999928e-01
c: 
1.423000000000000043e+00
2.456999999999999851e+00
1.012000000000000011e+00
