CDF: 
4.600000000000000200e-01 6.600000000000000311e-01 7.199999999999999734e-01 1.000000000000000000e+00
1.900000000000000022e-01 3.699999999999999956e-01 8.399999999999999689e-01 1.000000000000000000e+00
2.099999999999999922e-01 2.999999999999999889e-01 6.400000000000000133e-01 1.000000000000000000e+00
sigma: 
1.862759999999999694e-01 2.321479195573978443e-03 4.257269253071133651e-03 2.321479195573978877e-03 1.023390000000000133e-01 2.602961500489796732e-03 4.257269253071133651e-03 2.602961500489796732e-03 1.696590000000000042e-01
1.862759999999999694e-01 7.611120079930632290e-03 1.428398698929409481e-02 7.611120079930634025e-03 1.023390000000000133e-01 5.855070776767234281e-03 1.428398698929409481e-02 5.855070776767234281e-03 1.696590000000000042e-01
1.862759999999999694e-01 1.292231013038730968e-02 2.115431110692740993e-02 1.292231013038731315e-02 1.023390000000000133e-01 1.527694757169597434e-02 2.115431110692740993e-02 1.527694757169597434e-02 1.696590000000000042e-01
1.862759999999999694e-01 1.678401747198094568e-02 2.797629502769657939e-02 1.678401747198094915e-02 1.023390000000000133e-01 2.032609365394137668e-02 2.797629502769657939e-02 2.032609365394137668e-02 1.696590000000000042e-01
1.862759999999999694e-01 2.587878576868284097e-02 3.831770182771702254e-02 2.587878576868284444e-02 1.023390000000000133e-01 2.260319658495037534e-02 3.831770182771702254e-02 2.260319658495037534e-02 1.696590000000000042e-01
1.862759999999999694e-01 2.802172142918184575e-02 4.820543402656122384e-02 2.802172142918185269e-02 1.023390000000000133e-01 2.921470711132935494e-02 4.820543402656122384e-02 2.921470711132935494e-02 1.696590000000000042e-01
1.862759999999999694e-01 3.571366932615539780e-02 4.965079779970036494e-02 3.571366932615540474e-02 1.023390000000000133e-01 3.322766398226111029e-02 4.965079779970036494e-02 3.322766398226111029e-02 1.696590000000000042e-01
1.862759999999999694e-01 4.218328894258130402e-02 5.778552902619048942e-02 4.218328894258131789e-02 1.023390000000000133e-01 3.786420316393460800e-02 5.778552902619048942e-02 3.786420316393460800e-02 1.696590000000000042e-01
1.862759999999999694e-01 4.962562150767012986e-02 7.071776392783842013e-02 4.962562150767014374e-02 1.023390000000000133e-01 4.541836326417078573e-02 7.071776392783842013e-02 4.541836326417078573e-02 1.696590000000000042e-01
1.862759999999999694e-01 5.536934462109674437e-02 7.801031659048832112e-02 5.536934462109675825e-02 1.023390000000000133e-01 5.081827059435238547e-02 7.801031659048832112e-02 5.081827059435238547e-02 1.696590000000000042e-01
1.862759999999999694e-01 5.895648606776459494e-02 8.301477467462500814e-02 5.895648606776460882e-02 1.023390000000000133e-01 5.370695261153539402e-02 8.301477467462500814e-02 5.370695261153539402e-02 1.696590000000000042e-01
1.862759999999999694e-01 6.340520187874107427e-02 9.755820253243085993e-02 6.340520187874108815e-02 1.023390000000000133e-01 6.091557568460327643e-02 9.755820253243085993e-02 6.091557568460327643e-02 1.696590000000000042e-01
1.862759999999999694e-01 6.825843355117695854e-02 1.052711508799425433e-01 6.825843355117697242e-02 1.023390000000000133e-01 6.333954387233992067e-02 1.052711508799425433e-01 6.333954387233992067e-02 1.696590000000000042e-01
1.862759999999999694e-01 7.301433082372930927e-02 1.094621133505522259e-01 7.301433082372933703e-02 1.023390000000000133e-01 6.774511349153984618e-02 1.094621133505522259e-01 6.774511349153984618e-02 1.696590000000000042e-01
1.862759999999999694e-01 8.362959442996764636e-02 1.185284245978518169e-01 8.362959442996767412e-02 1.023390000000000133e-01 7.491399398102774332e-02 1.185284245978518169e-01 7.491399398102774332e-02 1.696590000000000042e-01
1.862759999999999694e-01 8.665785986657605078e-02 1.299847130780234783e-01 8.665785986657607853e-02 1.023390000000000133e-01 7.681833070356949844e-02 1.299847130780234783e-01 7.681833070356949844e-02 1.696590000000000042e-01
1.862759999999999694e-01 8.959126802455266714e-02 1.337419759384463613e-01 8.959126802455269489e-02 1.023390000000000133e-01 8.483495266187222883e-02 1.337419759384463613e-01 8.483495266187222883e-02 1.696590000000000042e-01
1.862759999999999694e-01 9.681876789787151327e-02 1.413615938223461987e-01 9.681876789787154103e-02 1.023390000000000133e-01 8.774881131808541512e-02 1.413615938223461987e-01 8.774881131808541512e-02 1.696590000000000042e-01
1.862759999999999694e-01 1.021248162394606251e-01 1.547887584245700165e-01 1.021248162394606529e-01 1.023390000000000133e-01 9.421881808862009322e-02 1.547887584245700165e-01 9.421881808862009322e-02 1.696590000000000042e-01
1.862759999999999694e-01 1.059579999999999966e-01 1.556219999999999826e-01 1.059580000000000244e-01 1.023390000000000133e-01 9.705099999999999838e-02 1.556219999999999826e-01 9.705099999999999838e-02 1.696590000000000042e-01
c: 
2.692000000000000171e+00
1.042000000000000037e+00
2.149000000000000021e+00
