CDF: 
2.800000000000000266e-01 5.200000000000000178e-01 7.700000000000000178e-01 1.000000000000000000e+00
2.999999999999999889e-01 7.099999999999999645e-01 8.399999999999999689e-01 1.000000000000000000e+00
2.399999999999999911e-01 3.699999999999999956e-01 7.199999999999999734e-01 1.000000000000000000e+00
sigma: 
1.466590000000000393e-01 2.365274733800951806e-04 6.624563724622517351e-03 2.365274733800951535e-04 1.182000000000000134e-01 4.116883231062903187e-03 6.624563724622517351e-03 4.116883231062904054e-03 1.543960000000000055e-01
1.466590000000000393e-01 9.496812241791939210e-03 1.229351971547933652e-02 9.496812241791937476e-03 1.182000000000000134e-01 1.097722665483183251e-02 1.229351971547933652e-02 1.097722665483183424e-02 1.543960000000000055e-01
1.466590000000000393e-01 1.420619799536993952e-02 1.519112480104210273e-02 1.420619799536993778e-02 1.182000000000000134e-01 1.483489666561507540e-02 1.519112480104210273e-02 1.483489666561507714e-02 1.543960000000000055e-01
1.466590000000000393e-01 2.325198139298342154e-02 2.707927875557857716e-02 2.325198139298341807e-02 1.182000000000000134e-01 2.185875453639025967e-02 2.707927875557857716e-02 2.185875453639026314e-02 1.543960000000000055e-01
1.466590000000000393e-01 2.633787076214675824e-02 3.106656203924869353e-02 2.633787076214675477e-02 1.182000000000000134e-01 2.953390222346081659e-02 3.106656203924869353e-02 2.953390222346082006e-02 1.543960000000000055e-01
1.466590000000000393e-01 3.373466749972676287e-02 3.943765216530644574e-02 3.373466749972675593e-02 1.182000000000000134e-01 3.430034720059043502e-02 3.943765216530644574e-02 3.430034720059044195e-02 1.543960000000000055e-01
1.466590000000000393e-01 3.860697535146743326e-02 4.485194407916300724e-02 3.860697535146742632e-02 1.182000000000000134e-01 3.760983447132638241e-02 4.485194407916300724e-02 3.760983447132638935e-02 1.543960000000000055e-01
1.466590000000000393e-01 4.278073265896461391e-02 5.395898751668568027e-02 4.278073265896460697e-02 1.182000000000000134e-01 4.554363181636270769e-02 5.395898751668568027e-02 4.554363181636270769e-02 1.543960000000000055e-01
1.466590000000000393e-01 5.031820663527571819e-02 5.848696607894809940e-02 5.031820663527571125e-02 1.182000000000000134e-01 5.284647331994709457e-02 5.848696607894809940e-02 5.284647331994710151e-02 1.543960000000000055e-01
1.466590000000000393e-01 6.037213926382981044e-02 6.624049677143944992e-02 6.037213926382980350e-02 1.182000000000000134e-01 5.771874409905788234e-02 6.624049677143944992e-02 5.771874409905788927e-02 1.543960000000000055e-01
1.466590000000000393e-01 6.663315436100471223e-02 7.420134328670316415e-02 6.663315436100471223e-02 1.182000000000000134e-01 6.378969200135513329e-02 7.420134328670316415e-02 6.378969200135513329e-02 1.543960000000000055e-01
1.466590000000000393e-01 7.069855329872801186e-02 8.257726101900027260e-02 7.069855329872801186e-02 1.182000000000000134e-01 6.504236834318903593e-02 8.257726101900027260e-02 6.504236834318904981e-02 1.543960000000000055e-01
1.466590000000000393e-01 7.860151862756405150e-02 9.139806980648892965e-02 7.860151862756403762e-02 1.182000000000000134e-01 7.658228810051546931e-02 9.139806980648892965e-02 7.658228810051548319e-02 1.543960000000000055e-01
1.466590000000000393e-01 7.910162446307715534e-02 9.953732670174680885e-02 7.910162446307714146e-02 1.182000000000000134e-01 7.862446458696732698e-02 9.953732670174680885e-02 7.862446458696734086e-02 1.543960000000000055e-01
1.466590000000000393e-01 8.522921629484968287e-02 1.081404461806283190e-01 8.522921629484968287e-02 1.182000000000000134e-01 8.314862174709009013e-02 1.081404461806283190e-01 8.314862174709010401e-02 1.543960000000000055e-01
1.466590000000000393e-01 9.707671887530003318e-02 1.093885231443308542e-01 9.707671887530003318e-02 1.182000000000000134e-01 9.251171482719967865e-02 1.093885231443308542e-01 9.251171482719967865e-02 1.543960000000000055e-01
1.466590000000000393e-01 1.030025618198967680e-01 1.183481420374072612e-01 1.030025618198967541e-01 1.182000000000000134e-01 1.001835314736066324e-01 1.183481420374072612e-01 1.001835314736066462e-01 1.543960000000000055e-01
1.466590000000000393e-01 1.060203354899245526e-01 1.252840288438116234e-01 1.060203354899245387e-01 1.182000000000000134e-01 1.036955806246850909e-01 1.252840288438116234e-01 1.036955806246851047e-01 1.543960000000000055e-01
1.466590000000000393e-01 1.100425609461866405e-01 1.305716459385065364e-01 1.100425609461866266e-01 1.182000000000000134e-01 1.076551183404899081e-01 1.305716459385065364e-01 1.076551183404899220e-01 1.543960000000000055e-01
1.466590000000000393e-01 1.153400000000000258e-01 1.374580000000000246e-01 1.153400000000000120e-01 1.182000000000000134e-01 1.122800000000000048e-01 1.374580000000000246e-01 1.122800000000000187e-01 1.543960000000000055e-01
c: 
1.792999999999999927e+00
2.379000000000000004e+00
2.382000000000000117e+00
