CDF: 
6.199999999999999956e-01 7.199999999999999734e-01 8.499999999999999778e-01 1.000000000000000000e+00
1.700000000000000122e-01 3.300000000000000155e-01 8.100000000000000533e-01 1.000000000000000000e+00
1.600000000000000033e-01 2.800000000000000266e-01 9.399999999999999467e-01 1.000000000000000000e+00
sigma: 
1.230989999999999862e-01 4.837919264604095132e-03 6.625838500257258141e-04 4.837919264604095132e-03 1.122999999999999970e-01 3.948095863258275508e-04 6.625838500257260309e-04 3.948095863258275508e-04 4.769999999999999241e-02
1.230989999999999862e-01 6.619426882578528792e-03 3.936757376134331944e-03 6.619426882578528792e-03 1.122999999999999970e-01 3.484574643720272664e-03 3.936757376134333679e-03 3.484574643720272664e-03 4.769999999999999241e-02
1.230989999999999862e-01 1.177973714153632973e-02 6.127008182743297685e-03 1.177973714153632973e-02 1.122999999999999970e-01 7.687637323452467704e-03 6.127008182743299419e-03 7.687637323452467704e-03 4.769999999999999241e-02
1.230989999999999862e-01 1.738034271866803135e-02 7.924580466546479046e-03 1.738034271866803135e-02 1.122999999999999970e-01 9.806988540174334940e-03 7.924580466546480781e-03 9.806988540174334940e-03 4.769999999999999241e-02
1.230989999999999862e-01 2.592635533963198041e-02 1.200593050112229963e-02 2.592635533963198041e-02 1.122999999999999970e-01 1.252818675654402726e-02 1.200593050112230310e-02 1.252818675654402726e-02 4.769999999999999241e-02
1.230989999999999862e-01 2.888391458287436001e-02 1.457775194952132085e-02 2.888391458287436001e-02 1.122999999999999970e-01 1.578306922516374902e-02 1.457775194952132432e-02 1.578306922516374902e-02 4.769999999999999241e-02
1.230989999999999862e-01 3.496721253046023575e-02 1.648525700751121703e-02 3.496721253046023575e-02 1.122999999999999970e-01 1.699182106835394127e-02 1.648525700751122397e-02 1.699182106835394127e-02 4.769999999999999241e-02
1.230989999999999862e-01 4.034371518937469175e-02 1.956505913342597783e-02 4.034371518937469175e-02 1.122999999999999970e-01 2.015649352809059311e-02 1.956505913342598477e-02 2.015649352809059311e-02 4.769999999999999241e-02
1.230989999999999862e-01 4.891780933827602484e-02 2.265270036011567817e-02 4.891780933827602484e-02 1.122999999999999970e-01 2.160106773257483223e-02 2.265270036011568511e-02 2.160106773257483223e-02 4.769999999999999241e-02
1.230989999999999862e-01 4.979214682278521042e-02 2.418910482438663481e-02 4.979214682278521042e-02 1.122999999999999970e-01 2.415688644659095413e-02 2.418910482438664175e-02 2.415688644659095413e-02 4.769999999999999241e-02
1.230989999999999862e-01 5.474250228243772443e-02 2.626044479361156272e-02 5.474250228243772443e-02 1.122999999999999970e-01 2.755799934704374413e-02 2.626044479361156966e-02 2.755799934704374413e-02 4.769999999999999241e-02
1.230989999999999862e-01 6.229913868807818861e-02 2.815592186276298994e-02 6.229913868807818861e-02 1.122999999999999970e-01 3.143615167866679189e-02 2.815592186276299688e-02 3.143615167866679189e-02 4.769999999999999241e-02
1.230989999999999862e-01 6.700135290543127176e-02 3.132668741410738616e-02 6.700135290543127176e-02 1.122999999999999970e-01 3.322563181875812927e-02 3.132668741410739310e-02 3.322563181875812927e-02 4.769999999999999241e-02
1.230989999999999862e-01 7.554735521249099361e-02 3.343065999207772004e-02 7.554735521249099361e-02 1.122999999999999970e-01 3.623512164716703732e-02 3.343065999207772698e-02 3.623512164716703732e-02 4.769999999999999241e-02
1.230989999999999862e-01 8.090170726971442072e-02 3.702708832347448298e-02 8.090170726971442072e-02 1.122999999999999970e-01 3.968100351449336399e-02 3.702708832347449686e-02 3.968100351449336399e-02 4.769999999999999241e-02
1.230989999999999862e-01 8.611422424869911996e-02 3.790866894249680236e-02 8.611422424869911996e-02 1.122999999999999970e-01 4.080075798463136949e-02 3.790866894249680930e-02 4.080075798463136949e-02 4.769999999999999241e-02
1.230989999999999862e-01 8.967798738071533493e-02 4.121653620875440766e-02 8.967798738071533493e-02 1.122999999999999970e-01 4.424173510087692218e-02 4.121653620875441459e-02 4.424173510087692218e-02 4.769999999999999241e-02
1.230989999999999862e-01 9.451316492650414791e-02 4.530801669994485859e-02 9.451316492650414791e-02 1.122999999999999970e-01 4.576785622208644211e-02 4.530801669994487246e-02 4.576785622208644211e-02 4.769999999999999241e-02
1.230989999999999862e-01 9.804038694801785192e-02 4.713638770824742086e-02 9.804038694801785192e-02 1.122999999999999970e-01 4.795585896753926103e-02 4.713638770824743474e-02 4.795585896753926103e-02 4.769999999999999241e-02
1.230989999999999862e-01 1.034499999999999864e-01 4.796999999999998487e-02 1.034499999999999864e-01 1.122999999999999970e-01 5.029999999999999749e-02 4.796999999999999875e-02 5.029999999999999749e-02 4.769999999999999241e-02
c: 
2.359999999999999876e+00
2.628000000000000114e+00
2.263999999999999790e+00
