CDF: 
5.500000000000000444e-01 8.499999999999999778e-01 8.800000000000000044e-01 1.000000000000000000e+00
6.199999999999999956e-01 8.599999999999999867e-01 9.100000000000000311e-01 1.000000000000000000e+00
2.500000000000000000e-01 8.000000000000000444e-01 9.000000000000000222e-01 1.000000000000000000e+00
sigma: 
1.004189999999999805e-01 4.343105064836112056e-03 3.105678194484873689e-03 4.343105064836112923e-03 8.025899999999999701e-02 1.810237780549072773e-03 3.105678194484874123e-03 1.810237780549072773e-03 8.027499999999998526e-02
1.004189999999999805e-01 7.344757645304964347e-03 5.182252683474671863e-03 7.344757645304966082e-03 8.025899999999999701e-02 7.342657867209200981e-03 5.182252683474672730e-03 7.342657867209200981e-03 8.027499999999998526e-02
1.004189999999999805e-01 9.517798336507687224e-03 1.275164814557381253e-02 9.517798336507688958e-03 8.025899999999999701e-02 1.140928516624339743e-02 1.275164814557381426e-02 1.140928516624339743e-02 8.027499999999998526e-02
1.004189999999999805e-01 1.415560483849714717e-02 1.395325388607542884e-02 1.415560483849714890e-02 8.025899999999999701e-02 1.324501553205141915e-02 1.395325388607543057e-02 1.324501553205141915e-02 8.027499999999998526e-02
1.004189999999999805e-01 1.945259365870016105e-02 1.806666829823104503e-02 1.945259365870016452e-02 8.025899999999999701e-02 1.618704072953444997e-02 1.806666829823104850e-02 1.618704072953444997e-02 8.027499999999998526e-02
1.004189999999999805e-01 2.306294302778445424e-02 2.310174594536723233e-02 2.306294302778446118e-02 8.025899999999999701e-02 2.084604139314027993e-02 2.310174594536723580e-02 2.084604139314027993e-02 8.027499999999998526e-02
1.004189999999999805e-01 2.946585823115024233e-02 2.985520903924245711e-02 2.946585823115024580e-02 8.025899999999999701e-02 2.643137056910514066e-02 2.985520903924246058e-02 2.643137056910514066e-02 8.027499999999998526e-02
1.004189999999999805e-01 3.256367490545010457e-02 3.175473918522241784e-02 3.256367490545011151e-02 8.025899999999999701e-02 3.035051195050759293e-02 3.175473918522242478e-02 3.035051195050759293e-02 8.027499999999998526e-02
1.004189999999999805e-01 3.744238640335516982e-02 3.536940124709143235e-02 3.744238640335517676e-02 8.025899999999999701e-02 3.574742667066122676e-02 3.536940124709143929e-02 3.574742667066122676e-02 8.027499999999998526e-02
1.004189999999999805e-01 4.070394655098536624e-02 4.019692038414554580e-02 4.070394655098537318e-02 8.025899999999999701e-02 3.812530960845449124e-02 4.019692038414555274e-02 3.812530960845449124e-02 8.027499999999998526e-02
1.004189999999999805e-01 4.499117114483991431e-02 4.607329773005837403e-02 4.499117114483992125e-02 8.025899999999999701e-02 4.273665716654782842e-02 4.607329773005838097e-02 4.273665716654782842e-02 8.027499999999998526e-02
1.004189999999999805e-01 4.909183624236350407e-02 5.116581408236508394e-02 4.909183624236351101e-02 8.025899999999999701e-02 4.620254087757912076e-02 5.116581408236509088e-02 4.620254087757912076e-02 8.027499999999998526e-02
1.004189999999999805e-01 5.660805695554402273e-02 5.316107388397332129e-02 5.660805695554402966e-02 8.025899999999999701e-02 4.954127477217555586e-02 5.316107388397333516e-02 4.954127477217555586e-02 8.027499999999998526e-02
1.004189999999999805e-01 6.037637988747431017e-02 6.079139079113973776e-02 6.037637988747431711e-02 8.025899999999999701e-02 5.478016771376402472e-02 6.079139079113975164e-02 5.478016771376402472e-02 8.027499999999998526e-02
1.004189999999999805e-01 6.136188631686422673e-02 6.287219623845823058e-02 6.136188631686424061e-02 8.025899999999999701e-02 5.776672438560264550e-02 6.287219623845824445e-02 5.776672438560264550e-02 8.027499999999998526e-02
1.004189999999999805e-01 6.914090762163750681e-02 6.627999835970596609e-02 6.914090762163750681e-02 8.025899999999999701e-02 6.318953431650593811e-02 6.627999835970597997e-02 6.318953431650593811e-02 8.027499999999998526e-02
1.004189999999999805e-01 7.196289948952779014e-02 7.172770552057099180e-02 7.196289948952780402e-02 8.025899999999999701e-02 6.501505244375775650e-02 7.172770552057100568e-02 6.501505244375775650e-02 8.027499999999998526e-02
1.004189999999999805e-01 7.662775751838464544e-02 7.737845854991359795e-02 7.662775751838465932e-02 8.025899999999999701e-02 7.095725510442833783e-02 7.737845854991361183e-02 7.095725510442833783e-02 8.027499999999998526e-02
1.004189999999999805e-01 7.859535783885562843e-02 8.192706071286601222e-02 7.859535783885564231e-02 8.025899999999999701e-02 7.575154560170031803e-02 8.192706071286602609e-02 7.575154560170031803e-02 8.027499999999998526e-02
1.004189999999999805e-01 8.288899999999999046e-02 8.328499999999998404e-02 8.288900000000000434e-02 8.025899999999999701e-02 7.633500000000000008e-02 8.328499999999999792e-02 7.633500000000000008e-02 8.027499999999998526e-02
c: 
1.991000000000000103e+00
2.814000000000000057e+00
2.672000000000000153e+00
