CDF: 
4.000000000000000222e-01 6.700000000000000400e-01 6.999999999999999556e-01 1.000000000000000000e+00
8.000000000000000167e-02 4.099999999999999756e-01 5.400000000000000355e-01 1.000000000000000000e+00
4.199999999999999845e-01 4.299999999999999933e-01 7.399999999999999911e-01 1.000000000000000000e+00
sigma: 
1.925040000000000084e-01 2.979547076399447457e-03 3.941284952015901635e-03 2.979547076399447457e-03 1.919760000000000355e-01 8.657724706451191271e-04 3.941284952015900768e-03 8.657724706451191271e-04 1.626839999999999953e-01
1.925040000000000084e-01 1.498080425988410416e-02 1.391074577129512539e-02 1.498080425988410416e-02 1.919760000000000355e-01 1.405100991362626464e-02 1.391074577129512366e-02 1.405100991362626464e-02 1.626839999999999953e-01
1.925040000000000084e-01 2.234710902020145898e-02 1.742496193478483210e-02 2.234710902020145898e-02 1.919760000000000355e-01 1.860167629778307352e-02 1.742496193478482863e-02 1.860167629778307352e-02 1.626839999999999953e-01
1.925040000000000084e-01 2.525165937455367549e-02 3.190356995018618635e-02 2.525165937455367549e-02 1.919760000000000355e-01 2.632011545493506341e-02 3.190356995018617942e-02 2.632011545493506341e-02 1.626839999999999953e-01
1.925040000000000084e-01 3.557998826880764270e-02 4.032395329482833801e-02 3.557998826880764270e-02 1.919760000000000355e-01 3.685064957223414123e-02 4.032395329482833107e-02 3.685064957223414123e-02 1.626839999999999953e-01
1.925040000000000084e-01 4.334592646161282425e-02 4.381160754782928435e-02 4.334592646161282425e-02 1.919760000000000355e-01 4.187604658462563273e-02 4.381160754782927741e-02 4.187604658462563273e-02 1.626839999999999953e-01
1.925040000000000084e-01 4.823955965205997676e-02 5.317131917347553416e-02 4.823955965205997676e-02 1.919760000000000355e-01 4.839471933021163852e-02 5.317131917347552722e-02 4.839471933021163852e-02 1.626839999999999953e-01
1.925040000000000084e-01 5.684051120649311062e-02 6.124020958182315594e-02 5.684051120649311062e-02 1.919760000000000355e-01 5.665999782878153312e-02 6.124020958182314206e-02 5.665999782878153312e-02 1.626839999999999953e-01
1.925040000000000084e-01 6.829286924237258638e-02 7.407248970135366095e-02 6.829286924237258638e-02 1.919760000000000355e-01 6.196675976697442467e-02 7.407248970135364707e-02 6.196675976697442467e-02 1.626839999999999953e-01
1.925040000000000084e-01 7.124702792606296686e-02 8.358944301288920298e-02 7.124702792606296686e-02 1.919760000000000355e-01 7.238139176532443209e-02 8.358944301288918910e-02 7.238139176532443209e-02 1.626839999999999953e-01
1.925040000000000084e-01 8.023316911178861310e-02 8.617983432195816529e-02 8.023316911178861310e-02 1.919760000000000355e-01 7.850698979052471438e-02 8.617983432195815141e-02 7.850698979052471438e-02 1.626839999999999953e-01
1.925040000000000084e-01 8.896240430326972370e-02 1.005143662770108803e-01 8.896240430326972370e-02 1.919760000000000355e-01 8.474981568150238842e-02 1.005143662770108665e-01 8.474981568150238842e-02 1.626839999999999953e-01
1.925040000000000084e-01 9.641853254910903726e-02 1.034783325132615089e-01 9.641853254910903726e-02 1.919760000000000355e-01 9.219959300280824999e-02 1.034783325132614951e-01 9.219959300280824999e-02 1.626839999999999953e-01
1.925040000000000084e-01 1.038662448129836907e-01 1.141316598238950181e-01 1.038662448129836907e-01 1.919760000000000355e-01 1.010533892067322498e-01 1.141316598238950042e-01 1.010533892067322498e-01 1.626839999999999953e-01
1.925040000000000084e-01 1.117268587128788793e-01 1.238684227133755034e-01 1.117268587128788793e-01 1.919760000000000355e-01 1.060629505900236025e-01 1.238684227133754895e-01 1.060629505900236025e-01 1.626839999999999953e-01
1.925040000000000084e-01 1.219888668515216185e-01 1.316832645393638812e-01 1.219888668515216185e-01 1.919760000000000355e-01 1.150372873345499591e-01 1.316832645393638535e-01 1.150372873345499591e-01 1.626839999999999953e-01
1.925040000000000084e-01 1.310795419800068473e-01 1.380698621189209718e-01 1.310795419800068473e-01 1.919760000000000355e-01 1.252397328963374690e-01 1.380698621189209441e-01 1.252397328963374690e-01 1.626839999999999953e-01
1.925040000000000084e-01 1.352691890363561800e-01 1.540431918780547915e-01 1.352691890363561800e-01 1.919760000000000355e-01 1.295239800993580326e-01 1.540431918780547638e-01 1.295239800993580326e-01 1.626839999999999953e-01
1.925040000000000084e-01 1.452263105132269305e-01 1.621954107546339230e-01 1.452263105132269305e-01 1.919760000000000355e-01 1.401411820260655139e-01 1.621954107546338952e-01 1.401411820260655139e-01 1.626839999999999953e-01
1.925040000000000084e-01 1.472479999999999900e-01 1.630560000000000065e-01 1.472479999999999900e-01 1.919760000000000355e-01 1.418719999999999981e-01 1.630559999999999787e-01 1.418719999999999981e-01 1.626839999999999953e-01
c: 
1.070000000000000062e+00
1.681000000000000050e+00
2.910000000000000142e+00
