CDF: 
4.299999999999999933e-01 6.500000000000000222e-01 8.299999999999999600e-01 1.000000000000000000e+00
2.000000000000000111e-01 2.399999999999999911e-01 2.999999999999999889e-01 1.000000000000000000e+00
2.700000000000000178e-01 5.000000000000000000e-01 6.999999999999999556e-01 1.000000000000000000e+00
sigma: 
1.278839999999999977e-01 2.287058720057673442e-03 1.126522376801814820e-03 2.287058720057673442e-03 1.845160000000000411e-01 4.604072385574158391e-03 1.126522376801814820e-03 4.604072385574158391e-03 1.736110000000000153e-01
1.278839999999999977e-01 4.756730025196722125e-03 7.554202410356516441e-03 4.756730025196722125e-03 1.845160000000000411e-01 6.896781972339375948e-03 7.554202410356515573e-03 6.896781972339375948e-03 1.736110000000000153e-01
1.278839999999999977e-01 7.369314730926966595e-03 1.676017325465474495e-02 7.369314730926966595e-03 1.845160000000000411e-01 1.392255273938212967e-02 1.676017325465474495e-02 1.392255273938212967e-02 1.736110000000000153e-01
1.278839999999999977e-01 1.171708768809785403e-02 1.998256662962248978e-02 1.171708768809785403e-02 1.845160000000000411e-01 1.912483006678521516e-02 1.998256662962248978e-02 1.912483006678521516e-02 1.736110000000000153e-01
1.278839999999999977e-01 1.469043291536762698e-02 2.653526912891658596e-02 1.469043291536762698e-02 1.845160000000000411e-01 2.685333084074442711e-02 2.653526912891658249e-02 2.685333084074442711e-02 1.736110000000000153e-01
1.278839999999999977e-01 2.136040984180557351e-02 3.818749460646762850e-02 2.136040984180557351e-02 1.845160000000000411e-01 2.902870139064459357e-02 3.818749460646762850e-02 2.902870139064459357e-02 1.736110000000000153e-01
1.278839999999999977e-01 2.257483977751068016e-02 4.255271937491068857e-02 2.257483977751068016e-02 1.845160000000000411e-01 3.578591742672904141e-02 4.255271937491068857e-02 3.578591742672904141e-02 1.736110000000000153e-01
1.278839999999999977e-01 2.823727552379308101e-02 5.003458082930987288e-02 2.823727552379308101e-02 1.845160000000000411e-01 4.090274642919500964e-02 5.003458082930986595e-02 4.090274642919500964e-02 1.736110000000000153e-01
1.278839999999999977e-01 3.118508796186171550e-02 5.512785733550275985e-02 3.118508796186171550e-02 1.845160000000000411e-01 4.803539738612008780e-02 5.512785733550275291e-02 4.803539738612008780e-02 1.736110000000000153e-01
1.278839999999999977e-01 3.526876405024718247e-02 6.409384110120104616e-02 3.526876405024718247e-02 1.845160000000000411e-01 5.279598101919498465e-02 6.409384110120103228e-02 5.279598101919498465e-02 1.736110000000000153e-01
1.278839999999999977e-01 3.849749604616446719e-02 6.990961589602882886e-02 3.849749604616446719e-02 1.845160000000000411e-01 5.658025260759373676e-02 6.990961589602882886e-02 5.658025260759373676e-02 1.736110000000000153e-01
1.278839999999999977e-01 4.052277231474637337e-02 7.742131551775258136e-02 4.052277231474637337e-02 1.845160000000000411e-01 6.099322026194182317e-02 7.742131551775256748e-02 6.099322026194182317e-02 1.736110000000000153e-01
1.278839999999999977e-01 4.545022438962646738e-02 8.386569326254814105e-02 4.545022438962646738e-02 1.845160000000000411e-01 6.959985714035969717e-02 8.386569326254812717e-02 6.959985714035969717e-02 1.736110000000000153e-01
1.278839999999999977e-01 4.859610298802222172e-02 8.997911394614574454e-02 4.859610298802222172e-02 1.845160000000000411e-01 7.342957450897300009e-02 8.997911394614573066e-02 7.342957450897300009e-02 1.736110000000000153e-01
1.278839999999999977e-01 5.290851187233019948e-02 9.710723351786407220e-02 5.290851187233019948e-02 1.845160000000000411e-01 7.994072978582140998e-02 9.710723351786405833e-02 7.994072978582140998e-02 1.736110000000000153e-01
1.278839999999999977e-01 5.545440210557413957e-02 9.883059846661845782e-02 5.545440210557413957e-02 1.845160000000000411e-01 8.460040233188137471e-02 9.883059846661845782e-02 8.460040233188137471e-02 1.736110000000000153e-01
1.278839999999999977e-01 6.038103905476031180e-02 1.099428235685930566e-01 6.038103905476031180e-02 1.845160000000000411e-01 9.041026207280297711e-02 1.099428235685930427e-01 9.041026207280297711e-02 1.736110000000000153e-01
1.278839999999999977e-01 6.149180318743884682e-02 1.143829226951610933e-01 6.149180318743884682e-02 1.845160000000000411e-01 9.711674400607728241e-02 1.143829226951610795e-01 9.711674400607728241e-02 1.736110000000000153e-01
1.278839999999999977e-01 6.686137063538445668e-02 1.240473842976307917e-01 6.686137063538445668e-02 1.845160000000000411e-01 1.008372944519253800e-01 1.240473842976307778e-01 1.008372944519253800e-01 1.736110000000000153e-01
1.278839999999999977e-01 6.838800000000000434e-02 1.244820000000000232e-01 6.838800000000000434e-02 1.845160000000000411e-01 1.043739999999999946e-01 1.244820000000000093e-01 1.043739999999999946e-01 1.736110000000000153e-01
c: 
1.780999999999999917e+00
2.403999999999999915e+00
1.435000000000000053e+00
