CDF: 
1.600000000000000033e-01 4.000000000000000222e-01 4.699999999999999734e-01 1.000000000000000000e+00
2.500000000000000000e-01 4.899999999999999911e-01 9.000000000000000222e-01 1.000000000000000000e+00
2.200000000000000011e-01 2.999999999999999889e-01 8.800000000000000044e-01 1.000000000000000000e+00
sigma: 
2.080750000000000099e-01 1.507902726881050993e-03 7.750808838027923838e-04 1.507902726881051210e-03 7.829100000000001336e-02 3.518249127095975873e-03 7.750808838027923838e-04 3.518249127095975873e-03 8.179599999999999371e-02
2.080750000000000099e-01 6.287763425148180582e-03 5.344404084519574147e-03 6.287763425148181450e-03 7.829100000000001336e-02 7.314960338478585129e-03 5.344404084519574147e-03 7.314960338478585129e-03 8.179599999999999371e-02
2.080750000000000099e-01 1.363005395625614680e-02 9.814796456556062684e-03 1.363005395625614853e-02 7.829100000000001336e-02 7.978876303687796462e-03 9.814796456556062684e-03 7.978876303687796462e-03 8.179599999999999371e-02
2.080750000000000099e-01 1.616579536071328579e-02 1.288737638664197438e-02 1.616579536071328926e-02 7.829100000000001336e-02 1.310722486597848228e-02 1.288737638664197438e-02 1.310722486597848228e-02 8.179599999999999371e-02
2.080750000000000099e-01 2.051999040794221310e-02 1.856465381260197223e-02 2.051999040794221657e-02 7.829100000000001336e-02 1.602740038430193817e-02 1.856465381260197223e-02 1.602740038430193817e-02 8.179599999999999371e-02
2.080750000000000099e-01 2.405230264827935491e-02 2.477634715635139429e-02 2.405230264827935838e-02 7.829100000000001336e-02 2.177820387945632666e-02 2.477634715635139429e-02 2.177820387945632666e-02 8.179599999999999371e-02
2.080750000000000099e-01 3.090222204763397665e-02 2.787001761378230316e-02 3.090222204763398012e-02 7.829100000000001336e-02 2.650012911491023831e-02 2.787001761378230316e-02 2.650012911491023831e-02 8.179599999999999371e-02
2.080750000000000099e-01 3.348936594718539272e-02 3.135706413466681636e-02 3.348936594718539966e-02 7.829100000000001336e-02 2.843665355800353498e-02 3.135706413466681636e-02 2.843665355800353498e-02 8.179599999999999371e-02
2.080750000000000099e-01 3.842199339019819471e-02 3.423278766004591439e-02 3.842199339019820165e-02 7.829100000000001336e-02 3.196619832077025186e-02 3.423278766004591439e-02 3.196619832077025186e-02 8.179599999999999371e-02
2.080750000000000099e-01 4.536388908491554434e-02 3.781118765920198771e-02 4.536388908491555128e-02 7.829100000000001336e-02 3.660437305202000891e-02 3.781118765920198771e-02 3.660437305202000891e-02 8.179599999999999371e-02
2.080750000000000099e-01 4.685572569256030162e-02 4.325658658562846898e-02 4.685572569256030856e-02 7.829100000000001336e-02 4.083983431360936611e-02 4.325658658562846898e-02 4.083983431360936611e-02 8.179599999999999371e-02
2.080750000000000099e-01 5.066463813545431932e-02 4.674202658816346834e-02 5.066463813545432626e-02 7.829100000000001336e-02 4.546812180791761498e-02 4.674202658816346834e-02 4.546812180791761498e-02 8.179599999999999371e-02
2.080750000000000099e-01 5.496224975528888473e-02 5.127957951768412348e-02 5.496224975528889167e-02 7.829100000000001336e-02 4.707136201664333802e-02 5.127957951768412348e-02 4.707136201664333802e-02 8.179599999999999371e-02
2.080750000000000099e-01 5.945611525518283008e-02 5.553599327580729939e-02 5.945611525518283702e-02 7.829100000000001336e-02 5.333754804369437996e-02 5.553599327580729939e-02 5.333754804369437996e-02 8.179599999999999371e-02
2.080750000000000099e-01 6.813966699703430385e-02 5.981927239873392754e-02 6.813966699703431773e-02 7.829100000000001336e-02 5.673098089696790303e-02 5.981927239873392754e-02 5.673098089696790303e-02 8.179599999999999371e-02
2.080750000000000099e-01 6.854100047380552729e-02 6.690256186938398075e-02 6.854100047380554117e-02 7.829100000000001336e-02 6.094069058149308854e-02 6.690256186938398075e-02 6.094069058149308854e-02 8.179599999999999371e-02
2.080750000000000099e-01 7.338496581274342456e-02 6.861564322910645997e-02 7.338496581274343844e-02 7.829100000000001336e-02 6.481662777058422309e-02 6.861564322910645997e-02 6.481662777058422309e-02 8.179599999999999371e-02
2.080750000000000099e-01 7.961161067209759912e-02 7.122900867967271732e-02 7.961161067209761300e-02 7.829100000000001336e-02 6.652326148410003803e-02 7.122900867967271732e-02 6.652326148410003803e-02 8.179599999999999371e-02
2.080750000000000099e-01 8.491407969583866788e-02 7.754306280871253731e-02 8.491407969583868176e-02 7.829100000000001336e-02 7.015927699705234999e-02 7.754306280871253731e-02 7.015927699705234999e-02 8.179599999999999371e-02
2.080750000000000099e-01 8.657499999999999918e-02 7.944999999999999285e-02 8.657500000000001306e-02 7.829100000000001336e-02 7.270599999999999286e-02 7.944999999999999285e-02 7.270599999999999286e-02 8.179599999999999371e-02
c: 
2.201000000000000068e+00
1.586999999999999966e+00
1.437000000000000055e+00
