CDF: 
1.199999999999999956e-01 3.599999999999999867e-01 4.600000000000000200e-01 1.000000000000000000e+00
1.499999999999999944e-01 4.899999999999999911e-01 7.199999999999999734e-01 1.000000000000000000e+00
2.200000000000000011e-01 3.499999999999999778e-01 5.100000000000000089e-01 1.000000000000000000e+00
sigma: 
1.712160000000000071e-01 8.466982834903670355e-04 7.527115734716038897e-03 8.466982834903670355e-04 1.368000000000000049e-01 3.714144256992350963e-03 7.527115734716040632e-03 3.714144256992350963e-03 1.844000000000000083e-01
1.712160000000000071e-01 1.072045404818615898e-02 9.914721028138343689e-03 1.072045404818615898e-02 1.368000000000000049e-01 8.148232522676575676e-03 9.914721028138345424e-03 8.148232522676575676e-03 1.844000000000000083e-01
1.712160000000000071e-01 1.649240257436842758e-02 1.887675626438066814e-02 1.649240257436842758e-02 1.368000000000000049e-01 1.453400284488903446e-02 1.887675626438067161e-02 1.453400284488903446e-02 1.844000000000000083e-01
1.712160000000000071e-01 2.429177598485174339e-02 2.846554604893356336e-02 2.429177598485174339e-02 1.368000000000000049e-01 2.329179447276440509e-02 2.846554604893356683e-02 2.329179447276440509e-02 1.844000000000000083e-01
1.712160000000000071e-01 2.725611590902177889e-02 4.323342636793645749e-02 2.725611590902177889e-02 1.368000000000000049e-01 3.083510130844506827e-02 4.323342636793646443e-02 3.083510130844506827e-02 1.844000000000000083e-01
1.712160000000000071e-01 3.283149382079287443e-02 5.252698511254404179e-02 3.283149382079287443e-02 1.368000000000000049e-01 3.675300048804357178e-02 5.252698511254405567e-02 3.675300048804357178e-02 1.844000000000000083e-01
1.712160000000000071e-01 4.275941238303221370e-02 5.673152465127060534e-02 4.275941238303221370e-02 1.368000000000000049e-01 4.239982577921253687e-02 5.673152465127061922e-02 4.239982577921253687e-02 1.844000000000000083e-01
1.712160000000000071e-01 4.586195001441120689e-02 6.302089328819890368e-02 4.586195001441120689e-02 1.368000000000000049e-01 5.242809606964535935e-02 6.302089328819891756e-02 5.242809606964535935e-02 1.844000000000000083e-01
1.712160000000000071e-01 5.044178982037663544e-02 7.635034290118235256e-02 5.044178982037663544e-02 1.368000000000000049e-01 5.911309229525416736e-02 7.635034290118236644e-02 5.911309229525416736e-02 1.844000000000000083e-01
1.712160000000000071e-01 5.957755320497588880e-02 8.749177499188974527e-02 5.957755320497588880e-02 1.368000000000000049e-01 6.311511807970174304e-02 8.749177499188975915e-02 6.311511807970174304e-02 1.844000000000000083e-01
1.712160000000000071e-01 6.740577785022931756e-02 9.481115344434125347e-02 6.740577785022931756e-02 1.368000000000000049e-01 6.992765162378765387e-02 9.481115344434126735e-02 6.992765162378765387e-02 1.844000000000000083e-01
1.712160000000000071e-01 7.324720423277386594e-02 1.030146539503683373e-01 7.324720423277386594e-02 1.368000000000000049e-01 7.653248752106678321e-02 1.030146539503683650e-01 7.653248752106678321e-02 1.844000000000000083e-01
1.712160000000000071e-01 7.694667604434932140e-02 1.073691334896742650e-01 7.694667604434932140e-02 1.368000000000000049e-01 8.578989330112904432e-02 1.073691334896742927e-01 8.578989330112904432e-02 1.844000000000000083e-01
1.712160000000000071e-01 8.321821523910732932e-02 1.231649372164657641e-01 8.321821523910732932e-02 1.368000000000000049e-01 9.362593458610930786e-02 1.231649372164657918e-01 9.362593458610930786e-02 1.844000000000000083e-01
1.712160000000000071e-01 9.018966665956662521e-02 1.311739572748728822e-01 9.018966665956662521e-02 1.368000000000000049e-01 9.633267020741290154e-02 1.311739572748729099e-01 9.633267020741290154e-02 1.844000000000000083e-01
1.712160000000000071e-01 9.667859847009004082e-02 1.395575343308252114e-01 9.667859847009004082e-02 1.368000000000000049e-01 1.033489505115066515e-01 1.395575343308252392e-01 1.033489505115066515e-01 1.844000000000000083e-01
1.712160000000000071e-01 1.028164250807740016e-01 1.421501005827272290e-01 1.028164250807740016e-01 1.368000000000000049e-01 1.113693784075461546e-01 1.421501005827272568e-01 1.113693784075461546e-01 1.844000000000000083e-01
1.712160000000000071e-01 1.113496097604819851e-01 1.583803430618549168e-01 1.113496097604819851e-01 1.368000000000000049e-01 1.177820906550866714e-01 1.583803430618549168e-01 1.177820906550866714e-01 1.844000000000000083e-01
1.712160000000000071e-01 1.165398948091947023e-01 1.628134704451992265e-01 1.165398948091947023e-01 1.368000000000000049e-01 1.268343414461070295e-01 1.628134704451992543e-01 1.268343414461070295e-01 1.844000000000000083e-01
1.712160000000000071e-01 1.180799999999999905e-01 1.677599999999999925e-01 1.180799999999999905e-01 1.368000000000000049e-01 1.284000000000000141e-01 1.677600000000000202e-01 1.284000000000000141e-01 1.844000000000000083e-01
c: 
2.494000000000000217e+00
2.674999999999999822e+00
2.120999999999999996e+00
