CDF: 
2.999999999999999889e-01 3.099999999999999978e-01 3.800000000000000044e-01 1.000000000000000000e+00
1.400000000000000133e-01 1.900000000000000022e-01 2.500000000000000000e-01 1.000000000000000000e+00
1.199999999999999956e-01 2.800000000000000266e-01 6.500000000000000222e-01 1.000000000000000000e+00
sigma: 
2.142359999999999820e-01 4.261585628858446462e-04 2.869949180098108846e-03 4.261585628858446462e-04 1.583710000000000118e-01 1.349704863616659487e-03 2.869949180098108846e-03 1.349704863616659704e-03 1.573710000000000109e-01
2.142359999999999820e-01 1.120749617650888472e-02 1.049346552648648505e-02 1.120749617650888472e-02 1.583710000000000118e-01 5.700769334164958353e-03 1.049346552648648505e-02 5.700769334164959221e-03 1.573710000000000109e-01
2.142359999999999820e-01 1.951563421055171887e-02 1.957557375559705604e-02 1.951563421055171887e-02 1.583710000000000118e-01 1.509231140239884750e-02 1.957557375559705604e-02 1.509231140239885097e-02 1.573710000000000109e-01
2.142359999999999820e-01 2.919585082473569182e-02 2.462223578714650349e-02 2.919585082473569182e-02 1.583710000000000118e-01 1.719817891733873422e-02 2.462223578714650349e-02 1.719817891733873769e-02 1.573710000000000109e-01
2.142359999999999820e-01 3.700938969220896740e-02 3.049433575230974663e-02 3.700938969220896740e-02 1.583710000000000118e-01 2.109548920160666391e-02 3.049433575230974663e-02 2.109548920160666738e-02 1.573710000000000109e-01
2.142359999999999820e-01 3.996160541911424752e-02 4.015149872841617534e-02 3.996160541911424752e-02 1.583710000000000118e-01 2.594758754347397875e-02 4.015149872841617534e-02 2.594758754347398569e-02 1.573710000000000109e-01
2.142359999999999820e-01 4.813127010554427848e-02 4.338999090153967259e-02 4.813127010554427848e-02 1.583710000000000118e-01 3.394329814038547083e-02 4.338999090153967259e-02 3.394329814038547777e-02 1.573710000000000109e-01
2.142359999999999820e-01 5.575654583656437790e-02 5.201763343143434026e-02 5.575654583656437790e-02 1.583710000000000118e-01 3.836252684364317017e-02 5.201763343143434026e-02 3.836252684364317017e-02 1.573710000000000109e-01
2.142359999999999820e-01 6.349844899151181610e-02 5.569909779723146437e-02 6.349844899151181610e-02 1.583710000000000118e-01 4.263903799554989021e-02 5.569909779723146437e-02 4.263903799554989715e-02 1.573710000000000109e-01
2.142359999999999820e-01 7.656517938751897234e-02 6.470344605554056994e-02 7.656517938751897234e-02 1.583710000000000118e-01 4.773932977859396409e-02 6.470344605554056994e-02 4.773932977859397103e-02 1.573710000000000109e-01
2.142359999999999820e-01 7.938762489897736863e-02 7.401386908453387592e-02 7.938762489897736863e-02 1.583710000000000118e-01 5.503357604597648722e-02 7.401386908453387592e-02 5.503357604597649416e-02 1.573710000000000109e-01
2.142359999999999820e-01 9.158154488620226519e-02 7.910043077488210228e-02 9.158154488620226519e-02 1.583710000000000118e-01 6.145246627581803234e-02 7.910043077488210228e-02 6.145246627581803928e-02 1.573710000000000109e-01
2.142359999999999820e-01 9.252481255132558036e-02 8.956075156161237560e-02 9.252481255132558036e-02 1.583710000000000118e-01 6.557578933030866475e-02 8.956075156161237560e-02 6.557578933030867863e-02 1.573710000000000109e-01
2.142359999999999820e-01 1.033244655688278918e-01 9.475628927549738234e-02 1.033244655688278918e-01 1.583710000000000118e-01 6.750850625995341581e-02 9.475628927549738234e-02 6.750850625995342968e-02 1.573710000000000109e-01
2.142359999999999820e-01 1.074752391733561074e-01 9.919343169461856957e-02 1.074752391733561074e-01 1.583710000000000118e-01 7.565989284300217443e-02 9.919343169461856957e-02 7.565989284300218831e-02 1.573710000000000109e-01
2.142359999999999820e-01 1.197266097834514126e-01 1.073940389321353245e-01 1.197266097834514126e-01 1.583710000000000118e-01 7.897112337896657064e-02 1.073940389321353245e-01 7.897112337896657064e-02 1.573710000000000109e-01
2.142359999999999820e-01 1.232147208246021919e-01 1.151399445846837538e-01 1.232147208246021919e-01 1.583710000000000118e-01 8.428644998305664937e-02 1.151399445846837538e-01 8.428644998305666325e-02 1.573710000000000109e-01
2.142359999999999820e-01 1.314348005285791987e-01 1.201111063640157989e-01 1.314348005285791987e-01 1.583710000000000118e-01 9.146785769121067167e-02 1.201111063640157989e-01 9.146785769121068554e-02 1.573710000000000109e-01
2.142359999999999820e-01 1.400974912588960342e-01 1.263881983637653861e-01 1.400974912588960342e-01 1.583710000000000118e-01 9.688790882614380096e-02 1.263881983637653861e-01 9.688790882614381483e-02 1.573710000000000109e-01
2.142359999999999820e-01 1.457339999999999747e-01 1.313659999999999828e-01 1.457339999999999747e-01 1.583710000000000118e-01 9.757899999999999907e-02 1.313659999999999828e-01 9.757900000000001295e-02 1.573710000000000109e-01
c: 
1.875000000000000000e+00
1.935999999999999943e+00
1.028000000000000025e+00
