CDF: 
3.300000000000000155e-01 4.099999999999999756e-01 6.099999999999999867e-01 1.000000000000000000e+00
2.600000000000000089e-01 4.500000000000000111e-01 7.800000000000000266e-01 1.000000000000000000e+00
3.699999999999999956e-01 8.399999999999999689e-01 9.100000000000000311e-01 1.000000000000000000e+00
sigma: 
1.990360000000000185e-01 4.310829686867651694e-03 4.001319926319309920e-04 4.310829686867650827e-03 1.373560000000000059e-01 2.197813683601678586e-03 4.001319926319309920e-04 2.197813683601678586e-03 7.603600000000000636e-02
1.990360000000000185e-01 1.348438188543445333e-02 6.869592097315217402e-03 1.348438188543444986e-02 1.373560000000000059e-01 6.008105290450628522e-03 6.869592097315217402e-03 6.008105290450628522e-03 7.603600000000000636e-02
1.990360000000000185e-01 1.701982709733649082e-02 7.887438588615120275e-03 1.701982709733648735e-02 1.373560000000000059e-01 8.875897362692375045e-03 7.887438588615120275e-03 8.875897362692375045e-03 7.603600000000000636e-02
1.990360000000000185e-01 2.277101611227285577e-02 1.169753721658206569e-02 2.277101611227285230e-02 1.373560000000000059e-01 1.471408571925754069e-02 1.169753721658206569e-02 1.471408571925754069e-02 7.603600000000000636e-02
1.990360000000000185e-01 3.269009801671411003e-02 1.669787066234253159e-02 3.269009801671410309e-02 1.373560000000000059e-01 1.656769038565356761e-02 1.669787066234253159e-02 1.656769038565356761e-02 7.603600000000000636e-02
1.990360000000000185e-01 3.954216146496527390e-02 1.833423235731996420e-02 3.954216146496526696e-02 1.373560000000000059e-01 2.107976391422435036e-02 1.833423235731996420e-02 2.107976391422435036e-02 7.603600000000000636e-02
1.990360000000000185e-01 4.388907356521363351e-02 2.380359292080427500e-02 4.388907356521361963e-02 1.373560000000000059e-01 2.641926193114934110e-02 2.380359292080427500e-02 2.641926193114934110e-02 7.603600000000000636e-02
1.990360000000000185e-01 5.561257351089327755e-02 2.763367201948994586e-02 5.561257351089326367e-02 1.373560000000000059e-01 2.860817887472850984e-02 2.763367201948994586e-02 2.860817887472850984e-02 7.603600000000000636e-02
1.990360000000000185e-01 6.135930663465404000e-02 2.964708854385397080e-02 6.135930663465402612e-02 1.373560000000000059e-01 3.393922904229668136e-02 2.964708854385397080e-02 3.393922904229668136e-02 7.603600000000000636e-02
1.990360000000000185e-01 6.559878181327997992e-02 3.553790504554159985e-02 6.559878181327996605e-02 1.373560000000000059e-01 3.606360078774405870e-02 3.553790504554159985e-02 3.606360078774405870e-02 7.603600000000000636e-02
1.990360000000000185e-01 7.028450335735503263e-02 3.652413895626675788e-02 7.028450335735501875e-02 1.373560000000000059e-01 4.188503387433776398e-02 3.652413895626675788e-02 4.188503387433776398e-02 7.603600000000000636e-02
1.990360000000000185e-01 7.935662556366319953e-02 3.951410874657760447e-02 7.935662556366318565e-02 1.373560000000000059e-01 4.532067885830280696e-02 3.951410874657760447e-02 4.532067885830280696e-02 7.603600000000000636e-02
1.990360000000000185e-01 9.022428144167178587e-02 4.592741477943235173e-02 9.022428144167177200e-02 1.373560000000000059e-01 4.766648186732829612e-02 4.592741477943235173e-02 4.766648186732829612e-02 7.603600000000000636e-02
1.990360000000000185e-01 9.711659501718640508e-02 4.909159267219775219e-02 9.711659501718637733e-02 1.373560000000000059e-01 5.471989830514745190e-02 4.909159267219775219e-02 5.471989830514745190e-02 7.603600000000000636e-02
1.990360000000000185e-01 9.862553900169623855e-02 5.271129728124394898e-02 9.862553900169621079e-02 1.373560000000000059e-01 5.653629498432942435e-02 5.271129728124394898e-02 5.653629498432942435e-02 7.603600000000000636e-02
1.990360000000000185e-01 1.109098091976436218e-01 5.475755739396902938e-02 1.109098091976436079e-01 1.373560000000000059e-01 6.082374604289789849e-02 5.475755739396902938e-02 6.082374604289789849e-02 7.603600000000000636e-02
1.990360000000000185e-01 1.124625966821938966e-01 5.745594340681327294e-02 1.124625966821938688e-01 1.373560000000000059e-01 6.415115669276516552e-02 5.745594340681327294e-02 6.415115669276516552e-02 7.603600000000000636e-02
1.990360000000000185e-01 1.212121809875136985e-01 6.192388158782138885e-02 1.212121809875136846e-01 1.373560000000000059e-01 6.683176032852439219e-02 6.192388158782138885e-02 6.683176032852439219e-02 7.603600000000000636e-02
1.990360000000000185e-01 1.323785631353133485e-01 6.742601716512473808e-02 1.323785631353133208e-01 1.373560000000000059e-01 7.358194033553987212e-02 6.742601716512473808e-02 7.358194033553987212e-02 7.603600000000000636e-02
1.990360000000000185e-01 1.325960000000000194e-01 6.803599999999999925e-02 1.325959999999999916e-01 1.373560000000000059e-01 7.429600000000000093e-02 6.803599999999999925e-02 7.429600000000000093e-02 7.603600000000000636e-02
c: 
1.235000000000000098e+00
2.217000000000000082e+00
2.886000000000000121e+00
