CDF: 
1.499999999999999944e-01 3.499999999999999778e-01 4.199999999999999845e-01 1.000000000000000000e+00
5.600000000000000533e-01 6.700000000000000400e-01 7.900000000000000355e-01 1.000000000000000000e+00
3.300000000000000155e-01 4.000000000000000222e-01 5.999999999999999778e-01 1.000000000000000000e+00
sigma: 
1.792960000000000109e-01 3.050795123692026049e-04 2.583242047839170909e-03 3.050795123692026591e-04 1.552000000000000046e-01 5.804054030308325625e-03 2.583242047839170909e-03 5.804054030308325625e-03 1.907639999999999891e-01
1.792960000000000109e-01 6.157934527188368805e-03 9.315700584256578556e-03 6.157934527188369672e-03 1.552000000000000046e-01 8.409577589650555490e-03 9.315700584256578556e-03 8.409577589650555490e-03 1.907639999999999891e-01
1.792960000000000109e-01 1.146358637851842104e-02 2.378731065984862961e-02 1.146358637851842277e-02 1.552000000000000046e-01 1.951975136755593199e-02 2.378731065984862961e-02 1.951975136755593199e-02 1.907639999999999891e-01
1.792960000000000109e-01 1.726284537591565513e-02 2.868118175249805696e-02 1.726284537591565860e-02 1.552000000000000046e-01 2.642440778295814668e-02 2.868118175249805696e-02 2.642440778295814668e-02 1.907639999999999891e-01
1.792960000000000109e-01 2.243851873499458360e-02 3.488843515201772716e-02 2.243851873499458707e-02 1.552000000000000046e-01 3.430814985585448063e-02 3.488843515201772716e-02 3.430814985585448063e-02 1.907639999999999891e-01
1.792960000000000109e-01 3.103920539227660036e-02 4.934004850934795017e-02 3.103920539227660730e-02 1.552000000000000046e-01 3.743914100697825348e-02 4.934004850934795017e-02 3.743914100697825348e-02 1.907639999999999891e-01
1.792960000000000109e-01 3.533291869944330671e-02 5.427572466106794780e-02 3.533291869944330671e-02 1.552000000000000046e-01 4.597260907492812382e-02 5.427572466106794780e-02 4.597260907492812382e-02 1.907639999999999891e-01
1.792960000000000109e-01 3.815207180666991410e-02 6.028320415291885115e-02 3.815207180666992104e-02 1.552000000000000046e-01 5.136501996077441623e-02 6.028320415291885115e-02 5.136501996077441623e-02 1.907639999999999891e-01
1.792960000000000109e-01 4.309351889584466661e-02 7.314027952164274538e-02 4.309351889584466661e-02 1.552000000000000046e-01 5.766658343066167342e-02 7.314027952164274538e-02 5.766658343066167342e-02 1.907639999999999891e-01
1.792960000000000109e-01 5.028335634851026359e-02 7.937759272272286448e-02 5.028335634851027053e-02 1.552000000000000046e-01 6.974076475017972065e-02 7.937759272272286448e-02 6.974076475017972065e-02 1.907639999999999891e-01
1.792960000000000109e-01 5.293504864579917646e-02 9.196415164835938794e-02 5.293504864579918340e-02 1.552000000000000046e-01 7.569852723847927956e-02 9.196415164835938794e-02 7.569852723847927956e-02 1.907639999999999891e-01
1.792960000000000109e-01 5.993028064091002194e-02 1.009497984917960278e-01 5.993028064091002888e-02 1.552000000000000046e-01 8.443832247972565819e-02 1.009497984917960278e-01 8.443832247972565819e-02 1.907639999999999891e-01
1.792960000000000109e-01 6.718774568828411731e-02 1.029588430497462848e-01 6.718774568828411731e-02 1.552000000000000046e-01 8.847230522518249873e-02 1.029588430497462848e-01 8.847230522518249873e-02 1.907639999999999891e-01
1.792960000000000109e-01 7.136733713987124250e-02 1.110200404029691723e-01 7.136733713987125638e-02 1.552000000000000046e-01 1.002297275109264446e-01 1.110200404029691723e-01 1.002297275109264446e-01 1.907639999999999891e-01
1.792960000000000109e-01 7.615639909597413104e-02 1.215741936928050465e-01 7.615639909597413104e-02 1.552000000000000046e-01 1.039686043364930479e-01 1.215741936928050465e-01 1.039686043364930479e-01 1.907639999999999891e-01
1.792960000000000109e-01 7.786304122084108936e-02 1.314992406708114792e-01 7.786304122084110324e-02 1.552000000000000046e-01 1.089515712212509174e-01 1.314992406708114792e-01 1.089515712212509174e-01 1.907639999999999891e-01
1.792960000000000109e-01 8.482024666746747210e-02 1.379448548174716238e-01 8.482024666746747210e-02 1.552000000000000046e-01 1.209593714475386689e-01 1.379448548174716238e-01 1.209593714475386689e-01 1.907639999999999891e-01
1.792960000000000109e-01 9.286932149075781406e-02 1.492314584843429937e-01 9.286932149075782794e-02 1.552000000000000046e-01 1.260550771079143040e-01 1.492314584843429937e-01 1.260550771079143040e-01 1.907639999999999891e-01
1.792960000000000109e-01 9.339074508759093174e-02 1.555940913212347787e-01 9.339074508759094562e-02 1.552000000000000046e-01 1.342679976631013239e-01 1.555940913212347787e-01 1.342679976631013239e-01 1.907639999999999891e-01
1.792960000000000109e-01 9.855999999999999484e-02 1.598880000000000023e-01 9.856000000000000871e-02 1.552000000000000046e-01 1.368800000000000017e-01 1.598880000000000023e-01 1.368800000000000017e-01 1.907639999999999891e-01
c: 
2.125000000000000000e+00
2.365000000000000213e+00
1.979999999999999982e+00
