CDF: 
1.700000000000000122e-01 2.300000000000000100e-01 5.200000000000000178e-01 1.000000000000000000e+00
1.799999999999999933e-01 4.199999999999999845e-01 6.300000000000000044e-01 1.000000000000000000e+00
5.500000000000000444e-01 5.600000000000000533e-01 8.000000000000000444e-01 1.000000000000000000e+00
sigma: 
1.783710000000000573e-01 6.447169952667732018e-03 4.731988545437514071e-03 6.447169952667731151e-03 1.824510000000000021e-01 5.720029507591864112e-03 4.731988545437514071e-03 5.720029507591864112e-03 1.471710000000000240e-01
1.783710000000000573e-01 1.637247178735042746e-02 1.171132693531286642e-02 1.637247178735042399e-02 1.824510000000000021e-01 1.121685419674231000e-02 1.171132693531286642e-02 1.121685419674231000e-02 1.471710000000000240e-01
1.783710000000000573e-01 2.277370891256276161e-02 1.699628126301598596e-02 2.277370891256275814e-02 1.824510000000000021e-01 2.076996415641395657e-02 1.699628126301598596e-02 2.076996415641395657e-02 1.471710000000000240e-01
1.783710000000000573e-01 3.074631062708925097e-02 2.061169543271736126e-02 3.074631062708924403e-02 1.824510000000000021e-01 2.375094963881922011e-02 2.061169543271736126e-02 2.375094963881922011e-02 1.471710000000000240e-01
1.783710000000000573e-01 3.750054491754981761e-02 2.826975662669466843e-02 3.750054491754981068e-02 1.824510000000000021e-01 3.452243645527301036e-02 2.826975662669466843e-02 3.452243645527301036e-02 1.471710000000000240e-01
1.783710000000000573e-01 4.567369293055216495e-02 3.398898507077106196e-02 4.567369293055215107e-02 1.824510000000000021e-01 4.062479790982991001e-02 3.398898507077106196e-02 4.062479790982991001e-02 1.471710000000000240e-01
1.783710000000000573e-01 5.650359036171907767e-02 4.169339878243832898e-02 5.650359036171907073e-02 1.824510000000000021e-01 4.429954260183992937e-02 4.169339878243832898e-02 4.429954260183992937e-02 1.471710000000000240e-01
1.783710000000000573e-01 6.079727356488909967e-02 4.708476754528090336e-02 6.079727356488909273e-02 1.824510000000000021e-01 4.913937328012028816e-02 4.708476754528090336e-02 4.913937328012028816e-02 1.471710000000000240e-01
1.783710000000000573e-01 7.269655948227485287e-02 5.257185237389832427e-02 7.269655948227483899e-02 1.824510000000000021e-01 6.017355671503805958e-02 5.257185237389832427e-02 6.017355671503805958e-02 1.471710000000000240e-01
1.783710000000000573e-01 7.415110022103202359e-02 5.619008574176356796e-02 7.415110022103200971e-02 1.824510000000000021e-01 6.387011269874109942e-02 5.619008574176356796e-02 6.387011269874109942e-02 1.471710000000000240e-01
1.783710000000000573e-01 8.500645529480375939e-02 6.676556931958942120e-02 8.500645529480374551e-02 1.824510000000000021e-01 7.435536395374299501e-02 6.676556931958942120e-02 7.435536395374299501e-02 1.471710000000000240e-01
1.783710000000000573e-01 9.836176224444745375e-02 7.254002227619209264e-02 9.836176224444743987e-02 1.824510000000000021e-01 8.349673625963453805e-02 7.254002227619209264e-02 8.349673625963453805e-02 1.471710000000000240e-01
1.783710000000000573e-01 1.007296611851092039e-01 7.474338206214903302e-02 1.007296611851091900e-01 1.824510000000000021e-01 8.626984978466951948e-02 7.474338206214903302e-02 8.626984978466951948e-02 1.471710000000000240e-01
1.783710000000000573e-01 1.123398772113222005e-01 8.115017719639436300e-02 1.123398772113221727e-01 1.824510000000000021e-01 9.767807458214113059e-02 8.115017719639436300e-02 9.767807458214113059e-02 1.471710000000000240e-01
1.783710000000000573e-01 1.159385148386204434e-01 8.669456767515275331e-02 1.159385148386204295e-01 1.824510000000000021e-01 9.807704992897091356e-02 8.669456767515275331e-02 9.807704992897091356e-02 1.471710000000000240e-01
1.783710000000000573e-01 1.245727465541194845e-01 9.651916006511726542e-02 1.245727465541194706e-01 1.824510000000000021e-01 1.097090876565756934e-01 9.651916006511726542e-02 1.097090876565756934e-01 1.471710000000000240e-01
1.783710000000000573e-01 1.367318162048655195e-01 1.002779373210415381e-01 1.367318162048654917e-01 1.824510000000000021e-01 1.148681049037990343e-01 1.002779373210415381e-01 1.148681049037990343e-01 1.471710000000000240e-01
1.783710000000000573e-01 1.430419269892895529e-01 1.090516708738668850e-01 1.430419269892895251e-01 1.824510000000000021e-01 1.194897436103792704e-01 1.090516708738668850e-01 1.194897436103792704e-01 1.471710000000000240e-01
1.783710000000000573e-01 1.548617686971329177e-01 1.108976305954523650e-01 1.548617686971328899e-01 1.824510000000000021e-01 1.265535748433994079e-01 1.108976305954523650e-01 1.265535748433994079e-01 1.471710000000000240e-01
1.783710000000000573e-01 1.563390000000000057e-01 1.165710000000000079e-01 1.563389999999999780e-01 1.824510000000000021e-01 1.328389999999999849e-01 1.165710000000000079e-01 1.328389999999999849e-01 1.471710000000000240e-01
c: 
2.862999999999999989e+00
1.171999999999999931e+00
2.373000000000000220e+00
