CDF: 
1.199999999999999956e-01 2.000000000000000111e-01 3.300000000000000155e-01 1.000000000000000000e+00
3.699999999999999956e-01 6.899999999999999467e-01 7.900000000000000355e-01 1.000000000000000000e+00
2.099999999999999922e-01 6.800000000000000488e-01 7.199999999999999734e-01 1.000000000000000000e+00
sigma: 
1.493559999999999888e-01 2.716604838692959767e-03 1.915284340365865437e-03 2.716604838692960201e-03 1.402039999999999953e-01 9.942838515950920726e-04 1.915284340365865437e-03 9.942838515950920726e-04 1.531000000000000139e-01
1.493559999999999888e-01 6.926932740909256050e-03 7.845121329067972563e-03 6.926932740909256918e-03 1.402039999999999953e-01 1.182797436819740637e-02 7.845121329067972563e-03 1.182797436819740637e-02 1.531000000000000139e-01
1.493559999999999888e-01 1.071166315396872813e-02 1.085672679507102348e-02 1.071166315396872987e-02 1.402039999999999953e-01 1.545838300064494852e-02 1.085672679507102348e-02 1.545838300064494852e-02 1.531000000000000139e-01
1.493559999999999888e-01 1.541761349318132232e-02 1.621868658766418766e-02 1.541761349318132579e-02 1.402039999999999953e-01 2.178716886517711657e-02 1.621868658766418766e-02 2.178716886517711657e-02 1.531000000000000139e-01
1.493559999999999888e-01 2.162771853554684709e-02 1.875319683121611306e-02 2.162771853554685056e-02 1.402039999999999953e-01 2.949669805315519380e-02 1.875319683121611306e-02 2.949669805315519380e-02 1.531000000000000139e-01
1.493559999999999888e-01 2.546528927095763686e-02 2.328118152970746688e-02 2.546528927095764380e-02 1.402039999999999953e-01 3.796373495334379178e-02 2.328118152970746688e-02 3.796373495334379178e-02 1.531000000000000139e-01
1.493559999999999888e-01 3.017222432322992989e-02 2.805296666512623049e-02 3.017222432322993336e-02 1.402039999999999953e-01 4.398913772456331667e-02 2.805296666512623049e-02 4.398913772456331667e-02 1.531000000000000139e-01
1.493559999999999888e-01 3.368646021400442669e-02 3.508063525833535895e-02 3.368646021400442669e-02 1.402039999999999953e-01 5.405996711585393799e-02 3.508063525833535895e-02 5.405996711585393799e-02 1.531000000000000139e-01
1.493559999999999888e-01 3.652437036529102010e-02 4.006162006926111685e-02 3.652437036529102704e-02 1.402039999999999953e-01 5.987121221054821779e-02 4.006162006926111685e-02 5.987121221054821779e-02 1.531000000000000139e-01
1.493559999999999888e-01 4.136235105345477392e-02 4.339371104916119049e-02 4.136235105345478086e-02 1.402039999999999953e-01 6.570690590614591819e-02 4.339371104916119049e-02 6.570690590614591819e-02 1.531000000000000139e-01
1.493559999999999888e-01 4.736912883895511711e-02 4.983325830794437666e-02 4.736912883895512405e-02 1.402039999999999953e-01 7.248035427458406066e-02 4.983325830794437666e-02 7.248035427458406066e-02 1.531000000000000139e-01
1.493559999999999888e-01 5.153700348276051696e-02 5.498466352088779430e-02 5.153700348276052390e-02 1.402039999999999953e-01 8.022869966432358280e-02 5.498466352088779430e-02 8.022869966432358280e-02 1.531000000000000139e-01
1.493559999999999888e-01 5.273719843803176960e-02 5.550340415996617149e-02 5.273719843803177654e-02 1.402039999999999953e-01 8.647208007408009600e-02 5.550340415996617149e-02 8.647208007408009600e-02 1.531000000000000139e-01
1.493559999999999888e-01 5.872119378034412057e-02 6.164076191691870293e-02 5.872119378034413445e-02 1.402039999999999953e-01 9.749216153781305183e-02 6.164076191691870293e-02 9.749216153781305183e-02 1.531000000000000139e-01
1.493559999999999888e-01 6.218850842734189449e-02 6.739761737284706566e-02 6.218850842734190837e-02 1.402039999999999953e-01 9.966787895768383643e-02 6.739761737284706566e-02 9.966787895768383643e-02 1.531000000000000139e-01
1.493559999999999888e-01 6.925752243579461065e-02 7.366149980717684453e-02 6.925752243579462453e-02 1.402039999999999953e-01 1.061311044154378547e-01 7.366149980717684453e-02 1.061311044154378547e-01 1.531000000000000139e-01
1.493559999999999888e-01 6.949064597226999040e-02 7.617438663820551292e-02 6.949064597227000428e-02 1.402039999999999953e-01 1.179210665758397697e-01 7.617438663820551292e-02 1.179210665758397697e-01 1.531000000000000139e-01
1.493559999999999888e-01 7.393481856703097710e-02 7.935975559579395988e-02 7.393481856703099098e-02 1.402039999999999953e-01 1.223502279726769171e-01 7.935975559579395988e-02 1.223502279726769171e-01 1.531000000000000139e-01
1.493559999999999888e-01 8.095897768029211572e-02 8.388832656016981248e-02 8.095897768029212960e-02 1.402039999999999953e-01 1.317571564883994462e-01 8.388832656016981248e-02 1.317571564883994462e-01 1.531000000000000139e-01
1.493559999999999888e-01 8.226799999999998003e-02 8.777999999999999692e-02 8.226799999999999391e-02 1.402039999999999953e-01 1.335399999999999920e-01 8.777999999999999692e-02 1.335399999999999920e-01 1.531000000000000139e-01
c: 
2.523000000000000131e+00
2.665999999999999925e+00
1.493999999999999995e+00
