CDF: 
2.800000000000000266e-01 5.400000000000000355e-01 5.699999999999999512e-01 1.000000000000000000e+00
2.700000000000000178e-01 4.400000000000000022e-01 7.299999999999999822e-01 1.000000000000000000e+00
4.899999999999999911e-01 7.099999999999999645e-01 7.500000000000000000e-01 1.000000000000000000e+00
sigma: 
2.190749999999999642e-01 2.530120384507360699e-03 7.127491844804942703e-03 2.530120384507360699e-03 1.579240000000000088e-01 3.419927901057180815e-03 7.127491844804942703e-03 3.419927901057180815e-03 1.751439999999999664e-01
2.190749999999999642e-01 1.092704520112228184e-02 1.379492180170129381e-02 1.092704520112228184e-02 1.579240000000000088e-01 1.103027956270652074e-02 1.379492180170129381e-02 1.103027956270652074e-02 1.751439999999999664e-01
2.190749999999999642e-01 2.046975581278827339e-02 1.844938101403189798e-02 2.046975581278827339e-02 1.579240000000000088e-01 2.458078299473370754e-02 1.844938101403189798e-02 2.458078299473370754e-02 1.751439999999999664e-01
2.190749999999999642e-01 2.474503851292935916e-02 2.336267757479544571e-02 2.474503851292935916e-02 1.579240000000000088e-01 3.142455649294591952e-02 2.336267757479544571e-02 3.142455649294591952e-02 1.751439999999999664e-01
2.190749999999999642e-01 3.896546819095548370e-02 3.516490939478469219e-02 3.896546819095548370e-02 1.579240000000000088e-01 3.809641158124415367e-02 3.516490939478469219e-02 3.809641158124415367e-02 1.751439999999999664e-01
2.190749999999999642e-01 4.447792041365657145e-02 4.365822165865869409e-02 4.447792041365657145e-02 1.579240000000000088e-01 4.216868464172181252e-02 4.365822165865869409e-02 4.216868464172181252e-02 1.751439999999999664e-01
2.190749999999999642e-01 5.443847531703624454e-02 4.960142549223608283e-02 5.443847531703624454e-02 1.579240000000000088e-01 5.702413167798228710e-02 4.960142549223608283e-02 5.702413167798228710e-02 1.751439999999999664e-01
2.190749999999999642e-01 5.704343350066257146e-02 5.978096881921864808e-02 5.704343350066257146e-02 1.579240000000000088e-01 6.139992220214462310e-02 5.978096881921864808e-02 6.139992220214462310e-02 1.751439999999999664e-01
2.190749999999999642e-01 6.462310210605816396e-02 6.191942142139322119e-02 6.462310210605816396e-02 1.579240000000000088e-01 6.948549343860917216e-02 6.191942142139322119e-02 6.948549343860917216e-02 1.751439999999999664e-01
2.190749999999999642e-01 7.777238726473466313e-02 7.147057872713459548e-02 7.777238726473466313e-02 1.579240000000000088e-01 8.061313030721574402e-02 7.147057872713459548e-02 8.061313030721574402e-02 1.751439999999999664e-01
2.190749999999999642e-01 8.288976646257775749e-02 8.131670351576815448e-02 8.288976646257775749e-02 1.579240000000000088e-01 9.014538409891378890e-02 8.131670351576815448e-02 9.014538409891378890e-02 1.751439999999999664e-01
2.190749999999999642e-01 9.427326460533587416e-02 8.782257566715997998e-02 9.427326460533587416e-02 1.579240000000000088e-01 9.352909272873208280e-02 8.782257566715997998e-02 9.352909272873208280e-02 1.751439999999999664e-01
2.190749999999999642e-01 1.024417449263048813e-01 9.298751390731814503e-02 1.024417449263048813e-01 1.579240000000000088e-01 1.024304486049123220e-01 9.298751390731814503e-02 1.024304486049123220e-01 1.751439999999999664e-01
2.190749999999999642e-01 1.054082700408140172e-01 1.043731937693462841e-01 1.054082700408140172e-01 1.579240000000000088e-01 1.155771232988895419e-01 1.043731937693462841e-01 1.155771232988895419e-01 1.751439999999999664e-01
2.190749999999999642e-01 1.156568113949368176e-01 1.074923324311170825e-01 1.156568113949368176e-01 1.579240000000000088e-01 1.185038605037793125e-01 1.074923324311170825e-01 1.185038605037793125e-01 1.751439999999999664e-01
2.190749999999999642e-01 1.240087341256994879e-01 1.204692666100374010e-01 1.240087341256994879e-01 1.579240000000000088e-01 1.292790603890277557e-01 1.204692666100374010e-01 1.292790603890277557e-01 1.751439999999999664e-01
2.190749999999999642e-01 1.293044947948513990e-01 1.247637829471092974e-01 1.293044947948513990e-01 1.579240000000000088e-01 1.338041524024315421e-01 1.247637829471092974e-01 1.338041524024315421e-01 1.751439999999999664e-01
2.190749999999999642e-01 1.363079655061845419e-01 1.371155645187864258e-01 1.363079655061845419e-01 1.579240000000000088e-01 1.444935927854281432e-01 1.371155645187864258e-01 1.444935927854281432e-01 1.751439999999999664e-01
2.190749999999999642e-01 1.477401231868918641e-01 1.442027472873488037e-01 1.477401231868918641e-01 1.579240000000000088e-01 1.546592596238965112e-01 1.442027472873488037e-01 1.546592596238965112e-01 1.751439999999999664e-01
2.190749999999999642e-01 1.513900000000000245e-01 1.453399999999999970e-01 1.513900000000000245e-01 1.579240000000000088e-01 1.581839999999999913e-01 1.453399999999999970e-01 1.581839999999999913e-01 1.751439999999999664e-01
c: 
1.256000000000000005e+00
1.669000000000000039e+00
1.967999999999999972e+00
