CDF: 
1.700000000000000122e-01 3.099999999999999978e-01 8.299999999999999600e-01 1.000000000000000000e+00
2.200000000000000011e-01 3.599999999999999867e-01 7.800000000000000266e-01 1.000000000000000000e+00
1.199999999999999956e-01 1.600000000000000033e-01 5.400000000000000355e-01 1.000000000000000000e+00
sigma: 
9.396400000000001973e-02 4.434407996077835250e-03 2.049054700919373563e-03 4.434407996077836117e-03 1.197440000000000171e-01 1.540712870747180593e-03 2.049054700919373997e-03 1.540712870747180593e-03 1.380000000000000115e-01
9.396400000000001973e-02 8.042568996595875208e-03 5.137716400489343582e-03 8.042568996595876943e-03 1.197440000000000171e-01 8.049085920014267120e-03 5.137716400489344450e-03 8.049085920014267120e-03 1.380000000000000115e-01
9.396400000000001973e-02 1.186900365944758978e-02 1.235343884480740763e-02 1.186900365944759152e-02 1.197440000000000171e-01 1.420654052787577969e-02 1.235343884480741110e-02 1.420654052787577969e-02 1.380000000000000115e-01
9.396400000000001973e-02 1.522349917343880990e-02 1.677344497850415811e-02 1.522349917343881337e-02 1.197440000000000171e-01 1.701028693476047335e-02 1.677344497850416158e-02 1.701028693476047335e-02 1.380000000000000115e-01
9.396400000000001973e-02 2.414823042631668304e-02 2.112473854655233518e-02 2.414823042631668651e-02 1.197440000000000171e-01 2.575067607194450950e-02 2.112473854655233865e-02 2.575067607194450950e-02 1.380000000000000115e-01
9.396400000000001973e-02 2.978445272718232770e-02 2.379886268679762967e-02 2.978445272718233117e-02 1.197440000000000171e-01 3.085772709597075364e-02 2.379886268679763314e-02 3.085772709597075364e-02 1.380000000000000115e-01
9.396400000000001973e-02 3.184195426322823652e-02 2.753651386846500682e-02 3.184195426322824346e-02 1.197440000000000171e-01 3.403145714628194596e-02 2.753651386846501029e-02 3.403145714628194596e-02 1.380000000000000115e-01
9.396400000000001973e-02 3.951641040090216744e-02 3.103963951094259807e-02 3.951641040090217438e-02 1.197440000000000171e-01 3.792231679840250835e-02 3.103963951094260154e-02 3.792231679840250835e-02 1.380000000000000115e-01
9.396400000000001973e-02 4.512796258630925178e-02 3.471798549084469804e-02 4.512796258630925872e-02 1.197440000000000171e-01 4.418452482677000942e-02 3.471798549084470498e-02 4.418452482677000942e-02 1.380000000000000115e-01
9.396400000000001973e-02 4.578414847443618846e-02 4.026375548580747588e-02 4.578414847443619540e-02 1.197440000000000171e-01 5.135144636160487303e-02 4.026375548580748281e-02 5.135144636160487303e-02 1.380000000000000115e-01
9.396400000000001973e-02 5.449342191036868344e-02 4.757497954607230184e-02 5.449342191036869038e-02 1.197440000000000171e-01 5.359723527023751988e-02 4.757497954607230878e-02 5.359723527023751988e-02 1.380000000000000115e-01
9.396400000000001973e-02 5.779173600698463836e-02 4.869584394511387859e-02 5.779173600698465224e-02 1.197440000000000171e-01 5.699138332335789564e-02 4.869584394511388553e-02 5.699138332335789564e-02 1.380000000000000115e-01
9.396400000000001973e-02 6.301531139888638666e-02 5.333521462702032340e-02 6.301531139888640054e-02 1.197440000000000171e-01 6.665645297590334917e-02 5.333521462702033034e-02 6.665645297590334917e-02 1.380000000000000115e-01
9.396400000000001973e-02 6.919007811700986221e-02 5.824917288371816299e-02 6.919007811700987609e-02 1.197440000000000171e-01 7.030649024892247911e-02 5.824917288371816992e-02 7.030649024892247911e-02 1.380000000000000115e-01
9.396400000000001973e-02 7.167428557464934624e-02 6.072116287255363565e-02 7.167428557464934624e-02 1.197440000000000171e-01 7.295065326057227628e-02 6.072116287255364953e-02 7.295065326057227628e-02 1.380000000000000115e-01
9.396400000000001973e-02 8.067559789532320613e-02 6.597277591245186146e-02 8.067559789532322001e-02 1.197440000000000171e-01 8.025622557993725148e-02 6.597277591245187534e-02 8.025622557993725148e-02 1.380000000000000115e-01
9.396400000000001973e-02 8.395600049239296259e-02 7.307753168324455928e-02 8.395600049239297646e-02 1.197440000000000171e-01 8.656757308696823305e-02 7.307753168324457316e-02 8.656757308696823305e-02 1.380000000000000115e-01
9.396400000000001973e-02 8.704454613492416948e-02 7.368679225326213444e-02 8.704454613492418336e-02 1.197440000000000171e-01 9.200911844233812531e-02 7.368679225326214832e-02 9.200911844233812531e-02 1.380000000000000115e-01
9.396400000000001973e-02 9.274584162535084997e-02 8.019584514902908245e-02 9.274584162535086385e-02 1.197440000000000171e-01 9.691703613179286636e-02 8.019584514902909633e-02 9.691703613179286636e-02 1.380000000000000115e-01
9.396400000000001973e-02 9.590400000000000313e-02 8.227999999999999203e-02 9.590400000000001701e-02 1.197440000000000171e-01 9.808000000000000052e-02 8.228000000000000591e-02 9.808000000000000052e-02 1.380000000000000115e-01
c: 
2.770000000000000018e+00
1.366000000000000103e+00
1.580999999999999961e+00
