CDF: 
1.700000000000000122e-01 3.499999999999999778e-01 5.699999999999999512e-01 1.000000000000000000e+00
5.000000000000000278e-02 1.199999999999999956e-01 2.800000000000000266e-01 1.000000000000000000e+00
1.400000000000000133e-01 4.699999999999999734e-01 6.600000000000000311e-01 1.000000000000000000e+00
sigma: 
1.654839999999999922e-01 1.088914755792583537e-03 4.254031702509964937e-04 1.088914755792583754e-03 1.115960000000000008e-01 3.038426607631362214e-03 4.254031702509964937e-04 3.038426607631362214e-03 1.512760000000000493e-01
1.654839999999999922e-01 7.629318245268269620e-03 1.390261098891041984e-02 7.629318245268270487e-03 1.115960000000000008e-01 5.068189329626114452e-03 1.390261098891041984e-02 5.068189329626114452e-03 1.512760000000000493e-01
1.654839999999999922e-01 1.554536846186242716e-02 1.910073997092520334e-02 1.554536846186242889e-02 1.115960000000000008e-01 9.804129635888083477e-03 1.910073997092520334e-02 9.804129635888083477e-03 1.512760000000000493e-01
1.654839999999999922e-01 1.795105470231464495e-02 2.575818188740629580e-02 1.795105470231464842e-02 1.115960000000000008e-01 1.300481070334464501e-02 2.575818188740629580e-02 1.300481070334464501e-02 1.512760000000000493e-01
1.654839999999999922e-01 2.326523194045944376e-02 3.216975998252840502e-02 2.326523194045944723e-02 1.115960000000000008e-01 1.948894862575355560e-02 3.216975998252840502e-02 1.948894862575355560e-02 1.512760000000000493e-01
1.654839999999999922e-01 2.748161183324549298e-02 4.226035570879402986e-02 2.748161183324549645e-02 1.115960000000000008e-01 2.270250398997699509e-02 4.226035570879402986e-02 2.270250398997699509e-02 1.512760000000000493e-01
1.654839999999999922e-01 3.305627926888622670e-02 4.959469451980385440e-02 3.305627926888623364e-02 1.115960000000000008e-01 2.558159127997709087e-02 4.959469451980385440e-02 2.558159127997709087e-02 1.512760000000000493e-01
1.654839999999999922e-01 4.147328703882885437e-02 5.588382864092526076e-02 4.147328703882885437e-02 1.115960000000000008e-01 3.239486011173001861e-02 5.588382864092526076e-02 3.239486011173001861e-02 1.512760000000000493e-01
1.654839999999999922e-01 4.470266372803360921e-02 6.189553872057022149e-02 4.470266372803361615e-02 1.115960000000000008e-01 3.557275337558427758e-02 6.189553872057022149e-02 3.557275337558427758e-02 1.512760000000000493e-01
1.654839999999999922e-01 5.051456982410700014e-02 7.064156818778981328e-02 5.051456982410700708e-02 1.115960000000000008e-01 3.888040753273033084e-02 7.064156818778981328e-02 3.888040753273033084e-02 1.512760000000000493e-01
1.654839999999999922e-01 5.199630887826684617e-02 7.497348596070178839e-02 5.199630887826685310e-02 1.115960000000000008e-01 4.390661490716250837e-02 7.497348596070178839e-02 4.390661490716250837e-02 1.512760000000000493e-01
1.654839999999999922e-01 5.966894672860190152e-02 8.349011936146892576e-02 5.966894672860190846e-02 1.115960000000000008e-01 4.880941744103326624e-02 8.349011936146892576e-02 4.880941744103326624e-02 1.512760000000000493e-01
1.654839999999999922e-01 6.477310688808499139e-02 9.640334423445293122e-02 6.477310688808500527e-02 1.115960000000000008e-01 5.250343972628835482e-02 9.640334423445293122e-02 5.250343972628835482e-02 1.512760000000000493e-01
1.654839999999999922e-01 7.101761547487658865e-02 9.868803942654505446e-02 7.101761547487660253e-02 1.115960000000000008e-01 5.697373504605485889e-02 9.868803942654505446e-02 5.697373504605485889e-02 1.512760000000000493e-01
1.654839999999999922e-01 7.718911119469079596e-02 1.083915328344016160e-01 7.718911119469079596e-02 1.115960000000000008e-01 5.960572416639282195e-02 1.083915328344016160e-01 5.960572416639282195e-02 1.512760000000000493e-01
1.654839999999999922e-01 8.102762952539251107e-02 1.135499741189456568e-01 8.102762952539252495e-02 1.115960000000000008e-01 6.443978827661162034e-02 1.135499741189456568e-01 6.443978827661162034e-02 1.512760000000000493e-01
1.654839999999999922e-01 8.806527667800577441e-02 1.196250912964006985e-01 8.806527667800578829e-02 1.115960000000000008e-01 6.964303201771757101e-02 1.196250912964006985e-01 6.964303201771757101e-02 1.512760000000000493e-01
1.654839999999999922e-01 9.273805744025327702e-02 1.336789438546796271e-01 9.273805744025327702e-02 1.115960000000000008e-01 7.430945977316411044e-02 1.336789438546796271e-01 7.430945977316411044e-02 1.512760000000000493e-01
1.654839999999999922e-01 9.552915212642500153e-02 1.409326775503574325e-01 9.552915212642501541e-02 1.115960000000000008e-01 7.793837719857428514e-02 1.409326775503574325e-01 7.793837719857428514e-02 1.512760000000000493e-01
1.654839999999999922e-01 9.870799999999997631e-02 1.417720000000000091e-01 9.870799999999999019e-02 1.115960000000000008e-01 8.056399999999999673e-02 1.417720000000000091e-01 8.056399999999999673e-02 1.512760000000000493e-01
c: 
2.907999999999999918e+00
1.903999999999999915e+00
2.573999999999999844e+00
