CDF: 
2.000000000000000111e-01 3.800000000000000044e-01 5.000000000000000000e-01 1.000000000000000000e+00
1.600000000000000033e-01 3.900000000000000133e-01 4.099999999999999756e-01 1.000000000000000000e+00
2.800000000000000266e-01 3.300000000000000155e-01 6.400000000000000133e-01 1.000000000000000000e+00
sigma: 
2.056840000000000335e-01 7.718098660855275510e-04 4.966030751115817730e-03 7.718098660855273341e-04 2.109389999999999876e-01 2.717010789230560851e-03 4.966030751115817730e-03 2.717010789230560851e-03 1.786360000000000170e-01
2.056840000000000335e-01 1.845049600454879563e-02 1.623487961005148916e-02 1.845049600454879216e-02 2.109389999999999876e-01 8.054315300832814647e-03 1.623487961005148916e-02 8.054315300832814647e-03 1.786360000000000170e-01
2.056840000000000335e-01 2.369695675077691105e-02 1.902153402393430906e-02 2.369695675077690411e-02 2.109389999999999876e-01 2.292401832689852301e-02 1.902153402393430906e-02 2.292401832689852301e-02 1.786360000000000170e-01
2.056840000000000335e-01 3.688913913251583993e-02 2.998312074639967323e-02 3.688913913251582605e-02 2.109389999999999876e-01 3.000872867297058738e-02 2.998312074639967323e-02 3.000872867297058738e-02 1.786360000000000170e-01
2.056840000000000335e-01 4.444433826501443391e-02 3.438646671812727734e-02 4.444433826501442003e-02 2.109389999999999876e-01 3.184597638629902555e-02 3.438646671812727734e-02 3.184597638629902555e-02 1.786360000000000170e-01
2.056840000000000335e-01 5.111039007495273706e-02 4.364171302279187120e-02 5.111039007495271624e-02 2.109389999999999876e-01 4.379657606684653204e-02 4.364171302279187120e-02 4.379657606684653204e-02 1.786360000000000170e-01
2.056840000000000335e-01 6.365898521146653999e-02 5.180068722336052950e-02 6.365898521146652611e-02 2.109389999999999876e-01 5.016332112958459682e-02 5.180068722336052950e-02 5.016332112958459682e-02 1.786360000000000170e-01
2.056840000000000335e-01 6.978390448731880413e-02 6.220850299672876088e-02 6.978390448731879026e-02 2.109389999999999876e-01 5.832928969820357079e-02 6.220850299672876088e-02 5.832928969820357079e-02 1.786360000000000170e-01
2.056840000000000335e-01 8.018928779273405694e-02 7.364823699033119786e-02 8.018928779273402918e-02 2.109389999999999876e-01 6.355085014970220103e-02 7.364823699033119786e-02 6.355085014970220103e-02 1.786360000000000170e-01
2.056840000000000335e-01 9.197618315917932552e-02 8.339133364396777992e-02 9.197618315917929777e-02 2.109389999999999876e-01 7.139222684384710638e-02 8.339133364396777992e-02 7.139222684384710638e-02 1.786360000000000170e-01
2.056840000000000335e-01 1.007247709962084958e-01 9.123531886182968675e-02 1.007247709962084681e-01 2.109389999999999876e-01 8.254028299521494472e-02 9.123531886182968675e-02 8.254028299521494472e-02 1.786360000000000170e-01
2.056840000000000335e-01 1.151576806292738814e-01 9.569893258986880702e-02 1.151576806292738536e-01 2.109389999999999876e-01 9.391483105437421763e-02 9.569893258986880702e-02 9.391483105437421763e-02 1.786360000000000170e-01
2.056840000000000335e-01 1.256637173614237601e-01 1.073425438927913950e-01 1.256637173614237046e-01 2.109389999999999876e-01 1.022304203836768843e-01 1.073425438927913950e-01 1.022304203836768843e-01 1.786360000000000170e-01
2.056840000000000335e-01 1.287130527326608431e-01 1.174780525436188855e-01 1.287130527326607876e-01 2.109389999999999876e-01 1.030764479925216220e-01 1.174780525436188855e-01 1.030764479925216220e-01 1.786360000000000170e-01
2.056840000000000335e-01 1.404770923147719841e-01 1.263429343942168437e-01 1.404770923147719286e-01 2.109389999999999876e-01 1.164070765973985871e-01 1.263429343942168437e-01 1.164070765973985871e-01 1.786360000000000170e-01
2.056840000000000335e-01 1.498013455037277564e-01 1.298866799650206239e-01 1.498013455037277286e-01 2.109389999999999876e-01 1.237162416674967014e-01 1.298866799650206239e-01 1.237162416674967014e-01 1.786360000000000170e-01
2.056840000000000335e-01 1.652230988706087922e-01 1.374276181460500346e-01 1.652230988706087644e-01 2.109389999999999876e-01 1.309093207793128044e-01 1.374276181460500346e-01 1.309093207793128044e-01 1.786360000000000170e-01
2.056840000000000335e-01 1.754590134622041886e-01 1.505275671592235243e-01 1.754590134622041331e-01 2.109389999999999876e-01 1.408890812917655277e-01 1.505275671592235243e-01 1.408890812917655277e-01 1.786360000000000170e-01
2.056840000000000335e-01 1.796153118755210998e-01 1.541507351273102844e-01 1.796153118755210443e-01 2.109389999999999876e-01 1.443771739845665369e-01 1.541507351273102844e-01 1.443771739845665369e-01 1.786360000000000170e-01
2.056840000000000335e-01 1.879740000000000300e-01 1.610679999999999890e-01 1.879739999999999744e-01 2.109389999999999876e-01 1.495980000000000087e-01 1.610679999999999890e-01 1.495980000000000087e-01 1.786360000000000170e-01
c: 
1.330999999999999961e+00
1.594999999999999973e+00
1.183999999999999941e+00
