CDF: 
2.800000000000000266e-01 6.899999999999999467e-01 8.199999999999999512e-01 1.000000000000000000e+00
1.900000000000000022e-01 4.699999999999999734e-01 5.899999999999999689e-01 1.000000000000000000e+00
1.600000000000000033e-01 5.300000000000000266e-01 7.099999999999999645e-01 1.000000000000000000e+00
sigma: 
1.186040000000000011e-01 8.081673325747381915e-04 5.657750790662379771e-03 8.081673325747380831e-04 1.762040000000000273e-01 2.626717953804627928e-03 5.657750790662379771e-03 2.626717953804628362e-03 1.435039999999999927e-01
1.186040000000000011e-01 8.757303479445680341e-03 1.095126024488112491e-02 8.757303479445680341e-03 1.762040000000000273e-01 1.224542094608532285e-02 1.095126024488112491e-02 1.224542094608532632e-02 1.435039999999999927e-01
1.186040000000000011e-01 1.327008805858449769e-02 1.429470423567407930e-02 1.327008805858449596e-02 1.762040000000000273e-01 1.853775478670002808e-02 1.429470423567408104e-02 1.853775478670003155e-02 1.435039999999999927e-01
1.186040000000000011e-01 2.143837745643303525e-02 1.800076246728122761e-02 2.143837745643303178e-02 1.762040000000000273e-01 2.427485416612771077e-02 1.800076246728123108e-02 2.427485416612771424e-02 1.435039999999999927e-01
1.186040000000000011e-01 2.567342302048213065e-02 2.763012694638274439e-02 2.567342302048212718e-02 1.762040000000000273e-01 3.620063151717960170e-02 2.763012694638274785e-02 3.620063151717960864e-02 1.435039999999999927e-01
1.186040000000000011e-01 3.029859264145606107e-02 3.206691074886824228e-02 3.029859264145605760e-02 1.762040000000000273e-01 3.786728531517692675e-02 3.206691074886824228e-02 3.786728531517693369e-02 1.435039999999999927e-01
1.186040000000000011e-01 3.651597651522350135e-02 3.671787386031597628e-02 3.651597651522349441e-02 1.762040000000000273e-01 5.043381630146602512e-02 3.671787386031598321e-02 5.043381630146603900e-02 1.435039999999999927e-01
1.186040000000000011e-01 4.184885936770996184e-02 4.582204824157392470e-02 4.184885936770995490e-02 1.762040000000000273e-01 5.379240508208291138e-02 4.582204824157393164e-02 5.379240508208291832e-02 1.435039999999999927e-01
1.186040000000000011e-01 4.797943500717157667e-02 4.863002567393232695e-02 4.797943500717157667e-02 1.762040000000000273e-01 6.161721364014538516e-02 4.863002567393233389e-02 6.161721364014539903e-02 1.435039999999999927e-01
1.186040000000000011e-01 5.500387209900026164e-02 5.712162765608640169e-02 5.500387209900025470e-02 1.762040000000000273e-01 6.734954263759725113e-02 5.712162765608640863e-02 6.734954263759726500e-02 1.435039999999999927e-01
1.186040000000000011e-01 6.203772681864422323e-02 6.159284674041281410e-02 6.203772681864421629e-02 1.762040000000000273e-01 7.775956498058667066e-02 6.159284674041282104e-02 7.775956498058668453e-02 1.435039999999999927e-01
1.186040000000000011e-01 6.787290188059709461e-02 6.840894501477320921e-02 6.787290188059708074e-02 1.762040000000000273e-01 8.223310177674492127e-02 6.840894501477322309e-02 8.223310177674493515e-02 1.435039999999999927e-01
1.186040000000000011e-01 7.034763732693799509e-02 7.587530340390089001e-02 7.034763732693798122e-02 1.762040000000000273e-01 8.961548998812393640e-02 7.587530340390089001e-02 8.961548998812395028e-02 1.435039999999999927e-01
1.186040000000000011e-01 7.622261245712451394e-02 7.833069579757498402e-02 7.622261245712451394e-02 1.762040000000000273e-01 9.911200751052971769e-02 7.833069579757499790e-02 9.911200751052973157e-02 1.435039999999999927e-01
1.186040000000000011e-01 8.172053678226845475e-02 8.836195054845046026e-02 8.172053678226844087e-02 1.762040000000000273e-01 1.071667570837981087e-01 8.836195054845047414e-02 1.071667570837981226e-01 1.435039999999999927e-01
1.186040000000000011e-01 8.706809767160859914e-02 9.125162730681687928e-02 8.706809767160859914e-02 1.762040000000000273e-01 1.154261104000234295e-01 9.125162730681687928e-02 1.154261104000234572e-01 1.435039999999999927e-01
1.186040000000000011e-01 9.325633276926509341e-02 9.741884456893315503e-02 9.325633276926507953e-02 1.762040000000000273e-01 1.177286860025899690e-01 9.741884456893316890e-02 1.177286860025899967e-01 1.435039999999999927e-01
1.186040000000000011e-01 9.982619286346929022e-02 1.034187676303240794e-01 9.982619286346927634e-02 1.762040000000000273e-01 1.315151173496491022e-01 1.034187676303240933e-01 1.315151173496491299e-01 1.435039999999999927e-01
1.186040000000000011e-01 1.041639133482024082e-01 1.094626107492412959e-01 1.041639133482023943e-01 1.762040000000000273e-01 1.352358625982562346e-01 1.094626107492413097e-01 1.352358625982562623e-01 1.435039999999999927e-01
1.186040000000000011e-01 1.078040000000000109e-01 1.130959999999999882e-01 1.078039999999999971e-01 1.762040000000000273e-01 1.394959999999999811e-01 1.130960000000000021e-01 1.394960000000000089e-01 1.435039999999999927e-01
c: 
2.619000000000000217e+00
2.595000000000000195e+00
2.186999999999999833e+00
