CDF: 
3.900000000000000133e-01 4.199999999999999845e-01 4.899999999999999911e-01 1.000000000000000000e+00
2.800000000000000266e-01 3.699999999999999956e-01 5.400000000000000355e-01 1.000000000000000000e+00
1.100000000000000006e-01 2.200000000000000011e-01 6.099999999999999867e-01 1.000000000000000000e+00
sigma: 
2.314440000000000108e-01 1.045530195913099529e-02 8.830983464115593979e-04 1.045530195913099876e-02 2.058000000000000107e-01 8.215899566836045581e-03 8.830983464115593979e-04 8.215899566836045581e-03 1.578760000000000163e-01
2.314440000000000108e-01 1.784449974549510640e-02 1.366919115617859504e-02 1.784449974549511334e-02 2.058000000000000107e-01 1.496924777020278846e-02 1.366919115617859504e-02 1.496924777020278846e-02 1.578760000000000163e-01
2.314440000000000108e-01 2.366808546973626221e-02 1.850677440660252956e-02 2.366808546973626567e-02 2.058000000000000107e-01 2.432811773191576390e-02 1.850677440660252956e-02 2.432811773191576390e-02 1.578760000000000163e-01
2.314440000000000108e-01 3.505201872709228644e-02 2.669690379727354679e-02 3.505201872709230032e-02 2.058000000000000107e-01 2.590476049015215734e-02 2.669690379727354679e-02 2.590476049015215734e-02 1.578760000000000163e-01
2.314440000000000108e-01 5.377840212139112924e-02 3.798334435202462694e-02 5.377840212139114312e-02 2.058000000000000107e-01 3.784558956966065785e-02 3.798334435202462694e-02 3.784558956966065785e-02 1.578760000000000163e-01
2.314440000000000108e-01 6.155076026739381839e-02 4.577850449818018225e-02 6.155076026739383227e-02 2.058000000000000107e-01 4.593085299812841443e-02 4.577850449818018225e-02 4.593085299812841443e-02 1.578760000000000163e-01
2.314440000000000108e-01 7.241388746367084794e-02 5.439273700353192825e-02 7.241388746367086182e-02 2.058000000000000107e-01 5.058801580095700912e-02 5.439273700353192825e-02 5.058801580095700912e-02 1.578760000000000163e-01
2.314440000000000108e-01 8.095515987567100669e-02 5.861308419204892123e-02 8.095515987567103444e-02 2.058000000000000107e-01 6.163235029536352771e-02 5.861308419204892123e-02 6.163235029536352771e-02 1.578760000000000163e-01
2.314440000000000108e-01 8.899644742215237492e-02 6.759851565111986427e-02 8.899644742215240267e-02 2.058000000000000107e-01 7.294577022622780738e-02 6.759851565111986427e-02 7.294577022622780738e-02 1.578760000000000163e-01
2.314440000000000108e-01 9.715335143468728507e-02 7.603329275882643457e-02 9.715335143468731283e-02 2.058000000000000107e-01 8.144938784234248552e-02 7.603329275882643457e-02 8.144938784234248552e-02 1.578760000000000163e-01
2.314440000000000108e-01 1.145269447968303017e-01 8.892707552382332625e-02 1.145269447968303295e-01 2.058000000000000107e-01 8.828177703600642579e-02 8.892707552382332625e-02 8.828177703600642579e-02 1.578760000000000163e-01
2.314440000000000108e-01 1.236983030197799788e-01 9.323699943290555958e-02 1.236983030197800204e-01 2.058000000000000107e-01 9.652622575386289594e-02 9.323699943290555958e-02 9.652622575386289594e-02 1.578760000000000163e-01
2.314440000000000108e-01 1.360782316970201300e-01 1.052081636833373107e-01 1.360782316970201578e-01 2.058000000000000107e-01 1.043931547853550607e-01 1.052081636833373107e-01 1.043931547853550607e-01 1.578760000000000163e-01
2.314440000000000108e-01 1.423598499398598394e-01 1.120225887703537038e-01 1.423598499398598949e-01 2.058000000000000107e-01 1.163719214930130086e-01 1.120225887703537038e-01 1.163719214930130086e-01 1.578760000000000163e-01
2.314440000000000108e-01 1.573622344882630864e-01 1.214254595121806862e-01 1.573622344882631419e-01 2.058000000000000107e-01 1.203997388298762433e-01 1.214254595121806862e-01 1.203997388298762433e-01 1.578760000000000163e-01
2.314440000000000108e-01 1.719857901733253536e-01 1.258687997531002800e-01 1.719857901733253813e-01 2.058000000000000107e-01 1.311175055359122543e-01 1.258687997531002800e-01 1.311175055359122543e-01 1.578760000000000163e-01
2.314440000000000108e-01 1.789266972857112836e-01 1.332239853125964102e-01 1.789266972857113391e-01 2.058000000000000107e-01 1.402106304196759912e-01 1.332239853125964102e-01 1.402106304196759912e-01 1.578760000000000163e-01
2.314440000000000108e-01 1.903532499848775150e-01 1.458841827375230715e-01 1.903532499848775428e-01 2.058000000000000107e-01 1.451888620891366166e-01 1.458841827375230715e-01 1.451888620891366166e-01 1.578760000000000163e-01
2.314440000000000108e-01 1.971416986659099702e-01 1.526441399339360239e-01 1.971416986659100257e-01 2.058000000000000107e-01 1.549282389520509617e-01 1.526441399339360239e-01 1.549282389520509617e-01 1.578760000000000163e-01
2.314440000000000108e-01 2.045199999999999796e-01 1.565880000000000050e-01 2.045200000000000351e-01 2.058000000000000107e-01 1.596400000000000041e-01 1.565880000000000050e-01 1.596400000000000041e-01 1.578760000000000163e-01
c: 
1.395999999999999908e+00
2.576000000000000068e+00
1.600000000000000089e+00
