CDF: 
4.299999999999999933e-01 5.000000000000000000e-01 5.100000000000000089e-01 1.000000000000000000e+00
5.400000000000000355e-01 7.700000000000000178e-01 8.299999999999999600e-01 1.000000000000000000e+00
3.200000000000000067e-01 5.500000000000000444e-01 5.600000000000000533e-01 1.000000000000000000e+00
sigma: 
2.416000000000000092e-01 4.353196697143370958e-03 7.996726492188898153e-03 4.353196697143370958e-03 1.331789999999999918e-01 2.241491143101966444e-03 7.996726492188898153e-03 2.241491143101966444e-03 2.260440000000000227e-01
2.416000000000000092e-01 9.046516796883122963e-03 1.966496811343046783e-02 9.046516796883122963e-03 1.331789999999999918e-01 6.067006330454991284e-03 1.966496811343046783e-02 6.067006330454991284e-03 2.260440000000000227e-01
2.416000000000000092e-01 1.444379221536668499e-02 2.696878651404282026e-02 1.444379221536668499e-02 1.331789999999999918e-01 1.711572804621685692e-02 2.696878651404282026e-02 1.711572804621685692e-02 2.260440000000000227e-01
2.416000000000000092e-01 2.041355437403091083e-02 4.393835728651321326e-02 2.041355437403091083e-02 1.331789999999999918e-01 1.911532859101400250e-02 4.393835728651321326e-02 1.911532859101400250e-02 2.260440000000000227e-01
2.416000000000000092e-01 2.387096222817061686e-02 4.686123239919289668e-02 2.387096222817061686e-02 1.331789999999999918e-01 2.899998445057799107e-02 4.686123239919289668e-02 2.899998445057799107e-02 2.260440000000000227e-01
2.416000000000000092e-01 3.089326712815466600e-02 6.709868823447494302e-02 3.089326712815466600e-02 1.331789999999999918e-01 3.344009305743263910e-02 6.709868823447494302e-02 3.344009305743263910e-02 2.260440000000000227e-01
2.416000000000000092e-01 3.519467741633579283e-02 7.508354050320664719e-02 3.519467741633579283e-02 1.331789999999999918e-01 3.873557626997575776e-02 7.508354050320664719e-02 3.873557626997575776e-02 2.260440000000000227e-01
2.416000000000000092e-01 4.119889052825890380e-02 8.644460378202470374e-02 4.119889052825890380e-02 1.331789999999999918e-01 4.395245835716393712e-02 8.644460378202470374e-02 4.395245835716393712e-02 2.260440000000000227e-01
2.416000000000000092e-01 4.524197067851842141e-02 9.330888093144122653e-02 4.524197067851842141e-02 1.331789999999999918e-01 5.236323134618275921e-02 9.330888093144122653e-02 5.236323134618275921e-02 2.260440000000000227e-01
2.416000000000000092e-01 5.152066479945720257e-02 1.129006069917620758e-01 5.152066479945720257e-02 1.331789999999999918e-01 5.791235717007719302e-02 1.129006069917620758e-01 5.791235717007719302e-02 2.260440000000000227e-01
2.416000000000000092e-01 5.652407630404080591e-02 1.149647208659372311e-01 5.652407630404080591e-02 1.331789999999999918e-01 6.330046494142799185e-02 1.149647208659372311e-01 6.330046494142799185e-02 2.260440000000000227e-01
2.416000000000000092e-01 6.351399198954989223e-02 1.249791318749065155e-01 6.351399198954989223e-02 1.331789999999999918e-01 6.894201751567502479e-02 1.249791318749065155e-01 6.894201751567502479e-02 2.260440000000000227e-01
2.416000000000000092e-01 7.138437106870820781e-02 1.396877232000763303e-01 7.138437106870820781e-02 1.331789999999999918e-01 7.370462122349284717e-02 1.396877232000763303e-01 7.370462122349284717e-02 2.260440000000000227e-01
2.416000000000000092e-01 7.248852020166247911e-02 1.568086877085204944e-01 7.248852020166247911e-02 1.331789999999999918e-01 8.180167930567647239e-02 1.568086877085204944e-01 8.180167930567647239e-02 2.260440000000000227e-01
2.416000000000000092e-01 7.914779233103130807e-02 1.695683380711661969e-01 7.914779233103130807e-02 1.331789999999999918e-01 8.519714779223225287e-02 1.695683380711661969e-01 8.519714779223225287e-02 2.260440000000000227e-01
2.416000000000000092e-01 8.415993985019358525e-02 1.775034046505422625e-01 8.415993985019358525e-02 1.331789999999999918e-01 8.871997298734046744e-02 1.775034046505422625e-01 8.871997298734046744e-02 2.260440000000000227e-01
2.416000000000000092e-01 9.262623206881870352e-02 1.899185088827492762e-01 9.262623206881870352e-02 1.331789999999999918e-01 9.891110841616622407e-02 1.899185088827492762e-01 9.891110841616622407e-02 2.260440000000000227e-01
2.416000000000000092e-01 9.928489828703848663e-02 1.945905007906268136e-01 9.928489828703848663e-02 1.331789999999999918e-01 9.949292041664907493e-02 1.945905007906268136e-01 9.949292041664907493e-02 2.260440000000000227e-01
2.416000000000000092e-01 1.007736200368167384e-01 2.129418253473634448e-01 1.007736200368167384e-01 1.331789999999999918e-01 1.109267766342426353e-01 2.129418253473634448e-01 1.109267766342426353e-01 2.260440000000000227e-01
2.416000000000000092e-01 1.055000000000000104e-01 2.150000000000000244e-01 1.055000000000000104e-01 1.331789999999999918e-01 1.110740000000000061e-01 2.150000000000000244e-01 1.110740000000000061e-01 2.260440000000000227e-01
c: 
2.596000000000000085e+00
1.493000000000000105e+00
1.909999999999999920e+00
