CDF: 
3.800000000000000044e-01 3.900000000000000133e-01 6.400000000000000133e-01 1.000000000000000000e+00
1.799999999999999933e-01 4.500000000000000111e-01 5.000000000000000000e-01 1.000000000000000000e+00
5.500000000000000444e-01 6.300000000000000044e-01 6.999999999999999556e-01 1.000000000000000000e+00
sigma: 
1.925040000000000084e-01 6.360750868909306570e-03 1.995827102787076958e-03 6.360750868909309172e-03 2.134360000000000146e-01 4.053747396614731414e-03 1.995827102787076958e-03 4.053747396614731414e-03 1.988590000000000080e-01
1.925040000000000084e-01 1.734836381676550798e-02 1.708378955473321623e-02 1.734836381676551145e-02 2.134360000000000146e-01 9.683956440658827644e-03 1.708378955473321623e-02 9.683956440658827644e-03 1.988590000000000080e-01
1.925040000000000084e-01 2.654119194639107185e-02 2.159514992365335964e-02 2.654119194639108226e-02 2.134360000000000146e-01 2.316735321361275066e-02 2.159514992365335964e-02 2.316735321361275066e-02 1.988590000000000080e-01
1.925040000000000084e-01 3.377816465772107840e-02 3.707600584777002994e-02 3.377816465772109228e-02 2.134360000000000146e-01 2.662128564702736025e-02 3.707600584777002994e-02 2.662128564702736025e-02 1.988590000000000080e-01
1.925040000000000084e-01 3.669901160877582502e-02 4.280563015135321198e-02 3.669901160877583890e-02 2.134360000000000146e-01 3.662820591453669339e-02 4.280563015135321198e-02 3.662820591453669339e-02 1.988590000000000080e-01
1.925040000000000084e-01 5.004844397298289366e-02 5.197942549749258456e-02 5.004844397298290753e-02 2.134360000000000146e-01 4.205109671890919915e-02 5.197942549749258456e-02 4.205109671890919915e-02 1.988590000000000080e-01
1.925040000000000084e-01 5.480531861503677715e-02 5.657656379589965506e-02 5.480531861503679103e-02 2.134360000000000146e-01 5.135075413705811331e-02 5.657656379589965506e-02 5.135075413705811331e-02 1.988590000000000080e-01
1.925040000000000084e-01 6.723777275239878337e-02 6.827775228424000364e-02 6.723777275239879725e-02 2.134360000000000146e-01 5.670747186391233291e-02 6.827775228424000364e-02 5.670747186391233291e-02 1.988590000000000080e-01
1.925040000000000084e-01 7.577633188951819754e-02 7.823585835885309148e-02 7.577633188951822529e-02 2.134360000000000146e-01 6.473309110455227611e-02 7.823585835885309148e-02 6.473309110455227611e-02 1.988590000000000080e-01
1.925040000000000084e-01 8.849639295945414819e-02 9.216200233086334348e-02 8.849639295945417594e-02 2.134360000000000146e-01 7.717856343467892344e-02 9.216200233086334348e-02 7.717856343467892344e-02 1.988590000000000080e-01
1.925040000000000084e-01 9.356538295025586260e-02 9.706272536180803046e-02 9.356538295025589036e-02 2.134360000000000146e-01 8.370742997609277591e-02 9.706272536180803046e-02 8.370742997609277591e-02 1.988590000000000080e-01
1.925040000000000084e-01 1.078480151884342181e-01 1.056429139388281729e-01 1.078480151884342597e-01 2.134360000000000146e-01 9.105445430425170017e-02 1.056429139388281729e-01 9.105445430425170017e-02 1.988590000000000080e-01
1.925040000000000084e-01 1.152484337799902642e-01 1.128722698942116048e-01 1.152484337799902919e-01 2.134360000000000146e-01 9.811375401734362400e-02 1.128722698942116048e-01 9.811375401734362400e-02 1.988590000000000080e-01
1.925040000000000084e-01 1.207179243411246189e-01 1.294398980177808300e-01 1.207179243411246605e-01 2.134360000000000146e-01 1.033371572970470526e-01 1.294398980177808300e-01 1.033371572970470526e-01 1.988590000000000080e-01
1.925040000000000084e-01 1.317278644292984302e-01 1.314053572545517412e-01 1.317278644292984580e-01 2.134360000000000146e-01 1.135835510185328467e-01 1.314053572545517412e-01 1.135835510185328467e-01 1.988590000000000080e-01
1.925040000000000084e-01 1.425918949012355275e-01 1.477442650454382223e-01 1.425918949012355552e-01 2.134360000000000146e-01 1.224278929321536008e-01 1.477442650454382223e-01 1.224278929321536008e-01 1.988590000000000080e-01
1.925040000000000084e-01 1.455023705681350310e-01 1.543326199869413107e-01 1.455023705681350865e-01 2.134360000000000146e-01 1.345263934818108076e-01 1.543326199869413107e-01 1.345263934818108076e-01 1.988590000000000080e-01
1.925040000000000084e-01 1.612243132411179114e-01 1.670935911105925209e-01 1.612243132411179392e-01 2.134360000000000146e-01 1.375105887747231082e-01 1.670935911105925209e-01 1.375105887747231082e-01 1.988590000000000080e-01
1.925040000000000084e-01 1.699733273739165995e-01 1.693859243902505474e-01 1.699733273739166550e-01 2.134360000000000146e-01 1.481443530516211859e-01 1.693859243902505474e-01 1.481443530516211859e-01 1.988590000000000080e-01
1.925040000000000084e-01 1.720879999999999632e-01 1.778560000000000141e-01 1.720880000000000187e-01 2.134360000000000146e-01 1.506820000000000104e-01 1.778560000000000141e-01 1.506820000000000104e-01 1.988590000000000080e-01
c: 
1.989000000000000101e+00
2.503000000000000114e+00
2.278000000000000025e+00
