CDF: 
2.000000000000000111e-01 2.099999999999999922e-01 3.400000000000000244e-01 1.000000000000000000e+00
2.899999999999999800e-01 3.900000000000000133e-01 5.400000000000000355e-01 1.000000000000000000e+00
1.700000000000000122e-01 4.699999999999999734e-01 6.099999999999999867e-01 1.000000000000000000e+00
sigma: 
1.714039999999999730e-01 6.425833632425083375e-03 3.345223554441216929e-03 6.425833632425085110e-03 1.964000000000000190e-01 1.787073338943527675e-03 3.345223554441218231e-03 1.787073338943527675e-03 1.683640000000000136e-01
1.714039999999999730e-01 1.093088758027995627e-02 1.056522129190509522e-02 1.093088758027995801e-02 1.964000000000000190e-01 9.552834085836434813e-03 1.056522129190509869e-02 9.552834085836434813e-03 1.683640000000000136e-01
1.714039999999999730e-01 1.847401551101234343e-02 1.406195468779957228e-02 1.847401551101234690e-02 1.964000000000000190e-01 2.180697808284047523e-02 1.406195468779957748e-02 2.180697808284047523e-02 1.683640000000000136e-01
1.714039999999999730e-01 2.487103531208842422e-02 2.539042058016169681e-02 2.487103531208843116e-02 1.964000000000000190e-01 3.442266098138025560e-02 2.539042058016170375e-02 3.442266098138025560e-02 1.683640000000000136e-01
1.714039999999999730e-01 3.836525479472631395e-02 3.154589279823936943e-02 3.836525479472632782e-02 1.964000000000000190e-01 3.727076646987761976e-02 3.154589279823938330e-02 3.727076646987761976e-02 1.683640000000000136e-01
1.714039999999999730e-01 4.054992551401187528e-02 3.272557537783489512e-02 4.054992551401188222e-02 1.964000000000000190e-01 4.631319130237628034e-02 3.272557537783490900e-02 4.631319130237628034e-02 1.683640000000000136e-01
1.714039999999999730e-01 5.044024410306944400e-02 4.406363138540795449e-02 5.044024410306945788e-02 1.964000000000000190e-01 5.997094392052824963e-02 4.406363138540797530e-02 5.997094392052824963e-02 1.683640000000000136e-01
1.714039999999999730e-01 5.523892092194708503e-02 4.640837217389512381e-02 5.523892092194709197e-02 1.964000000000000190e-01 6.897320467954111411e-02 4.640837217389514463e-02 6.897320467954111411e-02 1.683640000000000136e-01
1.714039999999999730e-01 6.873969187143497139e-02 5.656335816434981262e-02 6.873969187143498527e-02 1.964000000000000190e-01 7.674357019067858110e-02 5.656335816434982650e-02 7.674357019067858110e-02 1.683640000000000136e-01
1.714039999999999730e-01 7.055099422886293437e-02 5.898087335966264999e-02 7.055099422886294824e-02 1.964000000000000190e-01 8.189078059539001142e-02 5.898087335966267081e-02 8.189078059539001142e-02 1.683640000000000136e-01
1.714039999999999730e-01 8.261145813859289977e-02 6.459874226883342840e-02 8.261145813859292752e-02 1.964000000000000190e-01 9.434585389352817542e-02 6.459874226883345616e-02 9.434585389352817542e-02 1.683640000000000136e-01
1.714039999999999730e-01 9.365623197272632261e-02 7.563788666589166265e-02 9.365623197272633649e-02 1.964000000000000190e-01 1.044596411925906299e-01 7.563788666589169041e-02 1.044596411925906299e-01 1.683640000000000136e-01
1.714039999999999730e-01 9.938843482317995248e-02 7.713238172014051652e-02 9.938843482317996636e-02 1.964000000000000190e-01 1.062975064928686764e-01 7.713238172014054428e-02 1.062975064928686764e-01 1.683640000000000136e-01
1.714039999999999730e-01 1.023538225513018901e-01 8.649774879356068868e-02 1.023538225513019179e-01 1.964000000000000190e-01 1.209538494621056892e-01 8.649774879356071644e-02 1.209538494621056892e-01 1.683640000000000136e-01
1.714039999999999730e-01 1.137755881429776267e-01 9.416421794803811474e-02 1.137755881429776544e-01 1.964000000000000190e-01 1.277737474828463393e-01 9.416421794803815637e-02 1.277737474828463393e-01 1.683640000000000136e-01
1.714039999999999730e-01 1.194868043432879834e-01 1.019884903114505192e-01 1.194868043432879973e-01 1.964000000000000190e-01 1.375361051669467538e-01 1.019884903114505609e-01 1.375361051669467538e-01 1.683640000000000136e-01
1.714039999999999730e-01 1.287272913445614286e-01 1.072436684735027929e-01 1.287272913445614564e-01 1.964000000000000190e-01 1.454838245447638567e-01 1.072436684735028206e-01 1.454838245447638567e-01 1.683640000000000136e-01
1.714039999999999730e-01 1.397367492307411141e-01 1.110507091602180169e-01 1.397367492307411418e-01 1.964000000000000190e-01 1.564291560320881236e-01 1.110507091602180446e-01 1.564291560320881236e-01 1.683640000000000136e-01
1.714039999999999730e-01 1.452782174555475314e-01 1.164752491727469724e-01 1.452782174555475592e-01 1.964000000000000190e-01 1.642372806070047653e-01 1.164752491727470141e-01 1.642372806070047653e-01 1.683640000000000136e-01
1.714039999999999730e-01 1.484399999999999886e-01 1.215159999999999713e-01 1.484400000000000164e-01 1.964000000000000190e-01 1.663600000000000079e-01 1.215160000000000129e-01 1.663600000000000079e-01 1.683640000000000136e-01
c: 
1.749000000000000110e+00
1.383999999999999897e+00
2.193999999999999950e+00
