CDF: 
5.600000000000000533e-01 6.400000000000000133e-01 8.100000000000000533e-01 1.000000000000000000e+00
4.000000000000000222e-01 4.799999999999999822e-01 5.200000000000000178e-01 1.000000000000000000e+00
1.700000000000000122e-01 3.800000000000000044e-01 6.600000000000000311e-01 1.000000000000000000e+00
sigma: 
1.453240000000000087e-01 1.794124208220048648e-03 4.656119810760024451e-03 1.794124208220048648e-03 2.274559999999999915e-01 1.477175475094841348e-03 4.656119810760023583e-03 1.477175475094840915e-03 1.491640000000000188e-01
1.453240000000000087e-01 1.130510154302473771e-02 8.949794121510196501e-03 1.130510154302473771e-02 2.274559999999999915e-01 9.283991944381226116e-03 8.949794121510194767e-03 9.283991944381224382e-03 1.491640000000000188e-01
1.453240000000000087e-01 1.724274361696759988e-02 1.677184362057051320e-02 1.724274361696759988e-02 2.274559999999999915e-01 1.768125998162190654e-02 1.677184362057050973e-02 1.768125998162190307e-02 1.491640000000000188e-01
1.453240000000000087e-01 2.741044507696192498e-02 2.428314293327065582e-02 2.741044507696192498e-02 2.274559999999999915e-01 3.012599509397363706e-02 2.428314293327065235e-02 3.012599509397363359e-02 1.491640000000000188e-01
1.453240000000000087e-01 2.849918802766034445e-02 2.981624533097135613e-02 2.849918802766034445e-02 2.274559999999999915e-01 4.042975616559340429e-02 2.981624533097135266e-02 4.042975616559339735e-02 1.491640000000000188e-01
1.453240000000000087e-01 3.754484754283513720e-02 3.712531816862985751e-02 3.754484754283513720e-02 2.274559999999999915e-01 4.368571945625120134e-02 3.712531816862985057e-02 4.368571945625119440e-02 1.491640000000000188e-01
1.453240000000000087e-01 4.362273427958678756e-02 4.054468236682226556e-02 4.362273427958678756e-02 2.274559999999999915e-01 5.668769188572914119e-02 4.054468236682226556e-02 5.668769188572913426e-02 1.491640000000000188e-01
1.453240000000000087e-01 5.025004094524267856e-02 5.212767737587684080e-02 5.025004094524267856e-02 2.274559999999999915e-01 5.863113983241539928e-02 5.212767737587683387e-02 5.863113983241538540e-02 1.491640000000000188e-01
1.453240000000000087e-01 5.861986196757350970e-02 5.336061011053793574e-02 5.861986196757350970e-02 2.274559999999999915e-01 7.336594569181971448e-02 5.336061011053792880e-02 7.336594569181970060e-02 1.491640000000000188e-01
1.453240000000000087e-01 6.738865878825804623e-02 6.319043598693217800e-02 6.738865878825804623e-02 2.274559999999999915e-01 7.916412176207023033e-02 6.319043598693217800e-02 7.916412176207021645e-02 1.491640000000000188e-01
1.453240000000000087e-01 7.462755900306100587e-02 6.935657691549497461e-02 7.462755900306100587e-02 2.274559999999999915e-01 8.524898127323229935e-02 6.935657691549496073e-02 8.524898127323228547e-02 1.491640000000000188e-01
1.453240000000000087e-01 7.751441039204509664e-02 7.816100563479630448e-02 7.751441039204509664e-02 2.274559999999999915e-01 9.764839230249566793e-02 7.816100563479629060e-02 9.764839230249565405e-02 1.491640000000000188e-01
1.453240000000000087e-01 8.984590373022451060e-02 8.043678756210696779e-02 8.984590373022451060e-02 2.274559999999999915e-01 1.012312243439970477e-01 8.043678756210695391e-02 1.012312243439970338e-01 1.491640000000000188e-01
1.453240000000000087e-01 9.374045462423351294e-02 9.082528181162415060e-02 9.374045462423351294e-02 2.274559999999999915e-01 1.147537921602431177e-01 9.082528181162413672e-02 1.147537921602431038e-01 1.491640000000000188e-01
1.453240000000000087e-01 1.040294225807738004e-01 9.715686407024616555e-02 1.040294225807738004e-01 2.274559999999999915e-01 1.187279407795321373e-01 9.715686407024615168e-02 1.187279407795321234e-01 1.491640000000000188e-01
1.453240000000000087e-01 1.107752302932867167e-01 9.964798385376309742e-02 1.107752302932867167e-01 2.274559999999999915e-01 1.249007625767501878e-01 9.964798385376309742e-02 1.249007625767501739e-01 1.491640000000000188e-01
1.453240000000000087e-01 1.126954016564074984e-01 1.068473753492311523e-01 1.126954016564074984e-01 2.274559999999999915e-01 1.373971080252201216e-01 1.068473753492311384e-01 1.373971080252200938e-01 1.491640000000000188e-01
1.453240000000000087e-01 1.227902066037424994e-01 1.124510773617943826e-01 1.227902066037424994e-01 2.274559999999999915e-01 1.443202776199921655e-01 1.124510773617943687e-01 1.443202776199921378e-01 1.491640000000000188e-01
1.453240000000000087e-01 1.309173560006683945e-01 1.225288762400288667e-01 1.309173560006683945e-01 2.274559999999999915e-01 1.507981620385000776e-01 1.225288762400288528e-01 1.507981620385000499e-01 1.491640000000000188e-01
1.453240000000000087e-01 1.337119999999999975e-01 1.242440000000000211e-01 1.337119999999999975e-01 2.274559999999999915e-01 1.558720000000000105e-01 1.242440000000000072e-01 1.558719999999999828e-01 1.491640000000000188e-01
c: 
1.006000000000000005e+00
2.990000000000000213e+00
1.620000000000000107e+00
