CDF: 
5.100000000000000089e-01 6.500000000000000222e-01 6.600000000000000311e-01 1.000000000000000000e+00
5.999999999999999778e-02 1.600000000000000033e-01 6.999999999999999556e-01 1.000000000000000000e+00
4.099999999999999756e-01 4.199999999999999845e-01 5.799999999999999600e-01 1.000000000000000000e+00
sigma: 
2.148510000000000142e-01 7.740866414142097245e-03 5.225284861911561399e-03 7.740866414142097245e-03 1.268159999999999843e-01 4.299037669789008455e-03 5.225284861911561399e-03 4.299037669789009322e-03 2.145389999999999797e-01
2.148510000000000142e-01 1.393085643030110045e-02 1.862369625033938325e-02 1.393085643030110045e-02 1.268159999999999843e-01 8.590406446758418538e-03 1.862369625033938325e-02 8.590406446758420272e-03 2.145389999999999797e-01
2.148510000000000142e-01 2.131878975477786639e-02 2.427812883058475674e-02 2.131878975477786639e-02 1.268159999999999843e-01 1.502188726766277675e-02 2.427812883058475674e-02 1.502188726766277849e-02 2.145389999999999797e-01
2.148510000000000142e-01 2.757483567518669368e-02 3.054439562955586773e-02 2.757483567518669368e-02 1.268159999999999843e-01 2.144416913486529505e-02 3.054439562955586773e-02 2.144416913486529852e-02 2.145389999999999797e-01
2.148510000000000142e-01 3.354409930516302069e-02 3.938040508841015447e-02 3.354409930516302069e-02 1.268159999999999843e-01 2.973601684667766948e-02 3.938040508841015447e-02 2.973601684667767642e-02 2.145389999999999797e-01
2.148510000000000142e-01 4.189015579683914164e-02 5.467829852312949129e-02 4.189015579683914164e-02 1.268159999999999843e-01 4.066315790919357298e-02 5.467829852312949129e-02 4.066315790919357992e-02 2.145389999999999797e-01
2.148510000000000142e-01 5.022358797951771703e-02 6.714081845925247427e-02 5.022358797951771703e-02 1.268159999999999843e-01 4.208011864228029808e-02 6.714081845925247427e-02 4.208011864228030502e-02 2.145389999999999797e-01
2.148510000000000142e-01 5.932594902421622907e-02 7.249516906814137962e-02 5.932594902421622907e-02 1.268159999999999843e-01 4.971696444214659949e-02 7.249516906814137962e-02 4.971696444214660643e-02 2.145389999999999797e-01
2.148510000000000142e-01 6.387764288003110191e-02 7.856025498182343803e-02 6.387764288003110191e-02 1.268159999999999843e-01 5.953791563654811658e-02 7.856025498182343803e-02 5.953791563654812352e-02 2.145389999999999797e-01
2.148510000000000142e-01 7.435336991926161376e-02 9.260993266362189946e-02 7.435336991926161376e-02 1.268159999999999843e-01 6.705111232098143192e-02 9.260993266362189946e-02 6.705111232098144580e-02 2.145389999999999797e-01
2.148510000000000142e-01 8.016325918878969281e-02 9.993819334875095328e-02 8.016325918878969281e-02 1.268159999999999843e-01 7.374672766533239832e-02 9.993819334875095328e-02 7.374672766533241219e-02 2.145389999999999797e-01
2.148510000000000142e-01 9.342703092831720901e-02 1.125897369813235460e-01 9.342703092831720901e-02 1.268159999999999843e-01 7.725505191507196778e-02 1.125897369813235460e-01 7.725505191507198166e-02 2.145389999999999797e-01
2.148510000000000142e-01 9.529930018397657354e-02 1.206271594892972671e-01 9.529930018397657354e-02 1.268159999999999843e-01 8.173364480885050853e-02 1.206271594892972671e-01 8.173364480885052241e-02 2.145389999999999797e-01
2.148510000000000142e-01 1.057088538523525273e-01 1.274015354006236278e-01 1.057088538523525273e-01 1.268159999999999843e-01 9.343200667250591007e-02 1.274015354006236278e-01 9.343200667250593783e-02 2.145389999999999797e-01
2.148510000000000142e-01 1.167961129199021481e-01 1.395853334095461806e-01 1.167961129199021481e-01 1.268159999999999843e-01 1.003117114353393735e-01 1.395853334095461806e-01 1.003117114353393874e-01 2.145389999999999797e-01
2.148510000000000142e-01 1.224638694507717840e-01 1.483124046664558993e-01 1.224638694507717840e-01 1.268159999999999843e-01 1.052220385793007917e-01 1.483124046664558993e-01 1.052220385793008195e-01 2.145389999999999797e-01
2.148510000000000142e-01 1.260997789425917504e-01 1.583904614584474013e-01 1.260997789425917504e-01 1.268159999999999843e-01 1.138204685907436703e-01 1.583904614584474013e-01 1.138204685907436980e-01 2.145389999999999797e-01
2.148510000000000142e-01 1.365903130535261745e-01 1.745607121831352915e-01 1.365903130535261745e-01 1.268159999999999843e-01 1.181090663923375361e-01 1.745607121831352915e-01 1.181090663923375639e-01 2.145389999999999797e-01
2.148510000000000142e-01 1.472731643260094259e-01 1.775444855220448259e-01 1.472731643260094259e-01 1.268159999999999843e-01 1.233535337361332945e-01 1.775444855220448259e-01 1.233535337361333223e-01 2.145389999999999797e-01
2.148510000000000142e-01 1.485960000000000059e-01 1.846669999999999978e-01 1.485960000000000059e-01 1.268159999999999843e-01 1.293319999999999748e-01 1.846669999999999978e-01 1.293320000000000025e-01 2.145389999999999797e-01
c: 
1.282999999999999918e+00
1.671999999999999931e+00
1.088999999999999968e+00
