CDF: 
1.300000000000000044e-01 3.300000000000000155e-01 7.299999999999999822e-01 1.000000000000000000e+00
2.300000000000000100e-01 2.999999999999999889e-01 6.999999999999999556e-01 1.000000000000000000e+00
4.299999999999999933e-01 4.600000000000000200e-01 7.399999999999999911e-01 1.000000000000000000e+00
sigma: 
1.211000000000000132e-01 5.878523785993426676e-03 1.731301173504484628e-03 5.878523785993427543e-03 1.421240000000000281e-01 3.560047673663602544e-03 1.731301173504484628e-03 3.560047673663602544e-03 1.631160000000000387e-01
1.211000000000000132e-01 9.459457396811529056e-03 1.166560162489818815e-02 9.459457396811530791e-03 1.421240000000000281e-01 1.429453526936572648e-02 1.166560162489818815e-02 1.429453526936572648e-02 1.631160000000000387e-01
1.211000000000000132e-01 1.424956557319913622e-02 1.427533079981063539e-02 1.424956557319913796e-02 1.421240000000000281e-01 1.938403274515297994e-02 1.427533079981063539e-02 1.938403274515297994e-02 1.631160000000000387e-01
1.211000000000000132e-01 2.051036585694630474e-02 2.228805723627269239e-02 2.051036585694630474e-02 1.421240000000000281e-01 2.791749729110842501e-02 2.228805723627269239e-02 2.791749729110842501e-02 1.631160000000000387e-01
1.211000000000000132e-01 3.204065840706264018e-02 3.340386027221443205e-02 3.204065840706264712e-02 1.421240000000000281e-01 3.504618885051881405e-02 3.340386027221443205e-02 3.504618885051881405e-02 1.631160000000000387e-01
1.211000000000000132e-01 3.275120824456767554e-02 3.853456842394183124e-02 3.275120824456768248e-02 1.421240000000000281e-01 3.955451163317683094e-02 3.853456842394183124e-02 3.955451163317683094e-02 1.631160000000000387e-01
1.211000000000000132e-01 3.995209444080372735e-02 4.367491075454848354e-02 3.995209444080373429e-02 1.421240000000000281e-01 4.825229082089830396e-02 4.367491075454848354e-02 4.825229082089830396e-02 1.631160000000000387e-01
1.211000000000000132e-01 5.079955276707343731e-02 5.538283515709005456e-02 5.079955276707344425e-02 1.421240000000000281e-01 5.397788642081115945e-02 5.538283515709005456e-02 5.397788642081115945e-02 1.631160000000000387e-01
1.211000000000000132e-01 5.422859564104424990e-02 5.968921525035621872e-02 5.422859564104425684e-02 1.421240000000000281e-01 5.809109157788409916e-02 5.968921525035621872e-02 5.809109157788409916e-02 1.631160000000000387e-01
1.211000000000000132e-01 5.905854765640464188e-02 6.360411696567956630e-02 5.905854765640464882e-02 1.421240000000000281e-01 6.797445642607459482e-02 6.360411696567956630e-02 6.797445642607459482e-02 1.631160000000000387e-01
1.211000000000000132e-01 6.735685913263869673e-02 7.355738933860821172e-02 6.735685913263871061e-02 1.421240000000000281e-01 7.924580858904572978e-02 7.355738933860821172e-02 7.924580858904572978e-02 1.631160000000000387e-01
1.211000000000000132e-01 7.284478305154691580e-02 7.703595275828460653e-02 7.284478305154692968e-02 1.421240000000000281e-01 8.372584455101463041e-02 7.703595275828460653e-02 8.372584455101463041e-02 1.631160000000000387e-01
1.211000000000000132e-01 8.331631500351829867e-02 9.017603100300743135e-02 8.331631500351829867e-02 1.421240000000000281e-01 9.222655339828432497e-02 9.017603100300743135e-02 9.222655339828432497e-02 1.631160000000000387e-01
1.211000000000000132e-01 8.501863284587954372e-02 9.445360016425784211e-02 8.501863284587955760e-02 1.421240000000000281e-01 9.780183941871507802e-02 9.445360016425784211e-02 9.780183941871507802e-02 1.631160000000000387e-01
1.211000000000000132e-01 9.291321081530962145e-02 1.002736638223848536e-01 9.291321081530963533e-02 1.421240000000000281e-01 1.073360253673786985e-01 1.002736638223848536e-01 1.073360253673786985e-01 1.631160000000000387e-01
1.211000000000000132e-01 9.853402732948912668e-02 1.100703979362788187e-01 9.853402732948914056e-02 1.421240000000000281e-01 1.138213719464403750e-01 1.100703979362788187e-01 1.138213719464403750e-01 1.631160000000000387e-01
1.211000000000000132e-01 1.092724337559701497e-01 1.149761110087739457e-01 1.092724337559701636e-01 1.421240000000000281e-01 1.162962539189729139e-01 1.149761110087739457e-01 1.162962539189729139e-01 1.631160000000000387e-01
1.211000000000000132e-01 1.148381093424993421e-01 1.240352336432411912e-01 1.148381093424993560e-01 1.421240000000000281e-01 1.268407180747719298e-01 1.240352336432411912e-01 1.268407180747719298e-01 1.631160000000000387e-01
1.211000000000000132e-01 1.199307783095406588e-01 1.271687309383879305e-01 1.199307783095406726e-01 1.421240000000000281e-01 1.342233960544390592e-01 1.271687309383879305e-01 1.342233960544390592e-01 1.631160000000000387e-01
1.211000000000000132e-01 1.236200000000000077e-01 1.319400000000000017e-01 1.236200000000000215e-01 1.421240000000000281e-01 1.376280000000000281e-01 1.319400000000000017e-01 1.376280000000000281e-01 1.631160000000000387e-01
c: 
2.491999999999999993e+00
2.786000000000000032e+00
2.883000000000000007e+00
