CDF: 
2.899999999999999800e-01 3.599999999999999867e-01 6.199999999999999956e-01 1.000000000000000000e+00
2.700000000000000178e-01 4.099999999999999756e-01 5.000000000000000000e-01 1.000000000000000000e+00
1.900000000000000022e-01 3.699999999999999956e-01 6.300000000000000044e-01 1.000000000000000000e+00
sigma: 
1.878749999999999865e-01 7.284136038718237033e-03 1.534094691453471255e-03 7.284136038718237033e-03 2.168190000000000117e-01 1.269273443099076110e-04 1.534094691453471038e-03 1.269273443099076110e-04 1.780440000000000356e-01
1.878749999999999865e-01 1.681562062156756118e-02 1.084561611128253417e-02 1.681562062156756118e-02 2.168190000000000117e-01 9.789541060100825920e-03 1.084561611128253243e-02 9.789541060100825920e-03 1.780440000000000356e-01
1.878749999999999865e-01 2.542292017314269972e-02 2.487669244085361983e-02 2.542292017314269972e-02 2.168190000000000117e-01 2.490531953534927054e-02 2.487669244085361636e-02 2.490531953534927054e-02 1.780440000000000356e-01
1.878749999999999865e-01 2.819304385044874711e-02 3.415469710847492124e-02 2.819304385044874711e-02 2.168190000000000117e-01 3.331508203584331029e-02 3.415469710847491430e-02 3.331508203584331029e-02 1.780440000000000356e-01
1.878749999999999865e-01 4.500151350218327406e-02 4.590667725414717543e-02 4.500151350218327406e-02 2.168190000000000117e-01 4.274764696539607584e-02 4.590667725414716849e-02 4.274764696539607584e-02 1.780440000000000356e-01
1.878749999999999865e-01 5.330364441727102054e-02 5.602553933094540223e-02 5.330364441727102054e-02 2.168190000000000117e-01 5.101740363925783700e-02 5.602553933094539529e-02 5.101740363925783700e-02 1.780440000000000356e-01
1.878749999999999865e-01 5.649635448435580409e-02 5.684825528634203373e-02 5.649635448435580409e-02 2.168190000000000117e-01 5.306948031329073584e-02 5.684825528634202679e-02 5.306948031329073584e-02 1.780440000000000356e-01
1.878749999999999865e-01 7.027478011598142782e-02 7.297362818172664634e-02 7.027478011598142782e-02 2.168190000000000117e-01 6.279734957686865238e-02 7.297362818172664634e-02 6.279734957686865238e-02 1.780440000000000356e-01
1.878749999999999865e-01 8.272174444640674473e-02 8.094291982154303011e-02 8.272174444640674473e-02 2.168190000000000117e-01 7.169780885106313839e-02 8.094291982154301623e-02 7.169780885106313839e-02 1.780440000000000356e-01
1.878749999999999865e-01 8.398295052451562603e-02 9.012456066430814261e-02 8.398295052451562603e-02 2.168190000000000117e-01 8.458709449839613148e-02 9.012456066430812873e-02 8.458709449839613148e-02 1.780440000000000356e-01
1.878749999999999865e-01 9.683702578245283188e-02 1.016004544958978573e-01 9.683702578245283188e-02 2.168190000000000117e-01 8.953969844603321127e-02 1.016004544958978434e-01 8.953969844603321127e-02 1.780440000000000356e-01
1.878749999999999865e-01 1.099445686153558699e-01 1.069849496465050259e-01 1.099445686153558699e-01 2.168190000000000117e-01 1.026008086397169616e-01 1.069849496465050120e-01 1.026008086397169616e-01 1.780440000000000356e-01
1.878749999999999865e-01 1.185770089963390089e-01 1.217350586813330804e-01 1.185770089963390089e-01 2.168190000000000117e-01 1.113314166040978298e-01 1.217350586813330526e-01 1.113314166040978298e-01 1.780440000000000356e-01
1.878749999999999865e-01 1.256720350196685321e-01 1.292116404549774333e-01 1.256720350196685321e-01 2.168190000000000117e-01 1.154713665161421349e-01 1.292116404549774056e-01 1.154713665161421349e-01 1.780440000000000356e-01
1.878749999999999865e-01 1.322278419777619118e-01 1.358132323000321162e-01 1.322278419777619118e-01 2.168190000000000117e-01 1.268856356560690846e-01 1.358132323000320885e-01 1.268856356560690846e-01 1.780440000000000356e-01
1.878749999999999865e-01 1.465320905907226134e-01 1.466750677668352820e-01 1.465320905907226134e-01 2.168190000000000117e-01 1.401402559931322622e-01 1.466750677668352543e-01 1.401402559931322622e-01 1.780440000000000356e-01
1.878749999999999865e-01 1.509179905862305660e-01 1.594311850229040983e-01 1.509179905862305660e-01 2.168190000000000117e-01 1.408462442239616641e-01 1.594311850229040706e-01 1.408462442239616641e-01 1.780440000000000356e-01
1.878749999999999865e-01 1.626832288518874625e-01 1.655671232947004134e-01 1.626832288518874625e-01 2.168190000000000117e-01 1.580581480977660547e-01 1.655671232947003857e-01 1.580581480977660547e-01 1.780440000000000356e-01
1.878749999999999865e-01 1.690382236872096100e-01 1.782121486662831544e-01 1.690382236872096100e-01 2.168190000000000117e-01 1.587419647386684729e-01 1.782121486662831267e-01 1.587419647386684729e-01 1.780440000000000356e-01
1.878749999999999865e-01 1.747349999999999737e-01 1.798100000000000254e-01 1.747349999999999737e-01 2.168190000000000117e-01 1.671940000000000093e-01 1.798099999999999976e-01 1.671940000000000093e-01 1.780440000000000356e-01
c: 
2.855999999999999872e+00
2.346000000000000085e+00
2.068000000000000060e+00
