CDF: 
1.400000000000000133e-01 3.099999999999999978e-01 8.100000000000000533e-01 1.000000000000000000e+00
2.099999999999999922e-01 3.300000000000000155e-01 6.999999999999999556e-01 1.000000000000000000e+00
2.800000000000000266e-01 2.899999999999999800e-01 7.600000000000000089e-01 1.000000000000000000e+00
sigma: 
1.092510000000000148e-01 3.193224090964744458e-04 2.111809251550894346e-03 3.193224090964744458e-04 1.555710000000000148e-01 5.877638364610242305e-03 2.111809251550894346e-03 5.877638364610242305e-03 1.364760000000000140e-01
1.092510000000000148e-01 6.222027582156640368e-03 1.002716542063078475e-02 6.222027582156640368e-03 1.555710000000000148e-01 8.497115462173316508e-03 1.002716542063078475e-02 8.497115462173316508e-03 1.364760000000000140e-01
1.092510000000000148e-01 1.400848408198059405e-02 1.658675727878235889e-02 1.400848408198059405e-02 1.555710000000000148e-01 2.062651993196828668e-02 1.658675727878235889e-02 2.062651993196828668e-02 1.364760000000000140e-01
1.092510000000000148e-01 1.827789353693892727e-02 1.985389086410606352e-02 1.827789353693892727e-02 1.555710000000000148e-01 2.533961192735643617e-02 1.985389086410606352e-02 2.533961192735643617e-02 1.364760000000000140e-01
1.092510000000000148e-01 2.459683486548905340e-02 2.624928366604628582e-02 2.459683486548905340e-02 1.555710000000000148e-01 3.073486790278645228e-02 2.624928366604628582e-02 3.073486790278645228e-02 1.364760000000000140e-01
1.092510000000000148e-01 2.979832107531926039e-02 3.315717275698615296e-02 2.979832107531926039e-02 1.555710000000000148e-01 3.708920118885722372e-02 3.315717275698615296e-02 3.708920118885722372e-02 1.364760000000000140e-01
1.092510000000000148e-01 3.756268369566232584e-02 3.554116650993156129e-02 3.756268369566232584e-02 1.555710000000000148e-01 4.343678287949500477e-02 3.554116650993156129e-02 4.343678287949500477e-02 1.364760000000000140e-01
1.092510000000000148e-01 4.200626951060727060e-02 4.515406842014321048e-02 4.200626951060727060e-02 1.555710000000000148e-01 4.988145503357026972e-02 4.515406842014321048e-02 4.988145503357026972e-02 1.364760000000000140e-01
1.092510000000000148e-01 4.528252243792969117e-02 4.956291877493996384e-02 4.528252243792969117e-02 1.555710000000000148e-01 5.819300370902139724e-02 4.956291877493996384e-02 5.819300370902139724e-02 1.364760000000000140e-01
1.092510000000000148e-01 5.419266971738431055e-02 5.376174025068847229e-02 5.419266971738431055e-02 1.555710000000000148e-01 6.460897968477022357e-02 5.376174025068847229e-02 6.460897968477022357e-02 1.364760000000000140e-01
1.092510000000000148e-01 5.687360875479507277e-02 6.052791735995605854e-02 5.687360875479507277e-02 1.555710000000000148e-01 7.314090048681383405e-02 6.052791735995605854e-02 7.314090048681383405e-02 1.364760000000000140e-01
1.092510000000000148e-01 6.276534656395962863e-02 6.507662829915299152e-02 6.276534656395962863e-02 1.555710000000000148e-01 7.817061986550510877e-02 6.507662829915299152e-02 7.817061986550510877e-02 1.364760000000000140e-01
1.092510000000000148e-01 7.088191004843120979e-02 7.342773500027477418e-02 7.088191004843120979e-02 1.555710000000000148e-01 8.945368798949149269e-02 7.342773500027477418e-02 8.945368798949149269e-02 1.364760000000000140e-01
1.092510000000000148e-01 7.327305381710323695e-02 7.850027245421223321e-02 7.327305381710323695e-02 1.555710000000000148e-01 9.642140486171779656e-02 7.850027245421223321e-02 9.642140486171779656e-02 1.364760000000000140e-01
1.092510000000000148e-01 8.218177735889753421e-02 8.120790557796524201e-02 8.218177735889753421e-02 1.555710000000000148e-01 1.028904024924363059e-01 8.120790557796524201e-02 1.028904024924363059e-01 1.364760000000000140e-01
1.092510000000000148e-01 8.871907858735193775e-02 9.014069531748403197e-02 8.871907858735193775e-02 1.555710000000000148e-01 1.084963580394359972e-01 9.014069531748403197e-02 1.084963580394359972e-01 1.364760000000000140e-01
1.092510000000000148e-01 9.053245967526465932e-02 9.733826102645659617e-02 9.053245967526465932e-02 1.555710000000000148e-01 1.108435034772781019e-01 9.733826102645659617e-02 1.108435034772781019e-01 1.364760000000000140e-01
1.092510000000000148e-01 9.840163860154275965e-02 1.022798772802226419e-01 9.840163860154275965e-02 1.555710000000000148e-01 1.230206092457290928e-01 1.022798772802226419e-01 1.230206092457290928e-01 1.364760000000000140e-01
1.092510000000000148e-01 1.029360010597280273e-01 1.051915065262794130e-01 1.029360010597280273e-01 1.555710000000000148e-01 1.248054110677304651e-01 1.051915065262794130e-01 1.248054110677304651e-01 1.364760000000000140e-01
1.092510000000000148e-01 1.068890000000000118e-01 1.098260000000000070e-01 1.068890000000000118e-01 1.555710000000000148e-01 1.310139999999999916e-01 1.098260000000000070e-01 1.310139999999999916e-01 1.364760000000000140e-01
c: 
2.380999999999999783e+00
1.560000000000000053e+00
2.192000000000000171e+00
