CDF: 
1.600000000000000033e-01 3.400000000000000244e-01 6.600000000000000311e-01 1.000000000000000000e+00
8.000000000000000167e-02 2.700000000000000178e-01 7.399999999999999911e-01 1.000000000000000000e+00
3.900000000000000133e-01 6.999999999999999556e-01 7.299999999999999822e-01 1.000000000000000000e+00
sigma: 
1.644840000000000191e-01 5.965897135089266549e-03 1.083616960745026078e-05 5.965897135089266549e-03 1.277999999999999969e-01 2.142572235418515984e-03 1.083616960745026247e-05 2.142572235418515551e-03 1.796999999999999986e-01
1.644840000000000191e-01 8.030726464636891646e-03 1.293004534726595670e-02 8.030726464636891646e-03 1.277999999999999969e-01 1.439604840321861458e-02 1.293004534726595843e-02 1.439604840321861111e-02 1.796999999999999986e-01
1.644840000000000191e-01 1.599622873728105341e-02 1.678611245250721112e-02 1.599622873728105341e-02 1.277999999999999969e-01 2.265897108863791296e-02 1.678611245250721459e-02 2.265897108863790949e-02 1.796999999999999986e-01
1.644840000000000191e-01 2.226729164852505119e-02 3.133736981568732705e-02 2.226729164852505119e-02 1.277999999999999969e-01 2.938378370261815128e-02 3.133736981568733398e-02 2.938378370261814435e-02 1.796999999999999986e-01
1.644840000000000191e-01 2.668121756337047540e-02 3.539142226394077079e-02 2.668121756337047540e-02 1.277999999999999969e-01 3.104655406976572843e-02 3.539142226394077773e-02 3.104655406976572149e-02 1.796999999999999986e-01
1.644840000000000191e-01 3.359102866554117967e-02 4.519704724747516250e-02 3.359102866554117967e-02 1.277999999999999969e-01 4.359058035581502011e-02 4.519704724747516944e-02 4.359058035581500623e-02 1.796999999999999986e-01
1.644840000000000191e-01 4.376754723579916184e-02 5.419096545827392641e-02 4.376754723579916184e-02 1.277999999999999969e-01 5.239681504411809743e-02 5.419096545827394029e-02 5.239681504411808355e-02 1.796999999999999986e-01
1.644840000000000191e-01 4.830953684578753043e-02 6.154230883075532954e-02 4.830953684578753043e-02 1.277999999999999969e-01 5.972642923217158506e-02 6.154230883075533648e-02 5.972642923217157812e-02 1.796999999999999986e-01
1.644840000000000191e-01 5.515438872154248412e-02 6.901648728014926626e-02 5.515438872154248412e-02 1.277999999999999969e-01 6.628371794891119162e-02 6.901648728014928014e-02 6.628371794891117774e-02 1.796999999999999986e-01
1.644840000000000191e-01 6.027355641231335603e-02 7.857403001808289933e-02 6.027355641231335603e-02 1.277999999999999969e-01 7.259442734692075905e-02 7.857403001808291321e-02 7.259442734692074517e-02 1.796999999999999986e-01
1.644840000000000191e-01 6.639706771638687055e-02 7.935912469261185986e-02 6.639706771638687055e-02 1.277999999999999969e-01 8.278717667718064888e-02 7.935912469261187374e-02 8.278717667718063500e-02 1.796999999999999986e-01
1.644840000000000191e-01 7.881341922868219385e-02 9.409443201902831233e-02 7.881341922868219385e-02 1.277999999999999969e-01 8.628751605267774571e-02 9.409443201902832621e-02 8.628751605267771796e-02 1.796999999999999986e-01
1.644840000000000191e-01 8.383338406165477541e-02 1.020710296677742185e-01 8.383338406165477541e-02 1.277999999999999969e-01 9.235336969884351543e-02 1.020710296677742324e-01 9.235336969884348768e-02 1.796999999999999986e-01
1.644840000000000191e-01 8.828738678534987783e-02 1.051699799883075853e-01 8.828738678534987783e-02 1.277999999999999969e-01 1.005458437811390382e-01 1.051699799883076131e-01 1.005458437811390104e-01 1.796999999999999986e-01
1.644840000000000191e-01 9.794530585669872225e-02 1.168335816357496254e-01 9.794530585669872225e-02 1.277999999999999969e-01 1.094633486861890936e-01 1.168335816357496393e-01 1.094633486861890659e-01 1.796999999999999986e-01
1.644840000000000191e-01 1.028878228338711703e-01 1.253796514729305089e-01 1.028878228338711703e-01 1.277999999999999969e-01 1.201409482080302293e-01 1.253796514729305089e-01 1.201409482080302016e-01 1.796999999999999986e-01
1.644840000000000191e-01 1.106144002633684953e-01 1.268337352423724862e-01 1.106144002633684953e-01 1.277999999999999969e-01 1.278480131195293967e-01 1.268337352423725140e-01 1.278480131195293967e-01 1.796999999999999986e-01
1.644840000000000191e-01 1.158329425714136052e-01 1.367434626826204425e-01 1.158329425714136052e-01 1.277999999999999969e-01 1.366916740520275897e-01 1.367434626826204702e-01 1.366916740520275619e-01 1.796999999999999986e-01
1.644840000000000191e-01 1.235443432283933746e-01 1.446939764084752000e-01 1.235443432283933746e-01 1.277999999999999969e-01 1.407587011122646004e-01 1.446939764084752278e-01 1.407587011122645726e-01 1.796999999999999986e-01
1.644840000000000191e-01 1.253200000000000147e-01 1.503599999999999937e-01 1.253200000000000147e-01 1.277999999999999969e-01 1.448000000000000120e-01 1.503600000000000214e-01 1.447999999999999843e-01 1.796999999999999986e-01
c: 
1.225000000000000089e+00
1.808999999999999941e+00
1.042000000000000037e+00
