CDF: 
1.799999999999999933e-01 4.500000000000000111e-01 5.500000000000000444e-01 1.000000000000000000e+00
4.299999999999999933e-01 5.100000000000000089e-01 6.899999999999999467e-01 1.000000000000000000e+00
5.600000000000000533e-01 5.999999999999999778e-01 7.199999999999999734e-01 1.000000000000000000e+00
sigma: 
1.808639999999999692e-01 4.227809474326870223e-03 7.673180416712347719e-03 4.227809474326870223e-03 1.835960000000000369e-01 4.806238910238853912e-03 7.673180416712349454e-03 4.806238910238853912e-03 1.879040000000000155e-01
1.808639999999999692e-01 1.228003658802487123e-02 1.266799225662141107e-02 1.228003658802487123e-02 1.835960000000000369e-01 1.035418092364121315e-02 1.266799225662141280e-02 1.035418092364121315e-02 1.879040000000000155e-01
1.808639999999999692e-01 2.520654104750838162e-02 2.037248844400883080e-02 2.520654104750838162e-02 1.835960000000000369e-01 2.460300729077798815e-02 2.037248844400883774e-02 2.460300729077798815e-02 1.879040000000000155e-01
1.808639999999999692e-01 3.019196825289980832e-02 3.066991142704888693e-02 3.019196825289980832e-02 1.835960000000000369e-01 2.901387123183969685e-02 3.066991142704889386e-02 2.901387123183969685e-02 1.879040000000000155e-01
1.808639999999999692e-01 3.818810489209175513e-02 3.655410030308850478e-02 3.818810489209175513e-02 1.835960000000000369e-01 4.368288437022693760e-02 3.655410030308851171e-02 4.368288437022693760e-02 1.879040000000000155e-01
1.808639999999999692e-01 4.359275414634092294e-02 4.530509468313147908e-02 4.359275414634092294e-02 1.835960000000000369e-01 4.723620377122022401e-02 4.530509468313149296e-02 4.723620377122022401e-02 1.879040000000000155e-01
1.808639999999999692e-01 5.745129933717196130e-02 4.930650311987637424e-02 5.745129933717196130e-02 1.835960000000000369e-01 6.283995314205209626e-02 4.930650311987638118e-02 6.283995314205209626e-02 1.879040000000000155e-01
1.808639999999999692e-01 6.605513180940295048e-02 6.211139468475319197e-02 6.605513180940295048e-02 1.835960000000000369e-01 6.623208378910003247e-02 6.211139468475320585e-02 6.623208378910003247e-02 1.879040000000000155e-01
1.808639999999999692e-01 7.008708860464972490e-02 6.766679279758945620e-02 7.008708860464972490e-02 1.835960000000000369e-01 8.031558897592305790e-02 6.766679279758947008e-02 8.031558897592305790e-02 1.879040000000000155e-01
1.808639999999999692e-01 8.034084914080763529e-02 7.727592272195293877e-02 8.034084914080763529e-02 1.835960000000000369e-01 9.005538655012015892e-02 7.727592272195295264e-02 9.005538655012015892e-02 1.879040000000000155e-01
1.808639999999999692e-01 8.566171665074173713e-02 8.648775862851078300e-02 8.566171665074173713e-02 1.835960000000000369e-01 9.651812232899673050e-02 8.648775862851079688e-02 9.651812232899673050e-02 1.879040000000000155e-01
1.808639999999999692e-01 9.857274624644513095e-02 9.439283552303046054e-02 9.857274624644513095e-02 1.835960000000000369e-01 1.033115433446751830e-01 9.439283552303048830e-02 1.033115433446751830e-01 1.879040000000000155e-01
1.808639999999999692e-01 1.030633500972393118e-01 9.996049881302347673e-02 1.030633500972393118e-01 1.835960000000000369e-01 1.118127064875452242e-01 9.996049881302350448e-02 1.118127064875452242e-01 1.879040000000000155e-01
1.808639999999999692e-01 1.181138510925080765e-01 1.109495839364041669e-01 1.181138510925080765e-01 1.835960000000000369e-01 1.260191857683843619e-01 1.109495839364041808e-01 1.260191857683843619e-01 1.879040000000000155e-01
1.808639999999999692e-01 1.224887948258884668e-01 1.146443629788920227e-01 1.224887948258884668e-01 1.835960000000000369e-01 1.340532865784814509e-01 1.146443629788920365e-01 1.340532865784814509e-01 1.879040000000000155e-01
1.808639999999999692e-01 1.293221653517830083e-01 1.269687715617506818e-01 1.293221653517830083e-01 1.835960000000000369e-01 1.436818780380659522e-01 1.269687715617506818e-01 1.436818780380659522e-01 1.879040000000000155e-01
1.808639999999999692e-01 1.404250330137916947e-01 1.360432666229851595e-01 1.404250330137916947e-01 1.835960000000000369e-01 1.563104564688548304e-01 1.360432666229851872e-01 1.563104564688548304e-01 1.879040000000000155e-01
1.808639999999999692e-01 1.456181931239065586e-01 1.387448390973944068e-01 1.456181931239065586e-01 1.835960000000000369e-01 1.582651615573153481e-01 1.387448390973944345e-01 1.582651615573153481e-01 1.879040000000000155e-01
1.808639999999999692e-01 1.575646516117257534e-01 1.517406897534001597e-01 1.575646516117257534e-01 1.835960000000000369e-01 1.690687940497951902e-01 1.517406897534001875e-01 1.690687940497951902e-01 1.879040000000000155e-01
1.808639999999999692e-01 1.614880000000000204e-01 1.532159999999999633e-01 1.614880000000000204e-01 1.835960000000000369e-01 1.758720000000000006e-01 1.532159999999999911e-01 1.758720000000000006e-01 1.879040000000000155e-01
c: 
1.409000000000000030e+00
1.905999999999999917e+00
2.940999999999999837e+00
