CDF: 
4.099999999999999756e-01 4.500000000000000111e-01 8.199999999999999512e-01 1.000000000000000000e+00
1.600000000000000033e-01 4.799999999999999822e-01 7.700000000000000178e-01 1.000000000000000000e+00
2.099999999999999922e-01 7.500000000000000000e-01 9.200000000000000400e-01 1.000000000000000000e+00
sigma: 
1.266750000000000376e-01 4.737284356135969265e-03 2.199373086118653568e-03 4.737284356135969265e-03 1.374990000000000379e-01 9.704595593737894892e-04 2.199373086118653568e-03 9.704595593737892724e-04 6.647499999999999243e-02
1.266750000000000376e-01 1.201972104077922605e-02 4.024843394942857235e-03 1.201972104077922605e-02 1.374990000000000379e-01 6.461411030801460578e-03 4.024843394942857235e-03 6.461411030801459711e-03 6.647499999999999243e-02
1.266750000000000376e-01 1.357537609609377367e-02 9.485040810378393000e-03 1.357537609609377367e-02 1.374990000000000379e-01 9.283381307830445434e-03 9.485040810378393000e-03 9.283381307830443699e-03 6.647499999999999243e-02
1.266750000000000376e-01 2.437723103561934695e-02 1.328323181371087423e-02 2.437723103561934695e-02 1.374990000000000379e-01 1.179288664029506072e-02 1.328323181371087423e-02 1.179288664029505898e-02 6.647499999999999243e-02
1.266750000000000376e-01 2.787963194440441425e-02 1.638641331733234341e-02 2.787963194440441425e-02 1.374990000000000379e-01 1.662217147748246138e-02 1.638641331733234341e-02 1.662217147748245791e-02 6.647499999999999243e-02
1.266750000000000376e-01 3.477717954079818236e-02 2.014515394517392421e-02 3.477717954079818236e-02 1.374990000000000379e-01 2.091580517032899308e-02 2.014515394517392421e-02 2.091580517032898962e-02 6.647499999999999243e-02
1.266750000000000376e-01 4.034133232019712634e-02 2.449166264361451670e-02 4.034133232019712634e-02 1.374990000000000379e-01 2.377745968127225815e-02 2.449166264361451670e-02 2.377745968127225121e-02 6.647499999999999243e-02
1.266750000000000376e-01 4.819622110499377499e-02 2.691203693807205435e-02 4.819622110499377499e-02 1.374990000000000379e-01 2.737401892186562546e-02 2.691203693807205435e-02 2.737401892186561853e-02 6.647499999999999243e-02
1.266750000000000376e-01 5.374024631375140526e-02 3.033821800741686239e-02 5.374024631375140526e-02 1.374990000000000379e-01 3.158797922605477426e-02 3.033821800741686239e-02 3.158797922605476732e-02 6.647499999999999243e-02
1.266750000000000376e-01 6.254875077721401555e-02 3.569012413637497050e-02 6.254875077721401555e-02 1.374990000000000379e-01 3.512277250430975023e-02 3.569012413637497050e-02 3.512277250430974329e-02 6.647499999999999243e-02
1.266750000000000376e-01 6.789431163529036084e-02 3.812748134805154371e-02 6.789431163529036084e-02 1.374990000000000379e-01 4.075002898518292199e-02 3.812748134805154371e-02 4.075002898518290811e-02 6.647499999999999243e-02
1.266750000000000376e-01 7.280477529153950300e-02 4.271413959005745248e-02 7.280477529153950300e-02 1.374990000000000379e-01 4.560241541022706097e-02 4.271413959005745248e-02 4.560241541022705403e-02 6.647499999999999243e-02
1.266750000000000376e-01 7.791358410551182945e-02 4.684742446783906472e-02 7.791358410551182945e-02 1.374990000000000379e-01 4.949783283738058703e-02 4.684742446783906472e-02 4.949783283738058010e-02 6.647499999999999243e-02
1.266750000000000376e-01 8.204181029675490511e-02 5.212086134541201593e-02 8.204181029675490511e-02 1.374990000000000379e-01 5.220452108091467452e-02 5.212086134541201593e-02 5.220452108091466065e-02 6.647499999999999243e-02
1.266750000000000376e-01 9.175737014277347836e-02 5.292536211774431787e-02 9.175737014277347836e-02 1.374990000000000379e-01 5.388369898075892617e-02 5.292536211774431787e-02 5.388369898075891229e-02 6.647499999999999243e-02
1.266750000000000376e-01 9.544457477818274471e-02 5.945958902322772549e-02 9.544457477818274471e-02 1.374990000000000379e-01 5.811636878213247148e-02 5.945958902322772549e-02 5.811636878213246454e-02 6.647499999999999243e-02
1.266750000000000376e-01 1.017602635850622939e-01 6.302907430922037590e-02 1.017602635850622939e-01 1.374990000000000379e-01 6.343698618202510409e-02 6.302907430922037590e-02 6.343698618202509021e-02 6.647499999999999243e-02
1.266750000000000376e-01 1.085075225261430132e-01 6.491180305014751517e-02 1.085075225261430132e-01 1.374990000000000379e-01 6.781689541559342282e-02 6.491180305014751517e-02 6.781689541559340895e-02 6.647499999999999243e-02
1.266750000000000376e-01 1.163767091046651048e-01 7.077506650630562002e-02 1.163767091046651048e-01 1.374990000000000379e-01 6.998604328939340979e-02 7.077506650630562002e-02 6.998604328939339592e-02 6.647499999999999243e-02
1.266750000000000376e-01 1.194450000000000234e-01 7.112500000000000766e-02 1.194450000000000234e-01 1.374990000000000379e-01 7.303500000000000270e-02 7.112500000000000766e-02 7.303499999999998882e-02 6.647499999999999243e-02
c: 
2.632000000000000117e+00
1.473000000000000087e+00
2.815999999999999837e+00
