CDF: 
6.500000000000000222e-01 6.899999999999999467e-01 7.800000000000000266e-01 1.000000000000000000e+00
5.300000000000000266e-01 5.600000000000000533e-01 6.600000000000000311e-01 1.000000000000000000e+00
2.399999999999999911e-01 7.500000000000000000e-01 7.900000000000000355e-01 1.000000000000000000e+00
sigma: 
1.663040000000000074e-01 3.030765900255841597e-03 6.294161692880640389e-03 3.030765900255841597e-03 2.082040000000000002e-01 6.270566352404974113e-03 6.294161692880637787e-03 6.270566352404974113e-03 1.292159999999999698e-01
1.663040000000000074e-01 1.210305686852865097e-02 1.328712876792267211e-02 1.210305686852865097e-02 2.082040000000000002e-01 8.533439367159076014e-03 1.328712876792266691e-02 8.533439367159076014e-03 1.292159999999999698e-01
1.663040000000000074e-01 1.893135011464462669e-02 1.479280615382117144e-02 1.893135011464462669e-02 2.082040000000000002e-01 1.754218841387548272e-02 1.479280615382116623e-02 1.754218841387548272e-02 1.292159999999999698e-01
1.663040000000000074e-01 3.237504418808922341e-02 2.350190446305416847e-02 3.237504418808922341e-02 2.082040000000000002e-01 2.302815886193280287e-02 2.350190446305415806e-02 2.302815886193280287e-02 1.292159999999999698e-01
1.663040000000000074e-01 3.504243249652364001e-02 3.361102933306465285e-02 3.504243249652364001e-02 2.082040000000000002e-01 2.916738918130915709e-02 3.361102933306463897e-02 2.916738918130915709e-02 1.292159999999999698e-01
1.663040000000000074e-01 4.696598625264333110e-02 4.110528987664292117e-02 4.696598625264333110e-02 2.082040000000000002e-01 3.925168629559946248e-02 4.110528987664290035e-02 3.925168629559946248e-02 1.292159999999999698e-01
1.663040000000000074e-01 5.284986414300067714e-02 4.879361446337997926e-02 5.284986414300067714e-02 2.082040000000000002e-01 4.274353576863178933e-02 4.879361446337995845e-02 4.274353576863178933e-02 1.292159999999999698e-01
1.663040000000000074e-01 6.594205381234437280e-02 5.723514582003646350e-02 6.594205381234437280e-02 2.082040000000000002e-01 4.990230661263164724e-02 5.723514582003644269e-02 4.990230661263164724e-02 1.292159999999999698e-01
1.663040000000000074e-01 7.084701821859482052e-02 6.493459378333640841e-02 7.084701821859482052e-02 2.082040000000000002e-01 5.920854009460933820e-02 6.493459378333638066e-02 5.920854009460933820e-02 1.292159999999999698e-01
1.663040000000000074e-01 7.693030681656504166e-02 6.998257575586318280e-02 7.693030681656504166e-02 2.082040000000000002e-01 6.181442792476106451e-02 6.998257575586315504e-02 6.181442792476106451e-02 1.292159999999999698e-01
1.663040000000000074e-01 8.663009748159994361e-02 7.651652581251647267e-02 8.663009748159994361e-02 2.082040000000000002e-01 7.019111420152784886e-02 7.651652581251644492e-02 7.019111420152784886e-02 1.292159999999999698e-01
1.663040000000000074e-01 9.618099377886150936e-02 8.620501266136763874e-02 9.618099377886150936e-02 2.082040000000000002e-01 7.767495875526918281e-02 8.620501266136759710e-02 7.767495875526918281e-02 1.292159999999999698e-01
1.663040000000000074e-01 1.084258914196463836e-01 8.795356319825674285e-02 1.084258914196463836e-01 2.082040000000000002e-01 8.443216537912374975e-02 8.795356319825671509e-02 8.443216537912374975e-02 1.292159999999999698e-01
1.663040000000000074e-01 1.137665486992790603e-01 1.002883655869502288e-01 1.137665486992790603e-01 2.082040000000000002e-01 9.168237524386309290e-02 1.002883655869501872e-01 9.168237524386309290e-02 1.292159999999999698e-01
1.663040000000000074e-01 1.262719980102023909e-01 1.039699171476201750e-01 1.262719980102023909e-01 2.082040000000000002e-01 9.858939950798897844e-02 1.039699171476201334e-01 9.858939950798897844e-02 1.292159999999999698e-01
1.663040000000000074e-01 1.330971576422065317e-01 1.107582475879082262e-01 1.330971576422065317e-01 2.082040000000000002e-01 1.007293212291017759e-01 1.107582475879081846e-01 1.007293212291017759e-01 1.292159999999999698e-01
1.663040000000000074e-01 1.355102652548823006e-01 1.226135479535795103e-01 1.355102652548823006e-01 2.082040000000000002e-01 1.079335169205196121e-01 1.226135479535794687e-01 1.079335169205196121e-01 1.292159999999999698e-01
1.663040000000000074e-01 1.460786708205591145e-01 1.299076337765536215e-01 1.460786708205591145e-01 2.082040000000000002e-01 1.175061726747664709e-01 1.299076337765535660e-01 1.175061726747664709e-01 1.292159999999999698e-01
1.663040000000000074e-01 1.601217527618114533e-01 1.328709386737715881e-01 1.601217527618114533e-01 2.082040000000000002e-01 1.215938092206232390e-01 1.328709386737715603e-01 1.215938092206232390e-01 1.292159999999999698e-01
1.663040000000000074e-01 1.608959999999999835e-01 1.386080000000000090e-01 1.608959999999999835e-01 2.082040000000000002e-01 1.265919999999999823e-01 1.386079999999999535e-01 1.265919999999999823e-01 1.292159999999999698e-01
c: 
1.887000000000000011e+00
1.209999999999999964e+00
1.175000000000000044e+00
