CDF: 
1.000000000000000056e-01 2.500000000000000000e-01 2.899999999999999800e-01 1.000000000000000000e+00
4.299999999999999933e-01 4.400000000000000022e-01 5.100000000000000089e-01 1.000000000000000000e+00
4.000000000000000222e-01 5.400000000000000355e-01 6.199999999999999956e-01 1.000000000000000000e+00
sigma: 
1.508639999999999981e-01 2.793191642117714025e-03 2.341402955494938727e-04 2.793191642117714025e-03 2.312000000000000166e-01 1.744991284528349209e-05 2.341402955494939269e-04 1.744991284528349209e-05 2.048000000000000376e-01
1.508639999999999981e-01 1.311238998394515659e-02 6.690435283462831118e-03 1.311238998394515659e-02 2.312000000000000166e-01 1.812899078837671915e-02 6.690435283462832852e-03 1.812899078837671568e-02 2.048000000000000376e-01
1.508639999999999981e-01 1.859201196936602005e-02 1.266383614903424798e-02 1.859201196936602005e-02 2.312000000000000166e-01 2.384605680473507114e-02 1.266383614903425145e-02 2.384605680473506767e-02 2.048000000000000376e-01
1.508639999999999981e-01 2.005621750745772980e-02 2.004845166110991173e-02 2.005621750745772980e-02 2.312000000000000166e-01 3.246512081159733804e-02 2.004845166110991866e-02 3.246512081159733804e-02 2.048000000000000376e-01
1.508639999999999981e-01 2.774008435243168272e-02 2.262888163082505538e-02 2.774008435243168272e-02 2.312000000000000166e-01 4.718899193319347346e-02 2.262888163082505885e-02 4.718899193319346652e-02 2.048000000000000376e-01
1.508639999999999981e-01 3.806540209484934878e-02 3.065801296268961390e-02 3.806540209484934878e-02 2.312000000000000166e-01 5.489153613587290786e-02 3.065801296268962084e-02 5.489153613587290093e-02 2.048000000000000376e-01
1.508639999999999981e-01 4.413617774417961936e-02 3.583642581233707769e-02 4.413617774417961936e-02 2.312000000000000166e-01 6.298711795012437720e-02 3.583642581233708463e-02 6.298711795012436332e-02 2.048000000000000376e-01
1.508639999999999981e-01 5.030593768434024615e-02 4.304580181507054043e-02 5.030593768434024615e-02 2.312000000000000166e-01 7.440579178896233881e-02 4.304580181507055431e-02 7.440579178896233881e-02 2.048000000000000376e-01
1.508639999999999981e-01 5.822691306350858548e-02 5.002270507949171940e-02 5.822691306350858548e-02 2.312000000000000166e-01 8.888036719204975289e-02 5.002270507949173328e-02 8.888036719204973901e-02 2.048000000000000376e-01
1.508639999999999981e-01 6.328103191130089733e-02 5.181433957540020063e-02 6.328103191130089733e-02 2.312000000000000166e-01 1.017880273497215743e-01 5.181433957540021451e-02 1.017880273497215604e-01 2.048000000000000376e-01
1.508639999999999981e-01 6.893354941321135076e-02 6.117573733919935697e-02 6.893354941321135076e-02 2.312000000000000166e-01 1.070392876363372575e-01 6.117573733919937778e-02 1.070392876363372436e-01 2.048000000000000376e-01
1.508639999999999981e-01 7.627932817093274753e-02 6.373337103895194977e-02 7.627932817093274753e-02 2.312000000000000166e-01 1.174075574818106427e-01 6.373337103895196365e-02 1.174075574818106288e-01 2.048000000000000376e-01
1.508639999999999981e-01 8.361422422548929478e-02 7.000534813509111387e-02 8.361422422548929478e-02 2.312000000000000166e-01 1.280672604257340752e-01 7.000534813509112775e-02 1.280672604257340752e-01 2.048000000000000376e-01
1.508639999999999981e-01 9.037144552400755426e-02 7.364354272846096450e-02 9.037144552400755426e-02 2.312000000000000166e-01 1.374073094235726822e-01 7.364354272846097837e-02 1.374073094235726822e-01 2.048000000000000376e-01
1.508639999999999981e-01 9.970883323737246562e-02 8.456841461090193468e-02 9.970883323737246562e-02 2.312000000000000166e-01 1.510013366195370466e-01 8.456841461090194856e-02 1.510013366195370466e-01 2.048000000000000376e-01
1.508639999999999981e-01 1.058352511711562749e-01 8.632541178579099250e-02 1.058352511711562749e-01 2.312000000000000166e-01 1.623212235482275057e-01 8.632541178579100638e-02 1.623212235482274779e-01 2.048000000000000376e-01
1.508639999999999981e-01 1.121496388560915547e-01 9.420309133440442351e-02 1.121496388560915547e-01 2.312000000000000166e-01 1.675402803949617991e-01 9.420309133440445126e-02 1.675402803949617714e-01 2.048000000000000376e-01
1.508639999999999981e-01 1.140484926089964518e-01 9.779645482487799024e-02 1.140484926089964518e-01 2.312000000000000166e-01 1.825554155857955219e-01 9.779645482487801800e-02 1.825554155857954941e-01 2.048000000000000376e-01
1.508639999999999981e-01 1.215319052013756063e-01 1.060659581901327447e-01 1.215319052013756063e-01 2.312000000000000166e-01 1.877204169385429111e-01 1.060659581901327725e-01 1.877204169385428834e-01 2.048000000000000376e-01
1.508639999999999981e-01 1.268800000000000205e-01 1.073599999999999832e-01 1.268800000000000205e-01 2.312000000000000166e-01 1.952000000000000401e-01 1.073600000000000110e-01 1.952000000000000124e-01 2.048000000000000376e-01
c: 
1.254000000000000004e+00
2.988999999999999879e+00
2.146999999999999797e+00
