CDF: 
1.000000000000000056e-01 5.400000000000000355e-01 7.299999999999999822e-01 1.000000000000000000e+00
5.500000000000000444e-01 6.600000000000000311e-01 7.700000000000000178e-01 1.000000000000000000e+00
1.600000000000000033e-01 1.900000000000000022e-01 6.300000000000000044e-01 1.000000000000000000e+00
sigma: 
1.538590000000000235e-01 4.224757285266203879e-03 1.864771657837617155e-03 4.224757285266203879e-03 1.659239999999999882e-01 3.746276603458927133e-03 1.864771657837616722e-03 3.746276603458927133e-03 1.548750000000000127e-01
1.538590000000000235e-01 1.568666999030826625e-02 1.313432569057592161e-02 1.568666999030826278e-02 1.659239999999999882e-01 1.007350224874769586e-02 1.313432569057591988e-02 1.007350224874769586e-02 1.548750000000000127e-01
1.538590000000000235e-01 2.191531010290025810e-02 1.869028538237899745e-02 2.191531010290025464e-02 1.659239999999999882e-01 1.516171151022300233e-02 1.869028538237899398e-02 1.516171151022300233e-02 1.548750000000000127e-01
1.538590000000000235e-01 2.599222237559436696e-02 2.427754690575272684e-02 2.599222237559436349e-02 1.659239999999999882e-01 2.552028141903426792e-02 2.427754690575272337e-02 2.552028141903426792e-02 1.548750000000000127e-01
1.538590000000000235e-01 3.230270818768443686e-02 2.858821501539840493e-02 3.230270818768442992e-02 1.659239999999999882e-01 3.076393984429458967e-02 2.858821501539839799e-02 3.076393984429458967e-02 1.548750000000000127e-01
1.538590000000000235e-01 4.373006519889369170e-02 4.093732608661412170e-02 4.373006519889368476e-02 1.659239999999999882e-01 3.457612976908499419e-02 4.093732608661411476e-02 3.457612976908499419e-02 1.548750000000000127e-01
1.538590000000000235e-01 5.069116008970697695e-02 4.532688342607120446e-02 5.069116008970697002e-02 1.659239999999999882e-01 4.495584807817230855e-02 4.532688342607119752e-02 4.495584807817230855e-02 1.548750000000000127e-01
1.538590000000000235e-01 5.767655521538603280e-02 4.967963551909697351e-02 5.767655521538601893e-02 1.659239999999999882e-01 4.906218698471222217e-02 4.967963551909696657e-02 4.906218698471222217e-02 1.548750000000000127e-01
1.538590000000000235e-01 6.739564892332698676e-02 6.092329497936991439e-02 6.739564892332697288e-02 1.659239999999999882e-01 5.831411616108547746e-02 6.092329497936990051e-02 5.831411616108547746e-02 1.548750000000000127e-01
1.538590000000000235e-01 7.710463016426252758e-02 6.331823722432802781e-02 7.710463016426251370e-02 1.659239999999999882e-01 6.476103957693689350e-02 6.331823722432801393e-02 6.476103957693689350e-02 1.548750000000000127e-01
1.538590000000000235e-01 8.051716426380554903e-02 7.253299490944589700e-02 8.051716426380553515e-02 1.659239999999999882e-01 7.461596572451834053e-02 7.253299490944588312e-02 7.461596572451834053e-02 1.548750000000000127e-01
1.538590000000000235e-01 9.329675845891892416e-02 8.097734680626678117e-02 9.329675845891891028e-02 1.659239999999999882e-01 7.865812939863461861e-02 8.097734680626675341e-02 7.865812939863461861e-02 1.548750000000000127e-01
1.538590000000000235e-01 9.503438719550541536e-02 8.698086957821675458e-02 9.503438719550538760e-02 1.659239999999999882e-01 8.731162298597504312e-02 8.698086957821674070e-02 8.731162298597504312e-02 1.548750000000000127e-01
1.538590000000000235e-01 1.062216440100798437e-01 9.201563640128851418e-02 1.062216440100798159e-01 1.659239999999999882e-01 9.105010239497865476e-02 9.201563640128848642e-02 9.105010239497865476e-02 1.548750000000000127e-01
1.538590000000000235e-01 1.120939263990346629e-01 9.885789601239194924e-02 1.120939263990346352e-01 1.659239999999999882e-01 9.627584018788953868e-02 9.885789601239193536e-02 9.627584018788953868e-02 1.548750000000000127e-01
1.538590000000000235e-01 1.242535147048419303e-01 1.059125815760609546e-01 1.242535147048419025e-01 1.659239999999999882e-01 1.089188169850039967e-01 1.059125815760609268e-01 1.089188169850039967e-01 1.548750000000000127e-01
1.538590000000000235e-01 1.297319753497561678e-01 1.141529441526704797e-01 1.297319753497561401e-01 1.659239999999999882e-01 1.103941874783587324e-01 1.141529441526704519e-01 1.103941874783587324e-01 1.548750000000000127e-01
1.538590000000000235e-01 1.359465114344761694e-01 1.234933212860509222e-01 1.359465114344761416e-01 1.659239999999999882e-01 1.219944080709822604e-01 1.234933212860508944e-01 1.219944080709822604e-01 1.548750000000000127e-01
1.538590000000000235e-01 1.421453827405238235e-01 1.270711233116517958e-01 1.421453827405237957e-01 1.659239999999999882e-01 1.241832293994944852e-01 1.270711233116517680e-01 1.241832293994944852e-01 1.548750000000000127e-01
1.538590000000000235e-01 1.499460000000000237e-01 1.315450000000000230e-01 1.499459999999999960e-01 1.659239999999999882e-01 1.300300000000000067e-01 1.315449999999999953e-01 1.300300000000000067e-01 1.548750000000000127e-01
c: 
2.045999999999999819e+00
1.372999999999999998e+00
2.289000000000000146e+00
