CDF: 
2.500000000000000000e-01 2.999999999999999889e-01 7.900000000000000355e-01 1.000000000000000000e+00
1.799999999999999933e-01 2.000000000000000111e-01 5.699999999999999512e-01 1.000000000000000000e+00
4.699999999999999734e-01 5.999999999999999778e-01 6.899999999999999467e-01 1.000000000000000000e+00
sigma: 
1.173440000000000039e-01 4.274830460181153896e-03 4.697602417167554348e-03 4.274830460181153896e-03 1.512759999999999661e-01 2.335716325793960654e-03 4.697602417167554348e-03 2.335716325793961087e-03 1.912160000000000248e-01
1.173440000000000039e-01 5.933198709979659903e-03 1.260210632905810202e-02 5.933198709979659903e-03 1.512759999999999661e-01 9.792271658404854903e-03 1.260210632905810202e-02 9.792271658404858373e-03 1.912160000000000248e-01
1.173440000000000039e-01 1.385965127729352729e-02 1.602386810183192498e-02 1.385965127729352729e-02 1.512759999999999661e-01 1.879052132560032548e-02 1.602386810183192498e-02 1.879052132560032895e-02 1.912160000000000248e-01
1.173440000000000039e-01 2.021586973198412351e-02 2.027268061071697131e-02 2.021586973198412351e-02 1.512759999999999661e-01 2.556998757103992256e-02 2.027268061071697131e-02 2.556998757103992950e-02 1.912160000000000248e-01
1.173440000000000039e-01 2.542518074264222064e-02 2.757279981108873290e-02 2.542518074264222064e-02 1.512759999999999661e-01 3.585416985896807546e-02 2.757279981108873290e-02 3.585416985896808240e-02 1.912160000000000248e-01
1.173440000000000039e-01 2.811355639526853800e-02 3.177731754977258793e-02 2.811355639526853800e-02 1.512759999999999661e-01 4.310884382952261118e-02 3.177731754977258793e-02 4.310884382952261812e-02 1.912160000000000248e-01
1.173440000000000039e-01 3.307206121575369251e-02 4.022902411125306443e-02 3.307206121575369251e-02 1.512759999999999661e-01 4.904355180617445825e-02 4.022902411125306443e-02 4.904355180617446519e-02 1.912160000000000248e-01
1.173440000000000039e-01 4.310877897733505354e-02 4.542338144229829400e-02 4.310877897733505354e-02 1.512759999999999661e-01 5.430094979123228915e-02 4.542338144229829400e-02 5.430094979123230303e-02 1.912160000000000248e-01
1.173440000000000039e-01 4.391508118024248231e-02 5.085476729476626906e-02 4.391508118024248231e-02 1.512759999999999661e-01 6.444034117432681508e-02 5.085476729476626906e-02 6.444034117432682895e-02 1.912160000000000248e-01
1.173440000000000039e-01 5.271593556178810064e-02 6.264602655293567690e-02 5.271593556178810064e-02 1.512759999999999661e-01 7.415303547323591482e-02 6.264602655293567690e-02 7.415303547323592870e-02 1.912160000000000248e-01
1.173440000000000039e-01 5.723621783090199200e-02 6.731092825930960755e-02 5.723621783090199200e-02 1.512759999999999661e-01 7.616657155227929410e-02 6.731092825930960755e-02 7.616657155227930798e-02 1.912160000000000248e-01
1.173440000000000039e-01 6.182339970173927890e-02 7.020647751051317664e-02 6.182339970173927890e-02 1.512759999999999661e-01 8.637669875611529713e-02 7.020647751051317664e-02 8.637669875611531101e-02 1.912160000000000248e-01
1.173440000000000039e-01 6.661008524282598098e-02 7.638687745330050016e-02 6.661008524282598098e-02 1.512759999999999661e-01 9.618927064843556252e-02 7.638687745330050016e-02 9.618927064843559027e-02 1.912160000000000248e-01
1.173440000000000039e-01 7.382349062507417847e-02 8.837614857585983363e-02 7.382349062507417847e-02 1.512759999999999661e-01 9.947172875896220789e-02 8.837614857585983363e-02 9.947172875896222177e-02 1.912160000000000248e-01
1.173440000000000039e-01 7.679617351962539362e-02 8.875830828347687496e-02 7.679617351962539362e-02 1.512759999999999661e-01 1.063146951164302412e-01 8.875830828347687496e-02 1.063146951164302551e-01 1.912160000000000248e-01
1.173440000000000039e-01 8.360626549219142556e-02 9.540152652380894105e-02 8.360626549219142556e-02 1.512759999999999661e-01 1.159484313717771969e-01 9.540152652380894105e-02 1.159484313717772108e-01 1.912160000000000248e-01
1.173440000000000039e-01 9.050507850575281732e-02 1.046698943995449799e-01 9.050507850575281732e-02 1.512759999999999661e-01 1.218823910264887900e-01 1.046698943995449799e-01 1.218823910264888177e-01 1.912160000000000248e-01
1.173440000000000039e-01 9.644637775032537108e-02 1.100695538930520911e-01 9.644637775032537108e-02 1.512759999999999661e-01 1.303158984039033408e-01 1.100695538930520911e-01 1.303158984039033685e-01 1.912160000000000248e-01
1.173440000000000039e-01 9.794856271910201695e-02 1.167312589348488971e-01 9.794856271910201695e-02 1.512759999999999661e-01 1.378392433022440633e-01 1.167312589348488971e-01 1.378392433022440910e-01 1.912160000000000248e-01
1.173440000000000039e-01 1.030879999999999852e-01 1.200479999999999881e-01 1.030879999999999852e-01 1.512759999999999661e-01 1.434959999999999847e-01 1.200479999999999881e-01 1.434960000000000124e-01 1.912160000000000248e-01
c: 
1.229999999999999982e+00
2.770000000000000018e+00
2.285000000000000142e+00
