CDF: 
2.300000000000000100e-01 6.199999999999999956e-01 7.199999999999999734e-01 1.000000000000000000e+00
1.000000000000000056e-01 4.600000000000000200e-01 4.799999999999999822e-01 1.000000000000000000e+00
6.600000000000000311e-01 6.899999999999999467e-01 8.100000000000000533e-01 1.000000000000000000e+00
sigma: 
1.531959999999999988e-01 2.795384202678637044e-03 6.961695119645004357e-03 2.795384202678637478e-03 1.776000000000000079e-01 3.437960518972196268e-03 6.961695119645006091e-03 3.437960518972195834e-03 1.508639999999999981e-01
1.531959999999999988e-01 9.704909868732252212e-03 1.189000030362181819e-02 9.704909868732252212e-03 1.776000000000000079e-01 7.413807020648924967e-03 1.189000030362182166e-02 7.413807020648924100e-03 1.508639999999999981e-01
1.531959999999999988e-01 1.396035195567397330e-02 2.066920283792854363e-02 1.396035195567397330e-02 1.776000000000000079e-01 1.500330886296866693e-02 2.066920283792855056e-02 1.500330886296866520e-02 1.508639999999999981e-01
1.531959999999999988e-01 2.237788115446665005e-02 2.451966458464705650e-02 2.237788115446665352e-02 1.776000000000000079e-01 1.718410936029542493e-02 2.451966458464705997e-02 1.718410936029542493e-02 1.508639999999999981e-01
1.531959999999999988e-01 2.847394007111221301e-02 3.563280365023661911e-02 2.847394007111221648e-02 1.776000000000000079e-01 2.155285452095430376e-02 3.563280365023662605e-02 2.155285452095430029e-02 1.508639999999999981e-01
1.531959999999999988e-01 3.518085110443800595e-02 4.209568354044072869e-02 3.518085110443800595e-02 1.776000000000000079e-01 2.851893357462303644e-02 4.209568354044073563e-02 2.851893357462303297e-02 1.508639999999999981e-01
1.531959999999999988e-01 3.808658514119342420e-02 4.770033385942839405e-02 3.808658514119343114e-02 1.776000000000000079e-01 3.212089810743261331e-02 4.770033385942840098e-02 3.212089810743260637e-02 1.508639999999999981e-01
1.531959999999999988e-01 4.582052209846657759e-02 5.659388516918607837e-02 4.582052209846658453e-02 1.776000000000000079e-01 3.810385337125672678e-02 5.659388516918609224e-02 3.810385337125671984e-02 1.508639999999999981e-01
1.531959999999999988e-01 5.125620382423982935e-02 5.780006436552077159e-02 5.125620382423983629e-02 1.776000000000000079e-01 4.564403774804450670e-02 5.780006436552077853e-02 4.564403774804449976e-02 1.508639999999999981e-01
1.531959999999999988e-01 6.207121391830797141e-02 6.624628080383009043e-02 6.207121391830797835e-02 1.776000000000000079e-01 4.772246133075720015e-02 6.624628080383010431e-02 4.772246133075719321e-02 1.508639999999999981e-01
1.531959999999999988e-01 6.579558261701150268e-02 7.411362245188188314e-02 6.579558261701150268e-02 1.776000000000000079e-01 5.509004727641548388e-02 7.411362245188189701e-02 5.509004727641547694e-02 1.508639999999999981e-01
1.531959999999999988e-01 7.006536724870038313e-02 8.150556308237853764e-02 7.006536724870038313e-02 1.776000000000000079e-01 5.980146651567332799e-02 8.150556308237856540e-02 5.980146651567332106e-02 1.508639999999999981e-01
1.531959999999999988e-01 7.706538658337744319e-02 9.206807662907688650e-02 7.706538658337745706e-02 1.776000000000000079e-01 6.611413339380375898e-02 9.206807662907690037e-02 6.611413339380374510e-02 1.508639999999999981e-01
1.531959999999999988e-01 8.364210122034995698e-02 9.835323900083368931e-02 8.364210122034997086e-02 1.776000000000000079e-01 7.088920120348431164e-02 9.835323900083371707e-02 7.088920120348429776e-02 1.508639999999999981e-01
1.531959999999999988e-01 9.185765590647103351e-02 1.046960466125024664e-01 9.185765590647104739e-02 1.776000000000000079e-01 7.614328725022705135e-02 1.046960466125024802e-01 7.614328725022705135e-02 1.508639999999999981e-01
1.531959999999999988e-01 1.001249101349558357e-01 1.105881368139063209e-01 1.001249101349558496e-01 1.776000000000000079e-01 8.067554870573147296e-02 1.105881368139063486e-01 8.067554870573145909e-02 1.508639999999999981e-01
1.531959999999999988e-01 1.040521473413287129e-01 1.190544004801578348e-01 1.040521473413287268e-01 1.776000000000000079e-01 8.527615264967471076e-02 1.190544004801578487e-01 8.527615264967471076e-02 1.508639999999999981e-01
1.531959999999999988e-01 1.112702310691227187e-01 1.242728574642401052e-01 1.112702310691227325e-01 1.776000000000000079e-01 8.954442501895074069e-02 1.242728574642401329e-01 8.954442501895072681e-02 1.508639999999999981e-01
1.531959999999999988e-01 1.193672161191250414e-01 1.358788160626389074e-01 1.193672161191250553e-01 1.776000000000000079e-01 9.464335325726924708e-02 1.358788160626389352e-01 9.464335325726923320e-02 1.508639999999999981e-01
1.531959999999999988e-01 1.200000000000000094e-01 1.360879999999999868e-01 1.200000000000000233e-01 1.776000000000000079e-01 9.760000000000000620e-02 1.360880000000000145e-01 9.759999999999999232e-02 1.508639999999999981e-01
c: 
1.211000000000000076e+00
2.564999999999999947e+00
2.994000000000000217e+00
