CDF: 
3.400000000000000244e-01 4.299999999999999933e-01 5.400000000000000355e-01 1.000000000000000000e+00
5.600000000000000533e-01 7.399999999999999911e-01 8.299999999999999600e-01 1.000000000000000000e+00
1.499999999999999944e-01 6.600000000000000311e-01 7.500000000000000000e-01 1.000000000000000000e+00
sigma: 
2.187959999999999905e-01 4.160199609709173182e-04 3.847779061507197295e-03 4.160199609709173182e-04 1.336749999999999883e-01 1.498589034707191372e-03 3.847779061507197295e-03 1.498589034707191806e-03 1.556159999999999766e-01
2.187959999999999905e-01 1.099406259625053395e-02 9.087109374756539501e-03 1.099406259625053395e-02 1.336749999999999883e-01 1.321066443990048800e-02 9.087109374756539501e-03 1.321066443990049147e-02 1.556159999999999766e-01
2.187959999999999905e-01 1.252945989673374429e-02 1.503619554211278568e-02 1.252945989673374429e-02 1.336749999999999883e-01 1.929705659783682511e-02 1.503619554211278568e-02 1.929705659783682858e-02 1.556159999999999766e-01
2.187959999999999905e-01 2.243006646979272059e-02 2.428803735608919129e-02 2.243006646979272059e-02 1.336749999999999883e-01 2.529544195700330136e-02 2.428803735608919129e-02 2.529544195700330830e-02 1.556159999999999766e-01
2.187959999999999905e-01 2.265649087159436748e-02 2.915682841986460411e-02 2.265649087159436748e-02 1.336749999999999883e-01 2.973356870414171557e-02 2.915682841986460411e-02 2.973356870414172251e-02 1.556159999999999766e-01
2.187959999999999905e-01 2.905547017386336112e-02 3.675435795366395475e-02 2.905547017386336112e-02 1.336749999999999883e-01 3.941378929834148809e-02 3.675435795366395475e-02 3.941378929834149503e-02 1.556159999999999766e-01
2.187959999999999905e-01 3.708596997830637676e-02 4.470244556684433573e-02 3.708596997830637676e-02 1.336749999999999883e-01 4.382382351399922299e-02 4.470244556684433573e-02 4.382382351399923687e-02 1.556159999999999766e-01
2.187959999999999905e-01 4.058884723543948470e-02 5.178190525850160514e-02 4.058884723543948470e-02 1.336749999999999883e-01 4.915927200932843771e-02 5.178190525850160514e-02 4.915927200932845159e-02 1.556159999999999766e-01
2.187959999999999905e-01 4.518736309370575271e-02 5.467182187132693660e-02 4.518736309370575271e-02 1.336749999999999883e-01 5.725698945433444625e-02 5.467182187132693660e-02 5.725698945433446013e-02 1.556159999999999766e-01
2.187959999999999905e-01 5.123377036697653736e-02 6.756785732336410832e-02 5.123377036697653736e-02 1.336749999999999883e-01 6.384882606296132801e-02 6.756785732336410832e-02 6.384882606296134189e-02 1.556159999999999766e-01
2.187959999999999905e-01 5.704322031488070349e-02 7.147209176783195228e-02 5.704322031488070349e-02 1.336749999999999883e-01 7.369830276190175722e-02 7.147209176783195228e-02 7.369830276190177110e-02 1.556159999999999766e-01
2.187959999999999905e-01 6.263665815561192396e-02 8.112783642504889370e-02 6.263665815561192396e-02 1.336749999999999883e-01 7.910985136298347153e-02 8.112783642504889370e-02 7.910985136298348541e-02 1.556159999999999766e-01
2.187959999999999905e-01 7.212963541587900929e-02 8.327876988311763706e-02 7.212963541587900929e-02 1.336749999999999883e-01 8.611451946732207041e-02 8.327876988311763706e-02 8.611451946732208429e-02 1.556159999999999766e-01
2.187959999999999905e-01 7.573659386024583773e-02 9.276917212397180201e-02 7.573659386024583773e-02 1.336749999999999883e-01 8.947073455448537049e-02 9.276917212397180201e-02 8.947073455448538437e-02 1.556159999999999766e-01
2.187959999999999905e-01 8.348555698485840559e-02 9.980165441700124263e-02 8.348555698485840559e-02 1.336749999999999883e-01 9.638609471830124342e-02 9.980165441700124263e-02 9.638609471830127118e-02 1.556159999999999766e-01
2.187959999999999905e-01 9.003935662952831931e-02 1.027863780975557112e-01 9.003935662952831931e-02 1.336749999999999883e-01 1.070281570436017321e-01 1.027863780975557112e-01 1.070281570436017599e-01 1.556159999999999766e-01
2.187959999999999905e-01 9.570238932817949629e-02 1.144189831401584284e-01 9.570238932817949629e-02 1.336749999999999883e-01 1.088897147724973147e-01 1.144189831401584284e-01 1.088897147724973286e-01 1.556159999999999766e-01
2.187959999999999905e-01 9.938354824130579690e-02 1.174848512585495164e-01 9.938354824130579690e-02 1.336749999999999883e-01 1.163074560831951487e-01 1.174848512585495164e-01 1.163074560831951765e-01 1.556159999999999766e-01
2.187959999999999905e-01 1.016467823265373577e-01 1.283665092427272725e-01 1.016467823265373577e-01 1.336749999999999883e-01 1.261863205122639442e-01 1.283665092427272725e-01 1.261863205122639719e-01 1.556159999999999766e-01
2.187959999999999905e-01 1.070699999999999846e-01 1.285439999999999916e-01 1.070699999999999846e-01 1.336749999999999883e-01 1.277799999999999769e-01 1.285439999999999916e-01 1.277800000000000047e-01 1.556159999999999766e-01
c: 
1.064000000000000057e+00
1.352999999999999980e+00
1.241999999999999993e+00
