CDF: 
1.600000000000000033e-01 1.700000000000000122e-01 3.300000000000000155e-01 1.000000000000000000e+00
5.100000000000000089e-01 6.800000000000000488e-01 7.199999999999999734e-01 1.000000000000000000e+00
1.799999999999999933e-01 4.099999999999999756e-01 7.399999999999999911e-01 1.000000000000000000e+00
sigma: 
1.675389999999999935e-01 3.456054983796859152e-03 4.703928977673495562e-03 3.456054983796859152e-03 1.898190000000000155e-01 4.918292591942229931e-04 4.703928977673495562e-03 4.918292591942229931e-04 1.460760000000000114e-01
1.675389999999999935e-01 8.912330916027423611e-03 5.716779200455550554e-03 8.912330916027423611e-03 1.898190000000000155e-01 1.323811711351871763e-02 5.716779200455550554e-03 1.323811711351871936e-02 1.460760000000000114e-01
1.675389999999999935e-01 1.215201147249648887e-02 1.427642207698250065e-02 1.215201147249648887e-02 1.898190000000000155e-01 2.297630506768340644e-02 1.427642207698250065e-02 2.297630506768341338e-02 1.460760000000000114e-01
1.675389999999999935e-01 1.463551450947965862e-02 1.995540934428962146e-02 1.463551450947965862e-02 1.898190000000000155e-01 2.917605822072631694e-02 1.995540934428962146e-02 2.917605822072632041e-02 1.460760000000000114e-01
1.675389999999999935e-01 2.072025361577338118e-02 2.051279771311872308e-02 2.072025361577338118e-02 1.898190000000000155e-01 3.328185170062767512e-02 2.051279771311872308e-02 3.328185170062768206e-02 1.460760000000000114e-01
1.675389999999999935e-01 2.706872853770981441e-02 2.922627574060096198e-02 2.706872853770981441e-02 1.898190000000000155e-01 4.239494297099425518e-02 2.922627574060096198e-02 4.239494297099426212e-02 1.460760000000000114e-01
1.675389999999999935e-01 2.828874776704600261e-02 3.299150386058803675e-02 2.828874776704600261e-02 1.898190000000000155e-01 5.434269929123503040e-02 3.299150386058803675e-02 5.434269929123503734e-02 1.460760000000000114e-01
1.675389999999999935e-01 3.248801485133290257e-02 3.941374123004883628e-02 3.248801485133290257e-02 1.898190000000000155e-01 6.354030573220126321e-02 3.941374123004883628e-02 6.354030573220127709e-02 1.460760000000000114e-01
1.675389999999999935e-01 4.104563335774644856e-02 4.567079050936338064e-02 4.104563335774644856e-02 1.898190000000000155e-01 6.742020243297663917e-02 4.567079050936338064e-02 6.742020243297665305e-02 1.460760000000000114e-01
1.675389999999999935e-01 4.122385076641602031e-02 4.781987751695745970e-02 4.122385076641602031e-02 1.898190000000000155e-01 7.517036611895105969e-02 4.781987751695745970e-02 7.517036611895107356e-02 1.460760000000000114e-01
1.675389999999999935e-01 4.860850876548890309e-02 5.571661075419319376e-02 4.860850876548890309e-02 1.898190000000000155e-01 8.395965272692511305e-02 5.571661075419319376e-02 8.395965272692512693e-02 1.460760000000000114e-01
1.675389999999999935e-01 5.243188572069387016e-02 5.901815045766203860e-02 5.243188572069387016e-02 1.898190000000000155e-01 9.419876741135001230e-02 5.901815045766203860e-02 9.419876741135004006e-02 1.460760000000000114e-01
1.675389999999999935e-01 5.760664197441767859e-02 6.376822819696539857e-02 5.760664197441767859e-02 1.898190000000000155e-01 1.005690576356143562e-01 6.376822819696539857e-02 1.005690576356143701e-01 1.460760000000000114e-01
1.675389999999999935e-01 6.192066101485937946e-02 6.940295075689011106e-02 6.192066101485937946e-02 1.898190000000000155e-01 1.130000016031255938e-01 6.940295075689011106e-02 1.130000016031256077e-01 1.460760000000000114e-01
1.675389999999999935e-01 6.542906355589840628e-02 7.592056163043144068e-02 6.542906355589840628e-02 1.898190000000000155e-01 1.169929831764937173e-01 7.592056163043144068e-02 1.169929831764937450e-01 1.460760000000000114e-01
1.675389999999999935e-01 6.971236235022329475e-02 7.792285210204293044e-02 6.971236235022329475e-02 1.898190000000000155e-01 1.271189220409518206e-01 7.792285210204293044e-02 1.271189220409518483e-01 1.460760000000000114e-01
1.675389999999999935e-01 7.625724017574372904e-02 8.339845408390275661e-02 7.625724017574372904e-02 1.898190000000000155e-01 1.337105706605724587e-01 8.339845408390275661e-02 1.337105706605724864e-01 1.460760000000000114e-01
1.675389999999999935e-01 8.147409324869191172e-02 8.722331766532663566e-02 8.147409324869191172e-02 1.898190000000000155e-01 1.474386240835064421e-01 8.722331766532663566e-02 1.474386240835064699e-01 1.460760000000000114e-01
1.675389999999999935e-01 8.275680323432059449e-02 9.197430504437673071e-02 8.275680323432059449e-02 1.898190000000000155e-01 1.492015784929255351e-01 9.197430504437673071e-02 1.492015784929255628e-01 1.460760000000000114e-01
1.675389999999999935e-01 8.682899999999998952e-02 9.684199999999999753e-02 8.682899999999998952e-02 1.898190000000000155e-01 1.566619999999999957e-01 9.684199999999999753e-02 1.566620000000000235e-01 1.460760000000000114e-01
c: 
1.328999999999999959e+00
1.080000000000000071e+00
1.770000000000000018e+00
