CDF: 
4.199999999999999845e-01 4.400000000000000022e-01 4.600000000000000200e-01 1.000000000000000000e+00
1.400000000000000133e-01 2.899999999999999800e-01 4.799999999999999822e-01 1.000000000000000000e+00
5.999999999999999778e-02 2.500000000000000000e-01 3.800000000000000044e-01 1.000000000000000000e+00
sigma: 
2.392960000000000087e-01 4.608401301869992361e-03 1.423774106493718050e-06 4.608401301869993229e-03 1.645240000000000036e-01 5.311160952389933076e-03 1.423774106493718050e-06 5.311160952389933076e-03 1.442999999999999838e-01
2.392960000000000087e-01 1.433159309333506375e-02 1.255096893662204470e-02 1.433159309333506722e-02 1.645240000000000036e-01 1.055043781387869813e-02 1.255096893662204470e-02 1.055043781387869813e-02 1.442999999999999838e-01
2.392960000000000087e-01 1.985162853224693366e-02 2.262406220426581641e-02 1.985162853224693713e-02 1.645240000000000036e-01 1.635901459687884654e-02 2.262406220426581641e-02 1.635901459687884654e-02 1.442999999999999838e-01
2.392960000000000087e-01 3.481195240585983203e-02 3.011582357188125059e-02 3.481195240585983897e-02 1.645240000000000036e-01 2.203581727809260718e-02 3.011582357188125059e-02 2.203581727809260718e-02 1.442999999999999838e-01
2.392960000000000087e-01 4.847363825040899854e-02 3.811968460299908212e-02 4.847363825040900548e-02 1.645240000000000036e-01 3.035789239361785796e-02 3.811968460299908212e-02 3.035789239361785796e-02 1.442999999999999838e-01
2.392960000000000087e-01 5.153994833527747454e-02 4.500234291523740743e-02 5.153994833527748148e-02 1.645240000000000036e-01 3.650214532828544023e-02 4.500234291523740743e-02 3.650214532828544023e-02 1.442999999999999838e-01
2.392960000000000087e-01 5.947140825685771209e-02 5.104410091430090779e-02 5.947140825685772597e-02 1.645240000000000036e-01 4.714526247027184258e-02 5.104410091430090779e-02 4.714526247027184258e-02 1.442999999999999838e-01
2.392960000000000087e-01 7.290306414061259455e-02 6.288319259864603994e-02 7.290306414061260842e-02 1.645240000000000036e-01 5.405376693866228988e-02 6.288319259864603994e-02 5.405376693866228988e-02 1.442999999999999838e-01
2.392960000000000087e-01 8.210958742987639614e-02 7.336170735144773025e-02 8.210958742987641001e-02 1.645240000000000036e-01 5.863651346147424892e-02 7.336170735144773025e-02 5.863651346147424892e-02 1.442999999999999838e-01
2.392960000000000087e-01 9.248363811381984934e-02 7.852568004409869740e-02 9.248363811381986321e-02 1.645240000000000036e-01 6.816559213798996375e-02 7.852568004409869740e-02 6.816559213798996375e-02 1.442999999999999838e-01
2.392960000000000087e-01 9.933153898539448523e-02 8.568053039649825564e-02 9.933153898539449911e-02 1.645240000000000036e-01 7.884210316538926844e-02 8.568053039649825564e-02 7.884210316538926844e-02 1.442999999999999838e-01
2.392960000000000087e-01 1.097952318111087150e-01 9.716678085052042613e-02 1.097952318111087289e-01 1.645240000000000036e-01 8.372359705028512011e-02 9.716678085052042613e-02 8.372359705028512011e-02 1.442999999999999838e-01
2.392960000000000087e-01 1.254653680995007348e-01 1.027863729750142230e-01 1.254653680995007625e-01 1.645240000000000036e-01 8.800668705150646587e-02 1.027863729750142230e-01 8.800668705150646587e-02 1.442999999999999838e-01
2.392960000000000087e-01 1.355204221425506950e-01 1.155718233780472504e-01 1.355204221425506950e-01 1.645240000000000036e-01 9.956136662992372266e-02 1.155718233780472504e-01 9.956136662992372266e-02 1.442999999999999838e-01
2.392960000000000087e-01 1.399244240557860897e-01 1.214469527283279643e-01 1.399244240557861174e-01 1.645240000000000036e-01 1.048759736249108288e-01 1.214469527283279643e-01 1.048759736249108288e-01 1.442999999999999838e-01
2.392960000000000087e-01 1.557913617103147685e-01 1.317794168682829559e-01 1.557913617103147963e-01 1.645240000000000036e-01 1.120990141498044157e-01 1.317794168682829559e-01 1.120990141498044157e-01 1.442999999999999838e-01
2.392960000000000087e-01 1.632223543666542487e-01 1.351100754947755223e-01 1.632223543666542764e-01 1.645240000000000036e-01 1.180098157765958333e-01 1.351100754947755223e-01 1.180098157765958333e-01 1.442999999999999838e-01
2.392960000000000087e-01 1.696789925794029430e-01 1.444982256107203711e-01 1.696789925794029430e-01 1.645240000000000036e-01 1.298551690544414994e-01 1.444982256107203711e-01 1.298551690544414994e-01 1.442999999999999838e-01
2.392960000000000087e-01 1.800416995926517050e-01 1.517526136331140418e-01 1.800416995926517050e-01 1.645240000000000036e-01 1.334174596590274875e-01 1.517526136331140418e-01 1.334174596590274875e-01 1.442999999999999838e-01
2.392960000000000087e-01 1.872479999999999700e-01 1.600800000000000001e-01 1.872479999999999978e-01 1.645240000000000036e-01 1.375399999999999956e-01 1.600800000000000001e-01 1.375399999999999956e-01 1.442999999999999838e-01
c: 
2.802999999999999936e+00
2.454000000000000181e+00
1.256000000000000005e+00
