CDF: 
2.200000000000000011e-01 2.500000000000000000e-01 4.400000000000000022e-01 1.000000000000000000e+00
4.099999999999999756e-01 4.500000000000000111e-01 7.199999999999999734e-01 1.000000000000000000e+00
4.799999999999999822e-01 5.799999999999999600e-01 9.100000000000000311e-01 1.000000000000000000e+00
sigma: 
1.930000000000000049e-01 1.344164052117418360e-03 3.404539730268347792e-03 1.344164052117418576e-03 1.714750000000000163e-01 3.445945701038911988e-03 3.404539730268347792e-03 3.445945701038911988e-03 8.109899999999997666e-02
1.930000000000000049e-01 1.343098050577168356e-02 6.234027788450655951e-03 1.343098050577168703e-02 1.714750000000000163e-01 7.174199513676962972e-03 6.234027788450655951e-03 7.174199513676962972e-03 8.109899999999997666e-02
1.930000000000000049e-01 1.786060004878506358e-02 1.158104233678939991e-02 1.786060004878506705e-02 1.714750000000000163e-01 1.270848040052843624e-02 1.158104233678939991e-02 1.270848040052843624e-02 8.109899999999997666e-02
1.930000000000000049e-01 2.565158156177098012e-02 1.457849514931294950e-02 2.565158156177098359e-02 1.714750000000000163e-01 1.738159721605130395e-02 1.457849514931294950e-02 1.738159721605130395e-02 8.109899999999997666e-02
1.930000000000000049e-01 3.562648468411970526e-02 1.732315596796322674e-02 3.562648468411971220e-02 1.714750000000000163e-01 2.116471541104042453e-02 1.732315596796322674e-02 2.116471541104042453e-02 8.109899999999997666e-02
1.930000000000000049e-01 4.111504232754446819e-02 2.048898589771930984e-02 4.111504232754447513e-02 1.714750000000000163e-01 2.466391020130780792e-02 2.048898589771930984e-02 2.466391020130780792e-02 8.109899999999997666e-02
1.930000000000000049e-01 4.338016877200393667e-02 2.599941026599122615e-02 4.338016877200395055e-02 1.714750000000000163e-01 3.180529278280965627e-02 2.599941026599122615e-02 3.180529278280965627e-02 8.109899999999997666e-02
1.930000000000000049e-01 5.560573293241303366e-02 3.170078761439032444e-02 5.560573293241304754e-02 1.714750000000000163e-01 3.450984069640838925e-02 3.170078761439032444e-02 3.450984069640838925e-02 8.109899999999997666e-02
1.930000000000000049e-01 5.919548039248748866e-02 3.276540987920142922e-02 5.919548039248750254e-02 1.714750000000000163e-01 3.944878522149534300e-02 3.276540987920142922e-02 3.944878522149534300e-02 8.109899999999997666e-02
1.930000000000000049e-01 6.945037864212709466e-02 3.683549258084446720e-02 6.945037864212710854e-02 1.714750000000000163e-01 4.550734962036735720e-02 3.683549258084446720e-02 4.550734962036735720e-02 8.109899999999997666e-02
1.930000000000000049e-01 7.298969374353235506e-02 4.254247961534542155e-02 7.298969374353236894e-02 1.714750000000000163e-01 4.980688801069297483e-02 4.254247961534542155e-02 4.980688801069297483e-02 8.109899999999997666e-02
1.930000000000000049e-01 7.992227029133899818e-02 4.506628256390568521e-02 7.992227029133901206e-02 1.714750000000000163e-01 5.430939862942896906e-02 4.506628256390568521e-02 5.430939862942896906e-02 8.109899999999997666e-02
1.930000000000000049e-01 9.020224188729313031e-02 4.968260828086619452e-02 9.020224188729315806e-02 1.714750000000000163e-01 5.818554830658074356e-02 4.968260828086619452e-02 5.818554830658074356e-02 8.109899999999997666e-02
1.930000000000000049e-01 9.592436789353302184e-02 5.288629446858559430e-02 9.592436789353304960e-02 1.714750000000000163e-01 6.619478995568928159e-02 5.288629446858559430e-02 6.619478995568928159e-02 8.109899999999997666e-02
1.930000000000000049e-01 1.056108391425857052e-01 5.663787658099491557e-02 1.056108391425857329e-01 1.714750000000000163e-01 6.821483611961677573e-02 5.663787658099491557e-02 6.821483611961677573e-02 8.109899999999997666e-02
1.930000000000000049e-01 1.136660317520291896e-01 6.341812013691822125e-02 1.136660317520292174e-01 1.714750000000000163e-01 7.208369349522225633e-02 6.341812013691822125e-02 7.208369349522225633e-02 8.109899999999997666e-02
1.930000000000000049e-01 1.164926362834287354e-01 6.747476692828932587e-02 1.164926362834287632e-01 1.714750000000000163e-01 7.895078391951984575e-02 6.747476692828932587e-02 7.895078391951984575e-02 8.109899999999997666e-02
1.930000000000000049e-01 1.276147266870801544e-01 6.844173002412193285e-02 1.276147266870801822e-01 1.714750000000000163e-01 8.108896567602627559e-02 6.844173002412193285e-02 8.108896567602627559e-02 8.109899999999997666e-02
1.930000000000000049e-01 1.332139698339206979e-01 7.509015369009994223e-02 1.332139698339207257e-01 1.714750000000000163e-01 8.903826677476191220e-02 7.509015369009994223e-02 8.903826677476191220e-02 8.109899999999997666e-02
1.930000000000000049e-01 1.365999999999999992e-01 7.561999999999999278e-02 1.366000000000000270e-01 1.714750000000000163e-01 8.996500000000000330e-02 7.561999999999999278e-02 8.996500000000000330e-02 8.109899999999997666e-02
c: 
2.367999999999999883e+00
2.270999999999999908e+00
2.815999999999999837e+00
