CDF: 
4.199999999999999845e-01 7.399999999999999911e-01 8.399999999999999689e-01 1.000000000000000000e+00
2.800000000000000266e-01 3.599999999999999867e-01 4.699999999999999734e-01 1.000000000000000000e+00
5.300000000000000266e-01 6.899999999999999467e-01 7.199999999999999734e-01 1.000000000000000000e+00
sigma: 
1.191040000000000154e-01 5.188662993603523378e-03 2.975578780645794091e-03 5.188662993603523378e-03 2.027000000000000191e-01 7.810324658258784936e-04 2.975578780645794091e-03 7.810324658258782768e-04 1.862240000000000006e-01
1.191040000000000154e-01 1.032515606094987909e-02 9.493449271806024894e-03 1.032515606094987909e-02 2.027000000000000191e-01 7.552859753006893259e-03 9.493449271806024894e-03 7.552859753006892392e-03 1.862240000000000006e-01
1.191040000000000154e-01 1.123158739311883557e-02 1.557673737659398538e-02 1.123158739311883557e-02 2.027000000000000191e-01 1.763687309521370927e-02 1.557673737659398538e-02 1.763687309521370580e-02 1.862240000000000006e-01
1.191040000000000154e-01 1.713095391262723158e-02 2.520939747095626501e-02 1.713095391262723158e-02 2.027000000000000191e-01 2.333588454311254570e-02 2.520939747095626501e-02 2.333588454311253876e-02 1.862240000000000006e-01
1.191040000000000154e-01 2.648438634933635710e-02 3.254038285457358515e-02 2.648438634933635710e-02 2.027000000000000191e-01 2.932730599532392540e-02 3.254038285457358515e-02 2.932730599532391846e-02 1.862240000000000006e-01
1.191040000000000154e-01 3.219545984491429397e-02 3.673578299558818289e-02 3.219545984491429397e-02 2.027000000000000191e-01 3.753309810694480109e-02 3.673578299558818289e-02 3.753309810694479415e-02 1.862240000000000006e-01
1.191040000000000154e-01 3.357081520663161844e-02 4.472026597225475797e-02 3.357081520663161844e-02 2.027000000000000191e-01 4.557485663101613904e-02 4.472026597225475797e-02 4.557485663101613210e-02 1.862240000000000006e-01
1.191040000000000154e-01 4.200671292223286113e-02 5.076686630667315292e-02 4.200671292223286113e-02 2.027000000000000191e-01 5.252489371473591934e-02 5.076686630667315292e-02 5.252489371473591240e-02 1.862240000000000006e-01
1.191040000000000154e-01 4.334884051455426685e-02 5.670206815215171614e-02 4.334884051455426685e-02 2.027000000000000191e-01 5.645129153722598658e-02 5.670206815215171614e-02 5.645129153722597964e-02 1.862240000000000006e-01
1.191040000000000154e-01 4.948407626217083549e-02 6.293887469731056228e-02 4.948407626217083549e-02 2.027000000000000191e-01 6.743501869822809969e-02 6.293887469731056228e-02 6.743501869822808581e-02 1.862240000000000006e-01
1.191040000000000154e-01 5.714717585885196321e-02 6.714759521596350145e-02 5.714717585885196321e-02 2.027000000000000191e-01 7.316624581955062656e-02 6.714759521596350145e-02 7.316624581955061268e-02 1.862240000000000006e-01
1.191040000000000154e-01 6.040720338318560090e-02 7.426097880571760901e-02 6.040720338318560090e-02 2.027000000000000191e-01 7.768880318250286077e-02 7.426097880571760901e-02 7.768880318250283301e-02 1.862240000000000006e-01
1.191040000000000154e-01 6.812306276999810506e-02 8.039361287215124330e-02 6.812306276999810506e-02 2.027000000000000191e-01 8.459309922919261426e-02 8.039361287215124330e-02 8.459309922919260039e-02 1.862240000000000006e-01
1.191040000000000154e-01 7.184786148154491403e-02 8.911119300143079125e-02 7.184786148154491403e-02 2.027000000000000191e-01 9.426943679043243984e-02 8.911119300143079125e-02 9.426943679043242597e-02 1.862240000000000006e-01
1.191040000000000154e-01 7.926049311732709379e-02 9.757562943570630143e-02 7.926049311732709379e-02 2.027000000000000191e-01 1.027013673317252601e-01 9.757562943570630143e-02 1.027013673317252462e-01 1.862240000000000006e-01
1.191040000000000154e-01 8.089528264067361030e-02 1.042377866828637506e-01 8.089528264067361030e-02 2.027000000000000191e-01 1.069451004304204783e-01 1.042377866828637506e-01 1.069451004304204644e-01 1.862240000000000006e-01
1.191040000000000154e-01 8.644588987795348567e-02 1.075142218826947021e-01 8.644588987795348567e-02 2.027000000000000191e-01 1.162639124045439509e-01 1.075142218826947021e-01 1.162639124045439232e-01 1.862240000000000006e-01
1.191040000000000154e-01 9.615646144377067162e-02 1.198715735773139973e-01 9.615646144377067162e-02 2.027000000000000191e-01 1.245072346442439304e-01 1.198715735773139973e-01 1.245072346442439165e-01 1.862240000000000006e-01
1.191040000000000154e-01 9.797058461676928787e-02 1.244927988597091945e-01 9.797058461676928787e-02 2.027000000000000191e-01 1.260406921511566247e-01 1.244927988597091945e-01 1.260406921511565970e-01 1.862240000000000006e-01
1.191040000000000154e-01 1.022400000000000114e-01 1.272639999999999882e-01 1.022400000000000114e-01 2.027000000000000191e-01 1.328400000000000136e-01 1.272639999999999882e-01 1.328399999999999859e-01 1.862240000000000006e-01
c: 
1.147999999999999909e+00
2.806999999999999940e+00
2.995999999999999996e+00
