CDF: 
6.500000000000000222e-01 6.700000000000000400e-01 9.300000000000000488e-01 1.000000000000000000e+00
4.899999999999999911e-01 5.200000000000000178e-01 5.899999999999999689e-01 1.000000000000000000e+00
1.600000000000000033e-01 2.099999999999999922e-01 2.800000000000000266e-01 1.000000000000000000e+00
sigma: 
7.109999999999999654e-02 1.696057316331034664e-03 1.034046396327500603e-03 1.696057316331034664e-03 2.282440000000000579e-01 2.543248698277427756e-03 1.034046396327500603e-03 2.543248698277427756e-03 1.702840000000000187e-01
7.109999999999999654e-02 7.116183276777703938e-03 3.225751085057144713e-03 7.116183276777703938e-03 2.282440000000000579e-01 1.097508803639910512e-02 3.225751085057144713e-03 1.097508803639910512e-02 1.702840000000000187e-01
7.109999999999999654e-02 9.807715264253018608e-03 5.149153713203306372e-03 9.807715264253018608e-03 2.282440000000000579e-01 1.368557211735567380e-02 5.149153713203306372e-03 1.368557211735567380e-02 1.702840000000000187e-01
7.109999999999999654e-02 1.410067491972252958e-02 6.073538961844025287e-03 1.410067491972252958e-02 2.282440000000000579e-01 2.122011270364303898e-02 6.073538961844025287e-03 2.122011270364303898e-02 1.702840000000000187e-01
7.109999999999999654e-02 2.165808200391496768e-02 8.389592552680609147e-03 2.165808200391496768e-02 2.282440000000000579e-01 2.875261179142250476e-02 8.389592552680609147e-03 2.875261179142250476e-02 1.702840000000000187e-01
7.109999999999999654e-02 2.374727636051193747e-02 1.052439092227859356e-02 2.374727636051193747e-02 2.282440000000000579e-01 3.164398306484421386e-02 1.052439092227859356e-02 3.164398306484421386e-02 1.702840000000000187e-01
7.109999999999999654e-02 2.923181579290418455e-02 1.222488734983944760e-02 2.923181579290418455e-02 2.282440000000000579e-01 3.966602068275389137e-02 1.222488734983944760e-02 3.966602068275389137e-02 1.702840000000000187e-01
7.109999999999999654e-02 3.231496502077369631e-02 1.494980591465021845e-02 3.231496502077369631e-02 2.282440000000000579e-01 4.411336701062888721e-02 1.494980591465021845e-02 4.411336701062888721e-02 1.702840000000000187e-01
7.109999999999999654e-02 3.905176361132948332e-02 1.637675821559244488e-02 3.905176361132948332e-02 2.282440000000000579e-01 4.739606256001144269e-02 1.637675821559244488e-02 4.739606256001144269e-02 1.702840000000000187e-01
7.109999999999999654e-02 4.326577976305726742e-02 1.921491797845002389e-02 4.326577976305726742e-02 2.282440000000000579e-01 5.699973282848921907e-02 1.921491797845002389e-02 5.699973282848921907e-02 1.702840000000000187e-01
7.109999999999999654e-02 4.834462256891634835e-02 2.138644974644620875e-02 4.834462256891634835e-02 2.282440000000000579e-01 6.023079526807716133e-02 2.138644974644620875e-02 6.023079526807716133e-02 1.702840000000000187e-01
7.109999999999999654e-02 5.108025255967738737e-02 2.346190350552099235e-02 5.108025255967738737e-02 2.282440000000000579e-01 6.758031112109147420e-02 2.346190350552099235e-02 6.758031112109147420e-02 1.702840000000000187e-01
7.109999999999999654e-02 5.679430802961901725e-02 2.516399443172742667e-02 5.679430802961901725e-02 2.282440000000000579e-01 7.087978710546184724e-02 2.516399443172742667e-02 7.087978710546184724e-02 1.702840000000000187e-01
7.109999999999999654e-02 6.160315635215622698e-02 2.779154878899638831e-02 6.160315635215622698e-02 2.282440000000000579e-01 7.819447903317636173e-02 2.779154878899638831e-02 7.819447903317636173e-02 1.702840000000000187e-01
7.109999999999999654e-02 6.659478770866017472e-02 2.823971106203770898e-02 6.659478770866017472e-02 2.282440000000000579e-01 8.324481013011070241e-02 2.823971106203770898e-02 8.324481013011070241e-02 1.702840000000000187e-01
7.109999999999999654e-02 6.984914264817188023e-02 3.112046104658123744e-02 6.984914264817188023e-02 2.282440000000000579e-01 8.894102032332455721e-02 3.112046104658123744e-02 8.894102032332455721e-02 1.702840000000000187e-01
7.109999999999999654e-02 7.487987340402502134e-02 3.232727966945646986e-02 7.487987340402502134e-02 2.282440000000000579e-01 9.403316262533491232e-02 3.232727966945646986e-02 9.403316262533491232e-02 1.702840000000000187e-01
7.109999999999999654e-02 7.623350343797134776e-02 3.432812980878727910e-02 7.623350343797134776e-02 2.282440000000000579e-01 1.005342489118700722e-01 3.432812980878727910e-02 1.005342489118700722e-01 1.702840000000000187e-01
7.109999999999999654e-02 8.355621803152871174e-02 3.617149187559746959e-02 8.355621803152871174e-02 2.282440000000000579e-01 1.063663249553182255e-01 3.617149187559746959e-02 1.063663249553182255e-01 1.702840000000000187e-01
7.109999999999999654e-02 8.490000000000000324e-02 3.809999999999999498e-02 8.490000000000000324e-02 2.282440000000000579e-01 1.102360000000000284e-01 3.809999999999999498e-02 1.102360000000000284e-01 1.702840000000000187e-01
c: 
1.647000000000000020e+00
2.943000000000000060e+00
2.270000000000000018e+00
