CDF: 
4.699999999999999734e-01 7.700000000000000178e-01 8.000000000000000444e-01 1.000000000000000000e+00
6.099999999999999867e-01 8.199999999999999512e-01 8.399999999999999689e-01 1.000000000000000000e+00
1.700000000000000122e-01 3.200000000000000067e-01 5.100000000000000089e-01 1.000000000000000000e+00
sigma: 
1.485790000000000166e-01 6.408329938180777792e-03 3.249432298115829346e-03 6.408329938180777792e-03 1.289309999999999901e-01 1.736864194506213075e-03 3.249432298115829346e-03 1.736864194506213292e-03 1.927559999999999829e-01
1.485790000000000166e-01 1.284715482796408743e-02 8.080631136867556796e-03 1.284715482796408743e-02 1.289309999999999901e-01 5.388960074206522802e-03 8.080631136867556796e-03 5.388960074206523669e-03 1.927559999999999829e-01
1.485790000000000166e-01 1.883483478806136091e-02 1.387437406759476147e-02 1.883483478806136091e-02 1.289309999999999901e-01 1.112320049847709443e-02 1.387437406759476147e-02 1.112320049847709616e-02 1.927559999999999829e-01
1.485790000000000166e-01 2.148053746395633262e-02 1.961761005244088557e-02 2.148053746395633262e-02 1.289309999999999901e-01 1.615015029867639812e-02 1.961761005244088557e-02 1.615015029867640159e-02 1.927559999999999829e-01
1.485790000000000166e-01 3.173806974618180454e-02 2.194501291988752364e-02 3.173806974618180454e-02 1.289309999999999901e-01 2.107751662260249487e-02 2.194501291988752364e-02 2.107751662260249834e-02 1.927559999999999829e-01
1.485790000000000166e-01 3.713300396195925307e-02 3.072303561230844970e-02 3.713300396195925307e-02 1.289309999999999901e-01 2.187219934385800993e-02 3.072303561230844970e-02 2.187219934385801340e-02 1.927559999999999829e-01
1.485790000000000166e-01 4.340507915175230436e-02 3.510839804903860550e-02 4.340507915175230436e-02 1.289309999999999901e-01 2.665860613893330025e-02 3.510839804903860550e-02 2.665860613893330372e-02 1.927559999999999829e-01
1.485790000000000166e-01 4.802605978873248499e-02 3.882402541438546156e-02 4.802605978873248499e-02 1.289309999999999901e-01 3.319549333619655623e-02 3.882402541438546156e-02 3.319549333619656317e-02 1.927559999999999829e-01
1.485790000000000166e-01 5.760899230588746589e-02 4.782696993615109110e-02 5.760899230588746589e-02 1.289309999999999901e-01 3.727763494622028662e-02 4.782696993615109110e-02 3.727763494622029355e-02 1.927559999999999829e-01
1.485790000000000166e-01 6.276153286267646680e-02 5.027667620112435953e-02 6.276153286267646680e-02 1.289309999999999901e-01 4.243477901925239021e-02 5.027667620112435953e-02 4.243477901925239715e-02 1.927559999999999829e-01
1.485790000000000166e-01 6.924859971292415817e-02 5.826512205203177724e-02 6.924859971292415817e-02 1.289309999999999901e-01 4.508944051284192317e-02 5.826512205203177724e-02 4.508944051284193705e-02 1.927559999999999829e-01
1.485790000000000166e-01 7.449314202176855748e-02 6.158633402874835738e-02 7.449314202176855748e-02 1.289309999999999901e-01 4.837411724994707812e-02 6.158633402874835738e-02 4.837411724994708506e-02 1.927559999999999829e-01
1.485790000000000166e-01 8.402952135072044859e-02 6.506301494122859741e-02 8.402952135072044859e-02 1.289309999999999901e-01 5.255447075820901537e-02 6.506301494122859741e-02 5.255447075820902231e-02 1.927559999999999829e-01
1.485790000000000166e-01 8.749584594670702098e-02 7.393215014293957887e-02 8.749584594670702098e-02 1.289309999999999901e-01 6.014840240187024900e-02 7.393215014293957887e-02 6.014840240187026288e-02 1.927559999999999829e-01
1.485790000000000166e-01 9.868414775398495764e-02 7.692166445292762667e-02 9.868414775398495764e-02 1.289309999999999901e-01 6.218736393727441331e-02 7.692166445292762667e-02 6.218736393727442718e-02 1.927559999999999829e-01
1.485790000000000166e-01 1.025052090265207022e-01 8.470882426638795537e-02 1.025052090265207022e-01 1.289309999999999901e-01 6.865206243166614708e-02 8.470882426638795537e-02 6.865206243166616096e-02 1.927559999999999829e-01
1.485790000000000166e-01 1.086955169229568696e-01 9.001143390000730660e-02 1.086955169229568696e-01 1.289309999999999901e-01 6.956288576832536652e-02 9.001143390000730660e-02 6.956288576832536652e-02 1.927559999999999829e-01
1.485790000000000166e-01 1.191101765698722725e-01 9.349516809191607547e-02 1.191101765698722725e-01 1.289309999999999901e-01 7.611749362636190119e-02 9.349516809191607547e-02 7.611749362636191507e-02 1.927559999999999829e-01
1.485790000000000166e-01 1.201738600440300786e-01 1.007940611633816042e-01 1.201738600440300786e-01 1.289309999999999901e-01 7.963602030141014865e-02 1.007940611633816042e-01 7.963602030141016253e-02 1.927559999999999829e-01
1.485790000000000166e-01 1.258070000000000022e-01 1.018820000000000003e-01 1.258070000000000022e-01 1.289309999999999901e-01 8.190599999999999270e-02 1.018820000000000003e-01 8.190600000000000658e-02 1.927559999999999829e-01
c: 
1.629000000000000004e+00
1.443999999999999950e+00
2.262999999999999901e+00
