CDF: 
2.899999999999999800e-01 4.199999999999999845e-01 9.300000000000000488e-01 1.000000000000000000e+00
5.200000000000000178e-01 5.300000000000000266e-01 5.899999999999999689e-01 1.000000000000000000e+00
2.800000000000000266e-01 7.800000000000000266e-01 9.200000000000000400e-01 1.000000000000000000e+00
sigma: 
6.150400000000001005e-02 1.098263795784728625e-03 1.790989921172328621e-04 1.098263795784728625e-03 2.314589999999999703e-01 2.171563390769348355e-03 1.790989921172328892e-04 2.171563390769348789e-03 6.801599999999999313e-02
6.150400000000001005e-02 6.819046732388390868e-03 5.550450927355737515e-03 6.819046732388390868e-03 2.314589999999999703e-01 6.007870479931882654e-03 5.550450927355737515e-03 6.007870479931883521e-03 6.801599999999999313e-02
6.150400000000001005e-02 1.097852015221945261e-02 8.509836551733871920e-03 1.097852015221945261e-02 2.314589999999999703e-01 8.212853113188678042e-03 8.509836551733873655e-03 8.212853113188679777e-03 6.801599999999999313e-02
6.150400000000001005e-02 1.404598738849103211e-02 1.103760312749590446e-02 1.404598738849103211e-02 2.314589999999999703e-01 1.182985565703497874e-02 1.103760312749590619e-02 1.182985565703498047e-02 6.801599999999999313e-02
6.150400000000001005e-02 1.927539532721521398e-02 1.484186435142285237e-02 1.927539532721521398e-02 2.314589999999999703e-01 1.503046241041996328e-02 1.484186435142285411e-02 1.503046241041996502e-02 6.801599999999999313e-02
6.150400000000001005e-02 2.019676360681317562e-02 1.631822135469663745e-02 2.019676360681317562e-02 2.314589999999999703e-01 1.970691312235383838e-02 1.631822135469664092e-02 1.970691312235384185e-02 6.801599999999999313e-02
6.150400000000001005e-02 2.553646181875622936e-02 1.849028296723710663e-02 2.553646181875622936e-02 2.314589999999999703e-01 2.540100352120326643e-02 1.849028296723711010e-02 2.540100352120326990e-02 6.801599999999999313e-02
6.150400000000001005e-02 2.883509689084061411e-02 2.348260350054777457e-02 2.883509689084061411e-02 2.314589999999999703e-01 2.711750278171741815e-02 2.348260350054777804e-02 2.711750278171742509e-02 6.801599999999999313e-02
6.150400000000001005e-02 3.361534173647214713e-02 2.615040874348202593e-02 3.361534173647214713e-02 2.314589999999999703e-01 3.060079400536397723e-02 2.615040874348202940e-02 3.060079400536398417e-02 6.801599999999999313e-02
6.150400000000001005e-02 3.719094038952309306e-02 2.895704839872397657e-02 3.719094038952309306e-02 2.314589999999999703e-01 3.362240220248807060e-02 2.895704839872398004e-02 3.362240220248807754e-02 6.801599999999999313e-02
6.150400000000001005e-02 4.231385308859258315e-02 3.056919561692562209e-02 4.231385308859258315e-02 2.314589999999999703e-01 3.772198198506600264e-02 3.056919561692562556e-02 3.772198198506601652e-02 6.801599999999999313e-02
6.150400000000001005e-02 4.527085884781864578e-02 3.523226731034676679e-02 4.527085884781864578e-02 2.314589999999999703e-01 4.055025986713953201e-02 3.523226731034676679e-02 4.055025986713953895e-02 6.801599999999999313e-02
6.150400000000001005e-02 4.930897171343433943e-02 3.891178769672291177e-02 4.930897171343433943e-02 2.314589999999999703e-01 4.482247719058473495e-02 3.891178769672291871e-02 4.482247719058474189e-02 6.801599999999999313e-02
6.150400000000001005e-02 5.593411824689561301e-02 4.058747323080006547e-02 5.593411824689561301e-02 2.314589999999999703e-01 4.772143786123812792e-02 4.058747323080007241e-02 4.772143786123813486e-02 6.801599999999999313e-02
6.150400000000001005e-02 5.929788474631775275e-02 4.497090229427660318e-02 5.929788474631775275e-02 2.314589999999999703e-01 5.196230305854309534e-02 4.497090229427661012e-02 5.196230305854310227e-02 6.801599999999999313e-02
6.150400000000001005e-02 6.367531190249012263e-02 4.545219528240890955e-02 6.367531190249012263e-02 2.314589999999999703e-01 5.463669436165567023e-02 4.545219528240891649e-02 5.463669436165568410e-02 6.801599999999999313e-02
6.150400000000001005e-02 6.704214991801420165e-02 4.960708301990525426e-02 6.704214991801420165e-02 2.314589999999999703e-01 6.015016400767104338e-02 4.960708301990526120e-02 6.015016400767105031e-02 6.801599999999999313e-02
6.150400000000001005e-02 7.177612037018385460e-02 5.392884467443408159e-02 7.177612037018385460e-02 2.314589999999999703e-01 6.486158878106566827e-02 5.392884467443408852e-02 6.486158878106568215e-02 6.801599999999999313e-02
6.150400000000001005e-02 7.566279986092837306e-02 5.433829560517337148e-02 7.566279986092837306e-02 2.314589999999999703e-01 6.552688294281754089e-02 5.433829560517337842e-02 6.552688294281755477e-02 6.801599999999999313e-02
6.150400000000001005e-02 7.645599999999999619e-02 5.710800000000000598e-02 7.645599999999999619e-02 2.314589999999999703e-01 6.911199999999999288e-02 5.710800000000001292e-02 6.911200000000000676e-02 6.801599999999999313e-02
c: 
2.686999999999999833e+00
1.266999999999999904e+00
1.050000000000000044e+00
