CDF: 
1.799999999999999933e-01 4.400000000000000022e-01 6.700000000000000400e-01 1.000000000000000000e+00
2.899999999999999800e-01 5.000000000000000000e-01 5.200000000000000178e-01 1.000000000000000000e+00
5.400000000000000355e-01 6.400000000000000133e-01 7.199999999999999734e-01 1.000000000000000000e+00
sigma: 
1.525240000000000484e-01 6.302522999022942135e-03 3.822691624663893768e-04 6.302522999022941268e-03 2.106999999999999984e-01 5.474019058835193768e-03 3.822691624663893768e-04 5.474019058835193768e-03 1.865759999999999919e-01
1.525240000000000484e-01 1.567372064536216511e-02 1.355243134378991340e-02 1.567372064536216164e-02 2.106999999999999984e-01 1.048799147088752722e-02 1.355243134378991340e-02 1.048799147088752722e-02 1.865759999999999919e-01
1.525240000000000484e-01 2.173561747831017493e-02 1.706156237662331474e-02 2.173561747831017146e-02 2.106999999999999984e-01 2.327179240054263673e-02 1.706156237662331474e-02 2.327179240054263673e-02 1.865759999999999919e-01
1.525240000000000484e-01 2.961649291294929376e-02 2.932829194959149163e-02 2.961649291294928682e-02 2.106999999999999984e-01 3.051827598233174468e-02 2.932829194959149163e-02 3.051827598233174468e-02 1.865759999999999919e-01
1.525240000000000484e-01 3.438505592924342297e-02 3.525303298331686208e-02 3.438505592924342297e-02 2.106999999999999984e-01 3.299421396239580334e-02 3.525303298331686208e-02 3.299421396239580334e-02 1.865759999999999919e-01
1.525240000000000484e-01 4.059327186022409356e-02 4.707632619773808452e-02 4.059327186022408662e-02 2.106999999999999984e-01 4.582695944304681496e-02 4.707632619773808452e-02 4.582695944304681496e-02 1.865759999999999919e-01
1.525240000000000484e-01 4.961852022203575713e-02 5.506361973530401327e-02 4.961852022203575019e-02 2.106999999999999984e-01 5.206484657495319412e-02 5.506361973530401327e-02 5.206484657495319412e-02 1.865759999999999919e-01
1.525240000000000484e-01 5.803093186363560835e-02 5.886684110312145196e-02 5.803093186363560141e-02 2.106999999999999984e-01 6.344352524758288536e-02 5.886684110312145196e-02 6.344352524758288536e-02 1.865759999999999919e-01
1.525240000000000484e-01 6.446269197721705979e-02 6.894046111853337211e-02 6.446269197721704591e-02 2.106999999999999984e-01 6.959455614487185249e-02 6.894046111853337211e-02 6.959455614487185249e-02 1.865759999999999919e-01
1.525240000000000484e-01 7.691140742824274790e-02 8.119849017483113385e-02 7.691140742824273402e-02 2.106999999999999984e-01 7.486712637720506491e-02 8.119849017483113385e-02 7.486712637720506491e-02 1.865759999999999919e-01
1.525240000000000484e-01 8.225893278526116847e-02 8.345000058529732090e-02 8.225893278526115460e-02 2.106999999999999984e-01 8.483213563378853850e-02 8.345000058529732090e-02 8.483213563378853850e-02 1.865759999999999919e-01
1.525240000000000484e-01 9.206159077359039877e-02 9.748184161598041908e-02 9.206159077359038490e-02 2.106999999999999984e-01 9.832326931202703402e-02 9.748184161598041908e-02 9.832326931202703402e-02 1.865759999999999919e-01
1.525240000000000484e-01 1.036299791243656537e-01 1.032018644248612477e-01 1.036299791243656399e-01 2.106999999999999984e-01 1.006932864716127002e-01 1.032018644248612477e-01 1.006932864716127002e-01 1.865759999999999919e-01
1.525240000000000484e-01 1.097911213272659003e-01 1.086908755581919295e-01 1.097911213272658865e-01 2.106999999999999984e-01 1.095598260011043240e-01 1.086908755581919295e-01 1.095598260011043240e-01 1.865759999999999919e-01
1.525240000000000484e-01 1.132026669721836742e-01 1.180973017900403266e-01 1.132026669721836604e-01 2.106999999999999984e-01 1.188779010955320209e-01 1.180973017900403266e-01 1.188779010955320209e-01 1.865759999999999919e-01
1.525240000000000484e-01 1.229104332407243427e-01 1.275675400377727087e-01 1.229104332407243150e-01 2.106999999999999984e-01 1.268125150261064094e-01 1.275675400377727087e-01 1.268125150261064094e-01 1.865759999999999919e-01
1.525240000000000484e-01 1.366127642089581262e-01 1.345593339536527711e-01 1.366127642089580985e-01 2.106999999999999984e-01 1.384901820723443977e-01 1.345593339536527711e-01 1.384901820723443977e-01 1.865759999999999919e-01
1.525240000000000484e-01 1.377382334407278863e-01 1.395471342174192386e-01 1.377382334407278586e-01 2.106999999999999984e-01 1.448778534438633081e-01 1.395471342174192386e-01 1.448778534438633081e-01 1.865759999999999919e-01
1.525240000000000484e-01 1.501449820449524686e-01 1.553516651872796639e-01 1.501449820449524408e-01 2.106999999999999984e-01 1.548077482512562886e-01 1.553516651872796639e-01 1.548077482512562886e-01 1.865759999999999919e-01
1.525240000000000484e-01 1.527800000000000269e-01 1.554320000000000146e-01 1.527799999999999991e-01 2.106999999999999984e-01 1.560399999999999565e-01 1.554320000000000146e-01 1.560399999999999565e-01 1.865759999999999919e-01
c: 
2.978000000000000203e+00
1.219999999999999973e+00
2.406000000000000139e+00
