CDF: 
1.100000000000000006e-01 2.200000000000000011e-01 2.800000000000000266e-01 1.000000000000000000e+00
3.400000000000000244e-01 4.299999999999999933e-01 6.700000000000000400e-01 1.000000000000000000e+00
4.600000000000000200e-01 5.300000000000000266e-01 6.999999999999999556e-01 1.000000000000000000e+00
sigma: 
1.654990000000000350e-01 3.448889763967861750e-03 4.307200697398811296e-04 3.448889763967863051e-03 1.835790000000000199e-01 1.512721213146795427e-03 4.307200697398811296e-04 1.512721213146795427e-03 1.878360000000000030e-01
1.654990000000000350e-01 7.305630500919806092e-03 7.709840848609242694e-03 7.305630500919807827e-03 1.835790000000000199e-01 1.713726583380822954e-02 7.709840848609242694e-03 1.713726583380822954e-02 1.878360000000000030e-01
1.654990000000000350e-01 1.091681935122764714e-02 1.049024674951177724e-02 1.091681935122765061e-02 1.835790000000000199e-01 2.099555017223439859e-02 1.049024674951177724e-02 2.099555017223439859e-02 1.878360000000000030e-01
1.654990000000000350e-01 2.083221668558173437e-02 1.489345870429343265e-02 2.083221668558173784e-02 1.835790000000000199e-01 3.267072704772312070e-02 1.489345870429343265e-02 3.267072704772312070e-02 1.878360000000000030e-01
1.654990000000000350e-01 2.272031863966300289e-02 2.185532561214543340e-02 2.272031863966300635e-02 1.835790000000000199e-01 4.404962381408306787e-02 2.185532561214543340e-02 4.404962381408306787e-02 1.878360000000000030e-01
1.654990000000000350e-01 2.871067445374242758e-02 2.703534702603600445e-02 2.871067445374243451e-02 1.835790000000000199e-01 5.216593138139709318e-02 2.703534702603600445e-02 5.216593138139709318e-02 1.878360000000000030e-01
1.654990000000000350e-01 3.335932489032342879e-02 3.220950224925169664e-02 3.335932489032343573e-02 1.835790000000000199e-01 6.117415148946114822e-02 3.220950224925169664e-02 6.117415148946114822e-02 1.878360000000000030e-01
1.654990000000000350e-01 4.140162489999518053e-02 3.506894075874809891e-02 4.140162489999519441e-02 1.835790000000000199e-01 7.246140081051570536e-02 3.506894075874809891e-02 7.246140081051570536e-02 1.878360000000000030e-01
1.654990000000000350e-01 4.634654231224592108e-02 4.181181720075344971e-02 4.634654231224593496e-02 1.835790000000000199e-01 8.200979479081441093e-02 4.181181720075344971e-02 8.200979479081441093e-02 1.878360000000000030e-01
1.654990000000000350e-01 5.291696355222310494e-02 4.554878149314835895e-02 5.291696355222311882e-02 1.835790000000000199e-01 9.125789157091256099e-02 4.554878149314835895e-02 9.125789157091256099e-02 1.878360000000000030e-01
1.654990000000000350e-01 5.489823700621375424e-02 5.137050734056265722e-02 5.489823700621376812e-02 1.835790000000000199e-01 9.739594010316261763e-02 5.137050734056265722e-02 9.739594010316261763e-02 1.878360000000000030e-01
1.654990000000000350e-01 6.157838584518631614e-02 5.535320185391132131e-02 6.157838584518633696e-02 1.835790000000000199e-01 1.113039769975524979e-01 5.535320185391132131e-02 1.113039769975524979e-01 1.878360000000000030e-01
1.654990000000000350e-01 7.031610278203427600e-02 6.098566566104204889e-02 7.031610278203428988e-02 1.835790000000000199e-01 1.169816968774557153e-01 6.098566566104204889e-02 1.169816968774557153e-01 1.878360000000000030e-01
1.654990000000000350e-01 7.479023771407541932e-02 6.486777360480913690e-02 7.479023771407543320e-02 1.835790000000000199e-01 1.241036026577699569e-01 6.486777360480913690e-02 1.241036026577699569e-01 1.878360000000000030e-01
1.654990000000000350e-01 7.941364368317511968e-02 6.937446505353918325e-02 7.941364368317513356e-02 1.835790000000000199e-01 1.366776431255780078e-01 6.937446505353918325e-02 1.366776431255780078e-01 1.878360000000000030e-01
1.654990000000000350e-01 8.175624022839082794e-02 7.188199075510601221e-02 8.175624022839084182e-02 1.835790000000000199e-01 1.468461168573476638e-01 7.188199075510601221e-02 1.468461168573476638e-01 1.878360000000000030e-01
1.654990000000000350e-01 8.726483732566303608e-02 8.017268156231915910e-02 8.726483732566306384e-02 1.835790000000000199e-01 1.522703596579342289e-01 8.017268156231915910e-02 1.522703596579342289e-01 1.878360000000000030e-01
1.654990000000000350e-01 9.384850380845348450e-02 8.500154117138790377e-02 9.384850380845351225e-02 1.835790000000000199e-01 1.623453861130993992e-01 8.500154117138790377e-02 1.623453861130993992e-01 1.878360000000000030e-01
1.654990000000000350e-01 9.807551127096343635e-02 8.645464249231243903e-02 9.807551127096346411e-02 1.835790000000000199e-01 1.734751596216198011e-01 8.645464249231243903e-02 1.734751596216198011e-01 1.878360000000000030e-01
1.654990000000000350e-01 1.031610000000000027e-01 8.985799999999999343e-02 1.031610000000000305e-01 1.835790000000000199e-01 1.765619999999999967e-01 8.985799999999999343e-02 1.765619999999999967e-01 1.878360000000000030e-01
c: 
1.467999999999999972e+00
2.130999999999999783e+00
2.910000000000000142e+00
