CDF: 
2.099999999999999922e-01 2.899999999999999800e-01 3.300000000000000155e-01 1.000000000000000000e+00
2.600000000000000089e-01 2.700000000000000178e-01 8.399999999999999689e-01 1.000000000000000000e+00
2.200000000000000011e-01 4.199999999999999845e-01 8.199999999999999512e-01 1.000000000000000000e+00
sigma: 
1.867960000000000176e-01 1.881422604452102736e-03 4.208727295354745650e-03 1.881422604452102736e-03 9.950000000000000511e-02 3.570534753596000914e-03 4.208727295354745650e-03 3.570534753596000480e-03 1.076000000000000012e-01
1.867960000000000176e-01 8.442516445884402920e-03 7.538201732807395077e-03 8.442516445884402920e-03 9.950000000000000511e-02 5.149454328806151934e-03 7.538201732807395944e-03 5.149454328806151067e-03 1.076000000000000012e-01
1.867960000000000176e-01 1.556273276178295195e-02 1.273941097617216529e-02 1.556273276178295195e-02 9.950000000000000511e-02 1.281407535541423393e-02 1.273941097617216703e-02 1.281407535541423219e-02 1.076000000000000012e-01
1.867960000000000176e-01 1.663068006228258372e-02 1.747789161349142320e-02 1.663068006228258372e-02 9.950000000000000511e-02 1.628073116386572275e-02 1.747789161349142320e-02 1.628073116386572275e-02 1.076000000000000012e-01
1.867960000000000176e-01 2.088853755019714695e-02 2.280669220983766454e-02 2.088853755019714695e-02 9.950000000000000511e-02 2.347022787904470484e-02 2.280669220983766801e-02 2.347022787904470137e-02 1.076000000000000012e-01
1.867960000000000176e-01 3.043995442541982260e-02 2.832424648143789733e-02 3.043995442541982260e-02 9.950000000000000511e-02 2.764792783245009072e-02 2.832424648143790080e-02 2.764792783245008725e-02 1.076000000000000012e-01
1.867960000000000176e-01 3.449669191631787174e-02 3.258101272408266830e-02 3.449669191631787174e-02 9.950000000000000511e-02 3.145753874966918107e-02 3.258101272408267524e-02 3.145753874966917413e-02 1.076000000000000012e-01
1.867960000000000176e-01 4.151933560629173653e-02 3.591325122244980184e-02 4.151933560629173653e-02 9.950000000000000511e-02 4.022305824115170181e-02 3.591325122244980877e-02 4.022305824115169487e-02 1.076000000000000012e-01
1.867960000000000176e-01 4.660199041561226274e-02 4.218640330198196453e-02 4.660199041561226274e-02 9.950000000000000511e-02 4.456678682019308418e-02 4.218640330198197147e-02 4.456678682019307725e-02 1.076000000000000012e-01
1.867960000000000176e-01 5.124035385880811727e-02 4.623069189893459774e-02 5.124035385880811727e-02 9.950000000000000511e-02 4.966738560530550850e-02 4.623069189893460468e-02 4.966738560530550156e-02 1.076000000000000012e-01
1.867960000000000176e-01 5.242093858162234776e-02 5.125127977438009852e-02 5.242093858162234776e-02 9.950000000000000511e-02 5.483786541369629203e-02 5.125127977438010546e-02 5.483786541369628509e-02 1.076000000000000012e-01
1.867960000000000176e-01 6.162927203504738050e-02 5.942733246081938203e-02 6.162927203504738050e-02 9.950000000000000511e-02 6.051034587097002537e-02 5.942733246081938897e-02 6.051034587097001843e-02 1.076000000000000012e-01
1.867960000000000176e-01 6.594355520634480328e-02 6.340900136674158805e-02 6.594355520634480328e-02 9.950000000000000511e-02 6.147747015440502283e-02 6.340900136674160192e-02 6.147747015440501589e-02 1.076000000000000012e-01
1.867960000000000176e-01 6.945069466363167077e-02 7.119055083105702009e-02 6.945069466363167077e-02 9.950000000000000511e-02 6.801149133594275309e-02 7.119055083105703396e-02 6.801149133594275309e-02 1.076000000000000012e-01
1.867960000000000176e-01 7.627725820553608871e-02 7.486060957516486869e-02 7.627725820553608871e-02 9.950000000000000511e-02 7.324378367836609227e-02 7.486060957516488257e-02 7.324378367836607839e-02 1.076000000000000012e-01
1.867960000000000176e-01 8.285498750200454010e-02 8.060580900873386134e-02 8.285498750200454010e-02 9.950000000000000511e-02 7.998926876057968482e-02 8.060580900873387522e-02 7.998926876057967095e-02 1.076000000000000012e-01
1.867960000000000176e-01 8.655239230414400742e-02 8.210329562328981534e-02 8.655239230414400742e-02 9.950000000000000511e-02 8.333172328357292546e-02 8.210329562328982922e-02 8.333172328357291159e-02 1.076000000000000012e-01
1.867960000000000176e-01 9.138676591370213653e-02 9.082470394547213777e-02 9.138676591370213653e-02 9.950000000000000511e-02 8.997843463929174057e-02 9.082470394547215164e-02 8.997843463929172669e-02 1.076000000000000012e-01
1.867960000000000176e-01 9.434822880644168352e-02 9.311883516084183687e-02 9.434822880644168352e-02 9.950000000000000511e-02 9.535202940866657761e-02 9.311883516084185075e-02 9.535202940866656374e-02 1.076000000000000012e-01
1.867960000000000176e-01 9.861999999999999933e-02 9.723999999999997923e-02 9.861999999999999933e-02 9.950000000000000511e-02 9.619999999999999385e-02 9.723999999999999311e-02 9.619999999999997997e-02 1.076000000000000012e-01
c: 
1.651999999999999913e+00
1.030000000000000027e+00
1.687999999999999945e+00
