CDF: 
2.500000000000000000e-01 5.799999999999999600e-01 6.999999999999999556e-01 1.000000000000000000e+00
8.999999999999999667e-02 1.700000000000000122e-01 2.600000000000000089e-01 1.000000000000000000e+00
5.100000000000000089e-01 5.600000000000000533e-01 5.699999999999999512e-01 1.000000000000000000e+00
sigma: 
1.610039999999999805e-01 8.407088749936137122e-04 7.801067959278498720e-03 8.407088749936137122e-04 1.303360000000000074e-01 5.091280886812158757e-04 7.801067959278497853e-03 5.091280886812158757e-04 2.364640000000000075e-01
1.610039999999999805e-01 6.778712092111944913e-03 1.083514606065615060e-02 6.778712092111944913e-03 1.303360000000000074e-01 7.824495614941985241e-03 1.083514606065614713e-02 7.824495614941985241e-03 2.364640000000000075e-01
1.610039999999999805e-01 1.156391855026802327e-02 2.633404145492660928e-02 1.156391855026802327e-02 1.303360000000000074e-01 1.278271950680247640e-02 2.633404145492660581e-02 1.278271950680247640e-02 2.364640000000000075e-01
1.610039999999999805e-01 1.586139807955151346e-02 3.300333169074721323e-02 1.586139807955151346e-02 1.303360000000000074e-01 1.593881227730023498e-02 3.300333169074721323e-02 1.593881227730023498e-02 2.364640000000000075e-01
1.610039999999999805e-01 1.985470191948454297e-02 4.278342338243575765e-02 1.985470191948454297e-02 1.303360000000000074e-01 2.078793149964154943e-02 4.278342338243575071e-02 2.078793149964154943e-02 2.364640000000000075e-01
1.610039999999999805e-01 2.550048642299081875e-02 5.078033305549129600e-02 2.550048642299081875e-02 1.303360000000000074e-01 2.640794203442308960e-02 5.078033305549128906e-02 2.640794203442308960e-02 2.364640000000000075e-01
1.610039999999999805e-01 2.872215159393677955e-02 5.349630931131443834e-02 2.872215159393677955e-02 1.303360000000000074e-01 3.314343461026585808e-02 5.349630931131443140e-02 3.314343461026585808e-02 2.364640000000000075e-01
1.610039999999999805e-01 3.484961698058985230e-02 6.643980485195491448e-02 3.484961698058985230e-02 1.303360000000000074e-01 3.870076705960309033e-02 6.643980485195490060e-02 3.870076705960309033e-02 2.364640000000000075e-01
1.610039999999999805e-01 3.863894985585743930e-02 7.456633955916590339e-02 3.863894985585743930e-02 1.303360000000000074e-01 4.286718362860685722e-02 7.456633955916588952e-02 4.286718362860685722e-02 2.364640000000000075e-01
1.610039999999999805e-01 4.316151142232611121e-02 8.408047872288262892e-02 4.316151142232611121e-02 1.303360000000000074e-01 4.789551704986404201e-02 8.408047872288261504e-02 4.789551704986404201e-02 2.364640000000000075e-01
1.610039999999999805e-01 4.798748126393719698e-02 9.266924024556982831e-02 4.798748126393719698e-02 1.303360000000000074e-01 5.152174570554819005e-02 9.266924024556981443e-02 5.152174570554819005e-02 2.364640000000000075e-01
1.610039999999999805e-01 5.253410486072284530e-02 1.044897606363867776e-01 5.253410486072284530e-02 1.303360000000000074e-01 5.465203517222476381e-02 1.044897606363867637e-01 5.465203517222476381e-02 2.364640000000000075e-01
1.610039999999999805e-01 5.766234473077368888e-02 1.071807949903234303e-01 5.766234473077368888e-02 1.303360000000000074e-01 6.166553715775358741e-02 1.071807949903234025e-01 6.166553715775358741e-02 2.364640000000000075e-01
1.610039999999999805e-01 6.091773599991454763e-02 1.218053147527398128e-01 6.091773599991454763e-02 1.303360000000000074e-01 6.599430182144754020e-02 1.218053147527397989e-01 6.599430182144754020e-02 2.364640000000000075e-01
1.610039999999999805e-01 6.672202584732485342e-02 1.265679084319178971e-01 6.672202584732485342e-02 1.303360000000000074e-01 6.846795150563345089e-02 1.265679084319178971e-01 6.846795150563345089e-02 2.364640000000000075e-01
1.610039999999999805e-01 6.873153532365806895e-02 1.395640364807133049e-01 6.873153532365806895e-02 1.303360000000000074e-01 7.740504779948356728e-02 1.395640364807132772e-01 7.740504779948356728e-02 2.364640000000000075e-01
1.610039999999999805e-01 7.370779582020527132e-02 1.429542094694199739e-01 7.370779582020527132e-02 1.303360000000000074e-01 8.103259535070606034e-02 1.429542094694199461e-01 8.103259535070606034e-02 2.364640000000000075e-01
1.610039999999999805e-01 7.675575745443652398e-02 1.595120021068548444e-01 7.675575745443652398e-02 1.303360000000000074e-01 8.707685039125527549e-02 1.595120021068548166e-01 8.707685039125527549e-02 2.364640000000000075e-01
1.610039999999999805e-01 8.489139174627702289e-02 1.668735810383415730e-01 8.489139174627702289e-02 1.303360000000000074e-01 9.070290702722302867e-02 1.668735810383415452e-01 9.070290702722302867e-02 2.364640000000000075e-01
1.610039999999999805e-01 8.491199999999998749e-02 1.689839999999999953e-01 8.491199999999998749e-02 1.303360000000000074e-01 9.235199999999998965e-02 1.689839999999999676e-01 9.235199999999998965e-02 2.364640000000000075e-01
c: 
2.826000000000000068e+00
2.125999999999999890e+00
1.816000000000000059e+00
