CDF: 
1.300000000000000044e-01 4.899999999999999911e-01 6.800000000000000488e-01 1.000000000000000000e+00
2.600000000000000089e-01 3.800000000000000044e-01 7.500000000000000000e-01 1.000000000000000000e+00
6.099999999999999867e-01 6.300000000000000044e-01 7.900000000000000355e-01 1.000000000000000000e+00
sigma: 
1.701309999999999767e-01 2.076492981360207439e-04 3.611296302493859339e-03 2.076492981360207439e-04 1.453710000000000002e-01 2.652222850217836759e-03 3.611296302493859339e-03 2.652222850217836325e-03 1.569999999999999729e-01
1.701309999999999767e-01 1.004383423289387407e-02 1.255510186360871312e-02 1.004383423289387407e-02 1.453710000000000002e-01 1.197656633132977363e-02 1.255510186360871312e-02 1.197656633132977190e-02 1.569999999999999729e-01
1.701309999999999767e-01 1.588518359700274996e-02 1.804701883909821253e-02 1.588518359700274996e-02 1.453710000000000002e-01 2.088205270464644700e-02 1.804701883909821253e-02 2.088205270464644353e-02 1.569999999999999729e-01
1.701309999999999767e-01 2.831135781598935128e-02 2.829389588436573982e-02 2.831135781598935128e-02 1.453710000000000002e-01 2.569565273669705691e-02 2.829389588436573982e-02 2.569565273669705344e-02 1.569999999999999729e-01
1.701309999999999767e-01 3.468855320319230717e-02 3.153235380300761781e-02 3.468855320319230717e-02 1.453710000000000002e-01 3.281305909370181573e-02 3.153235380300761781e-02 3.281305909370180879e-02 1.569999999999999729e-01
1.701309999999999767e-01 3.658181569685715201e-02 4.195590130057734457e-02 3.658181569685715201e-02 1.453710000000000002e-01 3.621974747610019058e-02 4.195590130057734457e-02 3.621974747610018364e-02 1.569999999999999729e-01
1.701309999999999767e-01 4.447544078685400359e-02 4.739413131496125059e-02 4.447544078685400359e-02 1.453710000000000002e-01 4.955202295612789326e-02 4.739413131496125059e-02 4.955202295612787938e-02 1.569999999999999729e-01
1.701309999999999767e-01 5.511974479395648219e-02 5.886174409488841713e-02 5.511974479395648219e-02 1.453710000000000002e-01 5.380407817963970413e-02 5.886174409488841713e-02 5.380407817963969025e-02 1.569999999999999729e-01
1.701309999999999767e-01 6.019511918076257684e-02 6.214152701144564500e-02 6.019511918076257684e-02 1.453710000000000002e-01 5.893711513481403319e-02 6.214152701144564500e-02 5.893711513481402625e-02 1.569999999999999729e-01
1.701309999999999767e-01 6.631294557976356863e-02 6.930910923382110900e-02 6.631294557976356863e-02 1.453710000000000002e-01 7.031359576628391783e-02 6.930910923382110900e-02 7.031359576628390395e-02 1.569999999999999729e-01
1.701309999999999767e-01 7.341972957255107901e-02 8.138727033281370482e-02 7.341972957255107901e-02 1.453710000000000002e-01 7.425359225892132209e-02 8.138727033281370482e-02 7.425359225892130821e-02 1.569999999999999729e-01
1.701309999999999767e-01 8.163116777354852138e-02 8.224588330226903499e-02 8.163116777354852138e-02 1.453710000000000002e-01 8.524752433739166135e-02 8.224588330226903499e-02 8.524752433739164748e-02 1.569999999999999729e-01
1.701309999999999767e-01 8.785064797488435773e-02 9.504106320866129165e-02 8.785064797488435773e-02 1.453710000000000002e-01 9.128375425303661417e-02 9.504106320866129165e-02 9.128375425303660029e-02 1.569999999999999729e-01
1.701309999999999767e-01 1.014033113218559407e-01 9.726328650185292468e-02 1.014033113218559407e-01 1.453710000000000002e-01 9.779557801076266266e-02 9.726328650185292468e-02 9.779557801076264878e-02 1.569999999999999729e-01
1.701309999999999767e-01 1.058459258922693352e-01 1.077346784680386360e-01 1.058459258922693352e-01 1.453710000000000002e-01 1.042676655372747341e-01 1.077346784680386360e-01 1.042676655372747202e-01 1.569999999999999729e-01
1.701309999999999767e-01 1.118170189734961767e-01 1.117685136170666893e-01 1.118170189734961767e-01 1.453710000000000002e-01 1.140205927177708883e-01 1.117685136170666893e-01 1.140205927177708745e-01 1.569999999999999729e-01
1.701309999999999767e-01 1.168458895724118207e-01 1.249460971607473936e-01 1.168458895724118207e-01 1.453710000000000002e-01 1.155382672200693378e-01 1.249460971607473936e-01 1.155382672200693239e-01 1.569999999999999729e-01
1.701309999999999767e-01 1.266152217005585001e-01 1.299149670607739893e-01 1.266152217005585001e-01 1.453710000000000002e-01 1.287028698640237667e-01 1.299149670607739893e-01 1.287028698640237390e-01 1.569999999999999729e-01
1.701309999999999767e-01 1.319044586808743313e-01 1.341802250443276112e-01 1.319044586808743313e-01 1.453710000000000002e-01 1.305825440971994100e-01 1.341802250443276112e-01 1.305825440971993823e-01 1.569999999999999729e-01
1.701309999999999767e-01 1.385509999999999797e-01 1.407199999999999840e-01 1.385509999999999797e-01 1.453710000000000002e-01 1.364200000000000135e-01 1.407199999999999840e-01 1.364199999999999857e-01 1.569999999999999729e-01
c: 
2.464999999999999858e+00
2.031000000000000139e+00
2.821000000000000174e+00
