CDF: 
1.799999999999999933e-01 3.800000000000000044e-01 4.799999999999999822e-01 1.000000000000000000e+00
1.900000000000000022e-01 3.699999999999999956e-01 4.299999999999999933e-01 1.000000000000000000e+00
2.800000000000000266e-01 5.300000000000000266e-01 8.499999999999999778e-01 1.000000000000000000e+00
sigma: 
2.061000000000000054e-01 5.260677191041012932e-03 1.510938965709736652e-03 5.260677191041012932e-03 2.099640000000000117e-01 3.271638643114292179e-03 1.510938965709736435e-03 3.271638643114292179e-03 1.078589999999999827e-01
2.061000000000000054e-01 1.753809126068679725e-02 7.877480675585307388e-03 1.753809126068679725e-02 2.099640000000000117e-01 7.358245902881269986e-03 7.877480675585307388e-03 7.358245902881269986e-03 1.078589999999999827e-01
2.061000000000000054e-01 2.349102964341212574e-02 1.499988333230519930e-02 2.349102964341212574e-02 2.099640000000000117e-01 1.202785379873276723e-02 1.499988333230519583e-02 1.202785379873276723e-02 1.078589999999999827e-01
2.061000000000000054e-01 3.175583379224514169e-02 1.938925051321196621e-02 3.175583379224514169e-02 2.099640000000000117e-01 1.872804658824740037e-02 1.938925051321196621e-02 1.872804658824740037e-02 1.078589999999999827e-01
2.061000000000000054e-01 4.130661963606412079e-02 2.626049758266410170e-02 4.130661963606412079e-02 2.099640000000000117e-01 2.267265909632044593e-02 2.626049758266409476e-02 2.267265909632044593e-02 1.078589999999999827e-01
2.061000000000000054e-01 5.704164262967930527e-02 2.769811823932905384e-02 5.704164262967930527e-02 2.099640000000000117e-01 2.755012379416893128e-02 2.769811823932905037e-02 2.755012379416893128e-02 1.078589999999999827e-01
2.061000000000000054e-01 6.405763759510409161e-02 3.380197797435360169e-02 6.405763759510409161e-02 2.099640000000000117e-01 3.152275841807419821e-02 3.380197797435360169e-02 3.152275841807419821e-02 1.078589999999999827e-01
2.061000000000000054e-01 7.981486224050868272e-02 3.855295417125097907e-02 7.981486224050868272e-02 2.099640000000000117e-01 3.741618758484747953e-02 3.855295417125097213e-02 3.741618758484747953e-02 1.078589999999999827e-01
2.061000000000000054e-01 9.041776074576994560e-02 4.356002963787280330e-02 9.041776074576994560e-02 2.099640000000000117e-01 3.980523007804104285e-02 4.356002963787279636e-02 3.980523007804104285e-02 1.078589999999999827e-01
2.061000000000000054e-01 1.023554996982792703e-01 4.823661913096288778e-02 1.023554996982792703e-01 2.099640000000000117e-01 4.483022331642872588e-02 4.823661913096288084e-02 4.483022331642872588e-02 1.078589999999999827e-01
2.061000000000000054e-01 1.113403901277671137e-01 5.489081413557734407e-02 1.113403901277671137e-01 2.099640000000000117e-01 5.319726022733144155e-02 5.489081413557733713e-02 5.319726022733144155e-02 1.078589999999999827e-01
2.061000000000000054e-01 1.149386807002187455e-01 5.969396436738860084e-02 1.149386807002187455e-01 2.099640000000000117e-01 5.746516684837832400e-02 5.969396436738859391e-02 5.746516684837832400e-02 1.078589999999999827e-01
2.061000000000000054e-01 1.320579984862626788e-01 6.552302519309780027e-02 1.320579984862626788e-01 2.099640000000000117e-01 6.106365768591792698e-02 6.552302519309778639e-02 6.106365768591792698e-02 1.078589999999999827e-01
2.061000000000000054e-01 1.374957846785747340e-01 7.359097031425257396e-02 1.374957846785747340e-01 2.099640000000000117e-01 6.515127486075721064e-02 7.359097031425256008e-02 6.515127486075721064e-02 1.078589999999999827e-01
2.061000000000000054e-01 1.456048374136105772e-01 7.477768886166842599e-02 1.456048374136105772e-01 2.099640000000000117e-01 7.029568044172047891e-02 7.477768886166841211e-02 7.029568044172047891e-02 1.078589999999999827e-01
2.061000000000000054e-01 1.648881321500462738e-01 7.987877056585875046e-02 1.648881321500462738e-01 2.099640000000000117e-01 7.935985614035455382e-02 7.987877056585873659e-02 7.935985614035455382e-02 1.078589999999999827e-01
2.061000000000000054e-01 1.670315574060013686e-01 8.589950840297158607e-02 1.670315574060013686e-01 2.099640000000000117e-01 8.396048864367143538e-02 8.589950840297157220e-02 8.396048864367143538e-02 1.078589999999999827e-01
2.061000000000000054e-01 1.830791785648711312e-01 9.187215423594402575e-02 1.830791785648711312e-01 2.099640000000000117e-01 8.834574019896108965e-02 9.187215423594401187e-02 8.834574019896108965e-02 1.078589999999999827e-01
2.061000000000000054e-01 1.875409884120523840e-01 9.815132496164884202e-02 1.875409884120523840e-01 2.099640000000000117e-01 9.246205357803642666e-02 9.815132496164882814e-02 9.246205357803642666e-02 1.078589999999999827e-01
2.061000000000000054e-01 1.961799999999999933e-01 1.005299999999999944e-01 1.961799999999999933e-01 2.099640000000000117e-01 9.447400000000000242e-02 1.005299999999999805e-01 9.447400000000000242e-02 1.078589999999999827e-01
c: 
2.291999999999999815e+00
1.711999999999999966e+00
2.016999999999999904e+00
