CDF: 
2.500000000000000000e-01 5.799999999999999600e-01 6.199999999999999956e-01 1.000000000000000000e+00
5.000000000000000278e-02 4.699999999999999734e-01 6.300000000000000044e-01 1.000000000000000000e+00
8.000000000000000167e-02 2.200000000000000011e-01 4.600000000000000200e-01 1.000000000000000000e+00
sigma: 
2.062749999999999861e-01 5.130224533124345954e-03 1.003542867840004051e-04 5.130224533124345954e-03 1.770000000000000462e-01 3.887591718424323640e-03 1.003542867840003915e-04 3.887591718424322773e-03 1.711239999999999983e-01
2.062749999999999861e-01 1.848719766961258448e-02 1.182874658643682207e-02 1.848719766961258448e-02 1.770000000000000462e-01 1.050978237742659221e-02 1.182874658643682034e-02 1.050978237742659048e-02 1.711239999999999983e-01
2.062749999999999861e-01 2.171433745781957067e-02 1.862926961955794353e-02 2.171433745781957067e-02 1.770000000000000462e-01 1.932929855587183637e-02 1.862926961955794006e-02 1.932929855587183290e-02 1.711239999999999983e-01
2.062749999999999861e-01 3.389396193732836099e-02 2.278135700266453734e-02 3.389396193732836099e-02 1.770000000000000462e-01 2.688531857237481601e-02 2.278135700266453040e-02 2.688531857237480907e-02 1.711239999999999983e-01
2.062749999999999861e-01 4.353768820137787071e-02 3.142663546548678938e-02 4.353768820137787071e-02 1.770000000000000462e-01 3.163379087144446711e-02 3.142663546548678244e-02 3.163379087144446017e-02 1.711239999999999983e-01
2.062749999999999861e-01 4.952649955172180180e-02 4.175195856629155405e-02 4.952649955172180180e-02 1.770000000000000462e-01 3.764857063024423106e-02 4.175195856629154711e-02 3.764857063024422412e-02 1.711239999999999983e-01
2.062749999999999861e-01 6.622893590661299568e-02 5.089517111743404459e-02 6.622893590661299568e-02 1.770000000000000462e-01 4.618655847686999050e-02 5.089517111743403072e-02 4.618655847686998356e-02 1.711239999999999983e-01
2.062749999999999861e-01 7.091715319919596194e-02 5.872460627871715216e-02 7.091715319919596194e-02 1.770000000000000462e-01 5.333602125182899945e-02 5.872460627871714522e-02 5.333602125182899251e-02 1.711239999999999983e-01
2.062749999999999861e-01 8.388522584328354792e-02 6.156681418010977874e-02 8.388522584328354792e-02 1.770000000000000462e-01 6.025427445345710870e-02 6.156681418010976486e-02 6.025427445345710176e-02 1.711239999999999983e-01
2.062749999999999861e-01 9.646049972773199088e-02 7.078577572730304635e-02 9.646049972773199088e-02 1.770000000000000462e-01 7.036397379180114875e-02 7.078577572730303247e-02 7.036397379180113487e-02 1.711239999999999983e-01
2.062749999999999861e-01 1.018615110720213351e-01 7.906813042725377438e-02 1.018615110720213351e-01 1.770000000000000462e-01 7.565639782479044451e-02 7.906813042725376051e-02 7.565639782479043063e-02 1.711239999999999983e-01
2.062749999999999861e-01 1.102992247979566048e-01 8.752143645889845502e-02 1.102992247979566048e-01 1.770000000000000462e-01 8.340445540133560598e-02 8.752143645889844115e-02 8.340445540133559210e-02 1.711239999999999983e-01
2.062749999999999861e-01 1.269806326052192458e-01 9.295792955552970027e-02 1.269806326052192458e-01 1.770000000000000462e-01 8.900056917431437009e-02 9.295792955552968639e-02 8.900056917431435621e-02 1.711239999999999983e-01
2.062749999999999861e-01 1.296519804780553453e-01 1.005131945879322447e-01 1.296519804780553453e-01 1.770000000000000462e-01 9.610789009144994621e-02 1.005131945879322308e-01 9.610789009144991846e-02 1.711239999999999983e-01
2.062749999999999861e-01 1.413717072361258542e-01 1.112120019673783905e-01 1.413717072361258542e-01 1.770000000000000462e-01 1.042763295919024169e-01 1.112120019673783627e-01 1.042763295919023891e-01 1.711239999999999983e-01
2.062749999999999861e-01 1.544321661173321536e-01 1.203731077690819024e-01 1.544321661173321536e-01 1.770000000000000462e-01 1.147783847538092344e-01 1.203731077690818746e-01 1.147783847538092067e-01 1.711239999999999983e-01
2.062749999999999861e-01 1.659074776903010917e-01 1.257715345364549819e-01 1.659074776903010917e-01 1.770000000000000462e-01 1.207530089528311007e-01 1.257715345364549542e-01 1.207530089528310729e-01 1.711239999999999983e-01
2.062749999999999861e-01 1.715714388211764807e-01 1.359222348415946580e-01 1.715714388211764807e-01 1.770000000000000462e-01 1.297852501543433901e-01 1.359222348415946302e-01 1.297852501543433623e-01 1.711239999999999983e-01
2.062749999999999861e-01 1.777711780707746103e-01 1.384690540259174429e-01 1.777711780707746103e-01 1.770000000000000462e-01 1.368456928751105306e-01 1.384690540259174152e-01 1.368456928751105028e-01 1.711239999999999983e-01
2.062749999999999861e-01 1.865999999999999881e-01 1.442500000000000171e-01 1.865999999999999881e-01 1.770000000000000462e-01 1.396400000000000141e-01 1.442499999999999893e-01 1.396399999999999864e-01 1.711239999999999983e-01
c: 
1.358000000000000096e+00
2.470000000000000195e+00
1.514999999999999902e+00
