CDF: 
4.699999999999999734e-01 8.699999999999999956e-01 9.300000000000000488e-01 1.000000000000000000e+00
6.600000000000000311e-01 6.899999999999999467e-01 9.000000000000000222e-01 1.000000000000000000e+00
3.599999999999999867e-01 6.700000000000000400e-01 7.500000000000000000e-01 1.000000000000000000e+00
sigma: 
6.301600000000000257e-02 4.483848199185030145e-04 3.419989428859922416e-03 4.483848199185030145e-04 9.164399999999998936e-02 4.549125884826631452e-03 3.419989428859922416e-03 4.549125884826631452e-03 1.672749999999999793e-01
6.301600000000000257e-02 6.154148497798002382e-03 4.128843357307387767e-03 6.154148497798002382e-03 9.164399999999998936e-02 8.245432392346013772e-03 4.128843357307387767e-03 8.245432392346013772e-03 1.672749999999999793e-01
6.301600000000000257e-02 8.238177791723573160e-03 9.096531789882242661e-03 8.238177791723573160e-03 9.164399999999998936e-02 1.416831147877802358e-02 9.096531789882242661e-03 1.416831147877802358e-02 1.672749999999999793e-01
6.301600000000000257e-02 1.337586345806292439e-02 1.322998293860899906e-02 1.337586345806292439e-02 9.164399999999998936e-02 1.709438124977415152e-02 1.322998293860899906e-02 1.709438124977415152e-02 1.672749999999999793e-01
6.301600000000000257e-02 1.525979421697174279e-02 1.670814168618415391e-02 1.525979421697174279e-02 9.164399999999998936e-02 2.151809416724018501e-02 1.670814168618415391e-02 2.151809416724018501e-02 1.672749999999999793e-01
6.301600000000000257e-02 1.964046758716648383e-02 1.964835882775130271e-02 1.964046758716648383e-02 9.164399999999998936e-02 2.878202846043368887e-02 1.964835882775130271e-02 2.878202846043368887e-02 1.672749999999999793e-01
6.301600000000000257e-02 2.428300982333219879e-02 2.311616318015107321e-02 2.428300982333219879e-02 9.164399999999998936e-02 3.638251116172656896e-02 2.311616318015107321e-02 3.638251116172656896e-02 1.672749999999999793e-01
6.301600000000000257e-02 2.543335449344126184e-02 2.476945991196456698e-02 2.543335449344126184e-02 9.164399999999998936e-02 4.175442515598069143e-02 2.476945991196456698e-02 4.175442515598069143e-02 1.672749999999999793e-01
6.301600000000000257e-02 2.940881935486679838e-02 2.980932470588248950e-02 2.940881935486679838e-02 9.164399999999998936e-02 4.234086019729237788e-02 2.980932470588248950e-02 4.234086019729237788e-02 1.672749999999999793e-01
6.301600000000000257e-02 3.177239671227508055e-02 3.118266537589254456e-02 3.177239671227508055e-02 9.164399999999998936e-02 5.200380866524711293e-02 3.118266537589254456e-02 5.200380866524711293e-02 1.672749999999999793e-01
6.301600000000000257e-02 3.723234743965531113e-02 3.648510245271903429e-02 3.723234743965531113e-02 9.164399999999998936e-02 5.731085930910839732e-02 3.648510245271903429e-02 5.731085930910839732e-02 1.672749999999999793e-01
6.301600000000000257e-02 4.051373252784019191e-02 3.966626850205995369e-02 4.051373252784019191e-02 9.164399999999998936e-02 6.078408346998726702e-02 3.966626850205995369e-02 6.078408346998726702e-02 1.672749999999999793e-01
6.301600000000000257e-02 4.201933983146902141e-02 4.462910893116035088e-02 4.201933983146902141e-02 9.164399999999998936e-02 6.603517848717253835e-02 4.462910893116035088e-02 6.603517848717253835e-02 1.672749999999999793e-01
6.301600000000000257e-02 4.815573609957447127e-02 4.761159831245140306e-02 4.815573609957447127e-02 9.164399999999998936e-02 7.114555690265478294e-02 4.761159831245140306e-02 7.114555690265478294e-02 1.672749999999999793e-01
6.301600000000000257e-02 5.086076968550887201e-02 4.925662228652694791e-02 5.086076968550887201e-02 9.164399999999998936e-02 7.534937285723332379e-02 4.925662228652694791e-02 7.534937285723332379e-02 1.672749999999999793e-01
6.301600000000000257e-02 5.252554962048130299e-02 5.247347689193031933e-02 5.252554962048130299e-02 9.164399999999998936e-02 8.447812484237353370e-02 5.247347689193031933e-02 8.447812484237353370e-02 1.672749999999999793e-01
6.301600000000000257e-02 5.865672508127427187e-02 5.693704171673429071e-02 5.865672508127427187e-02 9.164399999999998936e-02 8.768197516939181535e-02 5.693704171673429071e-02 8.768197516939181535e-02 1.672749999999999793e-01
6.301600000000000257e-02 6.120203577788931731e-02 5.952676996869310511e-02 6.120203577788931731e-02 9.164399999999998936e-02 9.292182766525841631e-02 5.952676996869310511e-02 9.292182766525841631e-02 1.672749999999999793e-01
6.301600000000000257e-02 6.593588640049917460e-02 6.522840140682407972e-02 6.593588640049917460e-02 9.164399999999998936e-02 9.960402631437284549e-02 6.522840140682407972e-02 9.960402631437284549e-02 1.672749999999999793e-01
6.301600000000000257e-02 6.615200000000000247e-02 6.536000000000000143e-02 6.615200000000000247e-02 9.164399999999998936e-02 1.004700000000000037e-01 6.536000000000000143e-02 1.004700000000000037e-01 1.672749999999999793e-01
c: 
1.500999999999999890e+00
2.509999999999999787e+00
1.647000000000000020e+00
