CDF: 
2.300000000000000100e-01 3.499999999999999778e-01 9.000000000000000222e-01 1.000000000000000000e+00
5.400000000000000355e-01 7.800000000000000266e-01 9.200000000000000400e-01 1.000000000000000000e+00
1.499999999999999944e-01 1.600000000000000033e-01 7.099999999999999645e-01 1.000000000000000000e+00
sigma: 
7.446400000000000241e-02 3.151959990592564324e-04 1.520052081237968861e-03 3.151959990592564324e-04 7.814400000000000512e-02 1.804473697013106968e-03 1.520052081237968861e-03 1.804473697013106752e-03 1.162559999999999844e-01
7.446400000000000241e-02 4.854321371112657081e-03 6.337721427097667282e-03 4.854321371112657081e-03 7.814400000000000512e-02 7.012107226763768415e-03 6.337721427097667282e-03 7.012107226763766681e-03 1.162559999999999844e-01
7.446400000000000241e-02 6.672114044137888479e-03 1.022588048589766381e-02 6.672114044137888479e-03 7.814400000000000512e-02 8.389317122550685180e-03 1.022588048589766381e-02 8.389317122550683445e-03 1.162559999999999844e-01
7.446400000000000241e-02 1.023246550924491148e-02 1.114792981776826196e-02 1.023246550924491148e-02 7.814400000000000512e-02 1.421554226615941684e-02 1.114792981776826196e-02 1.421554226615941510e-02 1.162559999999999844e-01
7.446400000000000241e-02 1.513228560008452947e-02 1.483771203733507196e-02 1.513228560008452947e-02 7.814400000000000512e-02 1.611975291025934467e-02 1.483771203733507196e-02 1.611975291025934121e-02 1.162559999999999844e-01
7.446400000000000241e-02 1.980927689263373842e-02 1.832930603911534992e-02 1.980927689263373842e-02 7.814400000000000512e-02 2.086145337163802099e-02 1.832930603911534992e-02 2.086145337163801752e-02 1.162559999999999844e-01
7.446400000000000241e-02 2.032780635613568379e-02 2.384029996455952483e-02 2.032780635613568379e-02 7.814400000000000512e-02 2.514880175750611874e-02 2.384029996455952483e-02 2.514880175750611527e-02 1.162559999999999844e-01
7.446400000000000241e-02 2.410335027710118483e-02 2.635477994399462731e-02 2.410335027710118483e-02 7.814400000000000512e-02 2.598932820382348144e-02 2.635477994399462731e-02 2.598932820382347797e-02 1.162559999999999844e-01
7.446400000000000241e-02 2.749481562486560601e-02 2.832632961817246539e-02 2.749481562486560601e-02 7.814400000000000512e-02 3.282479505914930734e-02 2.832632961817246539e-02 3.282479505914930040e-02 1.162559999999999844e-01
7.446400000000000241e-02 3.255316238155520764e-02 3.258815174314352858e-02 3.255316238155520764e-02 7.814400000000000512e-02 3.532272538200044443e-02 3.258815174314352858e-02 3.532272538200043749e-02 1.162559999999999844e-01
7.446400000000000241e-02 3.358868009169187208e-02 3.592551344585412365e-02 3.358868009169187208e-02 7.814400000000000512e-02 3.658372380079440156e-02 3.592551344585412365e-02 3.658372380079439462e-02 1.162559999999999844e-01
7.446400000000000241e-02 3.889117733883601380e-02 4.225464527549493976e-02 3.889117733883601380e-02 7.814400000000000512e-02 4.045542803345351934e-02 4.225464527549493976e-02 4.045542803345351240e-02 1.162559999999999844e-01
7.446400000000000241e-02 4.162473029108071376e-02 4.315435428014440661e-02 4.162473029108071376e-02 7.814400000000000512e-02 4.477019964876511465e-02 4.315435428014440661e-02 4.477019964876510078e-02 1.162559999999999844e-01
7.446400000000000241e-02 4.525625743635770110e-02 4.885429596050262779e-02 4.525625743635770110e-02 7.814400000000000512e-02 4.902304118861710441e-02 4.885429596050262779e-02 4.902304118861709747e-02 1.162559999999999844e-01
7.446400000000000241e-02 4.702010528640663406e-02 4.978051531682748526e-02 4.702010528640663406e-02 7.814400000000000512e-02 5.426328562204816436e-02 4.978051531682748526e-02 5.426328562204815048e-02 1.162559999999999844e-01
7.446400000000000241e-02 5.291897943472771010e-02 5.305139202025496020e-02 5.291897943472771010e-02 7.814400000000000512e-02 5.479299058832143993e-02 5.305139202025496020e-02 5.479299058832143299e-02 1.162559999999999844e-01
7.446400000000000241e-02 5.625446471208776777e-02 5.717041588885020398e-02 5.625446471208776777e-02 7.814400000000000512e-02 6.101922735056759806e-02 5.717041588885020398e-02 6.101922735056758418e-02 1.162559999999999844e-01
7.446400000000000241e-02 5.818634857312232622e-02 6.209463236917196066e-02 5.818634857312232622e-02 7.814400000000000512e-02 6.386054934566125219e-02 6.209463236917196066e-02 6.386054934566123831e-02 1.162559999999999844e-01
7.446400000000000241e-02 6.251170174944165048e-02 6.474175967439328716e-02 6.251170174944165048e-02 7.814400000000000512e-02 6.795420154956696712e-02 6.474175967439328716e-02 6.795420154956695324e-02 1.162559999999999844e-01
7.446400000000000241e-02 6.310399999999999343e-02 6.707199999999999274e-02 6.310399999999999343e-02 7.814400000000000512e-02 6.939199999999999535e-02 6.707199999999999274e-02 6.939199999999998147e-02 1.162559999999999844e-01
c: 
1.370999999999999996e+00
1.401000000000000023e+00
2.475000000000000089e+00
