CDF: 
1.499999999999999944e-01 5.699999999999999512e-01 6.899999999999999467e-01 1.000000000000000000e+00
1.000000000000000056e-01 4.899999999999999911e-01 7.800000000000000266e-01 1.000000000000000000e+00
3.599999999999999867e-01 5.200000000000000178e-01 7.199999999999999734e-01 1.000000000000000000e+00
sigma: 
1.506359999999999921e-01 1.898152926334539846e-03 1.327386839126648002e-03 1.898152926334539846e-03 1.106040000000000079e-01 1.995613810911863080e-03 1.327386839126647785e-03 1.995613810911863080e-03 1.647360000000000213e-01
1.506359999999999921e-01 6.907173004837619847e-03 1.074677532920623527e-02 6.907173004837619847e-03 1.106040000000000079e-01 1.110450004773196053e-02 1.074677532920623353e-02 1.110450004773195880e-02 1.647360000000000213e-01
1.506359999999999921e-01 1.652624371218513327e-02 2.340296385320580000e-02 1.652624371218513327e-02 1.106040000000000079e-01 1.403206170785470559e-02 2.340296385320579653e-02 1.403206170785470386e-02 1.647360000000000213e-01
1.506359999999999921e-01 2.052168270296162583e-02 2.425324397539761756e-02 2.052168270296162583e-02 1.106040000000000079e-01 2.158359308324237988e-02 2.425324397539761409e-02 2.158359308324237988e-02 1.647360000000000213e-01
1.506359999999999921e-01 2.491078758743417790e-02 3.898097263348963837e-02 2.491078758743417790e-02 1.106040000000000079e-01 2.913507363389996815e-02 3.898097263348963143e-02 2.913507363389996468e-02 1.647360000000000213e-01
1.506359999999999921e-01 3.196698154133822967e-02 4.663879141802684813e-02 3.196698154133822967e-02 1.106040000000000079e-01 3.474140416900458467e-02 4.663879141802684120e-02 3.474140416900457773e-02 1.647360000000000213e-01
1.506359999999999921e-01 4.089948553861971065e-02 5.415435765115331201e-02 4.089948553861971065e-02 1.106040000000000079e-01 4.250322879746447347e-02 5.415435765115329814e-02 4.250322879746446653e-02 1.647360000000000213e-01
1.506359999999999921e-01 4.326171363472176151e-02 6.084464860960163424e-02 4.326171363472176151e-02 1.106040000000000079e-01 4.599701491763085598e-02 6.084464860960162036e-02 4.599701491763085598e-02 1.647360000000000213e-01
1.506359999999999921e-01 4.882830153315723121e-02 6.662564956549574258e-02 4.882830153315723121e-02 1.106040000000000079e-01 5.743957325421555904e-02 6.662564956549572870e-02 5.743957325421555210e-02 1.647360000000000213e-01
1.506359999999999921e-01 5.686367665517618603e-02 7.278691168959877666e-02 5.686367665517618603e-02 1.106040000000000079e-01 6.159160341292237856e-02 7.278691168959876279e-02 6.159160341292237162e-02 1.647360000000000213e-01
1.506359999999999921e-01 6.039294510665770693e-02 8.001455674158686193e-02 6.039294510665770693e-02 1.106040000000000079e-01 6.614662131042553517e-02 8.001455674158684805e-02 6.614662131042553517e-02 1.647360000000000213e-01
1.506359999999999921e-01 6.923446953288689421e-02 9.118232431222372814e-02 6.923446953288689421e-02 1.106040000000000079e-01 7.562644508671144405e-02 9.118232431222371426e-02 7.562644508671143018e-02 1.647360000000000213e-01
1.506359999999999921e-01 7.591684600644955927e-02 1.003612662826905699e-01 7.591684600644955927e-02 1.106040000000000079e-01 7.909340321210754643e-02 1.003612662826905422e-01 7.909340321210754643e-02 1.647360000000000213e-01
1.506359999999999921e-01 8.137992219686554507e-02 1.056940891757169043e-01 8.137992219686554507e-02 1.106040000000000079e-01 8.902955694965204725e-02 1.056940891757168904e-01 8.902955694965204725e-02 1.647360000000000213e-01
1.506359999999999921e-01 8.449099910162148619e-02 1.149797375399657234e-01 8.449099910162148619e-02 1.106040000000000079e-01 9.362835741076645790e-02 1.149797375399657096e-01 9.362835741076644402e-02 1.647360000000000213e-01
1.506359999999999921e-01 9.038926130870593434e-02 1.202010376738521513e-01 9.038926130870593434e-02 1.106040000000000079e-01 1.002995244874840403e-01 1.202010376738521236e-01 1.002995244874840264e-01 1.647360000000000213e-01
1.506359999999999921e-01 9.537218582593520733e-02 1.287676693345989609e-01 9.537218582593520733e-02 1.106040000000000079e-01 1.052401271511061998e-01 1.287676693345989332e-01 1.052401271511061859e-01 1.647360000000000213e-01
1.506359999999999921e-01 1.051259199522566745e-01 1.383735606797405204e-01 1.051259199522566745e-01 1.106040000000000079e-01 1.130565463114630992e-01 1.383735606797404927e-01 1.130565463114630853e-01 1.647360000000000213e-01
1.506359999999999921e-01 1.078256620425462053e-01 1.438617157854205908e-01 1.078256620425462053e-01 1.106040000000000079e-01 1.204599092116424436e-01 1.438617157854205630e-01 1.204599092116424297e-01 1.647360000000000213e-01
1.506359999999999921e-01 1.122120000000000062e-01 1.483360000000000234e-01 1.122120000000000062e-01 1.106040000000000079e-01 1.213120000000000032e-01 1.483359999999999956e-01 1.213119999999999893e-01 1.647360000000000213e-01
c: 
1.276999999999999913e+00
2.915999999999999925e+00
2.443000000000000060e+00
