CDF: 
2.000000000000000111e-01 6.700000000000000400e-01 7.500000000000000000e-01 1.000000000000000000e+00
5.699999999999999512e-01 5.899999999999999689e-01 8.100000000000000533e-01 1.000000000000000000e+00
2.999999999999999889e-01 3.300000000000000155e-01 6.500000000000000222e-01 1.000000000000000000e+00
sigma: 
1.402239999999999875e-01 2.174559212933216586e-03 5.563868033018147703e-03 2.174559212933216586e-03 1.464759999999999951e-01 2.433810347457830963e-03 5.563868033018148571e-03 2.433810347457830963e-03 1.681440000000000157e-01
1.402239999999999875e-01 1.199455628833492708e-02 1.052384502059298607e-02 1.199455628833492708e-02 1.464759999999999951e-01 8.998775792773390861e-03 1.052384502059298781e-02 8.998775792773390861e-03 1.681440000000000157e-01
1.402239999999999875e-01 2.005097256461309957e-02 1.462994484692107383e-02 2.005097256461309957e-02 1.464759999999999951e-01 1.507618853955676637e-02 1.462994484692107730e-02 1.507618853955676637e-02 1.681440000000000157e-01
1.402239999999999875e-01 2.630475217846672126e-02 2.314968590665051132e-02 2.630475217846672126e-02 1.464759999999999951e-01 2.368280507231921780e-02 2.314968590665051479e-02 2.368280507231921780e-02 1.681440000000000157e-01
1.402239999999999875e-01 3.073608846916136422e-02 3.140046455498335387e-02 3.073608846916136422e-02 1.464759999999999951e-01 2.710806671649305249e-02 3.140046455498336081e-02 2.710806671649305249e-02 1.681440000000000157e-01
1.402239999999999875e-01 3.928062328697432687e-02 3.674563511915039660e-02 3.928062328697432687e-02 1.464759999999999951e-01 4.025013683305812828e-02 3.674563511915041047e-02 4.025013683305812828e-02 1.681440000000000157e-01
1.402239999999999875e-01 4.277220960037225739e-02 4.507235266807967100e-02 4.277220960037225739e-02 1.464759999999999951e-01 4.666829469873125247e-02 4.507235266807967794e-02 4.666829469873125247e-02 1.681440000000000157e-01
1.402239999999999875e-01 4.784855574310996340e-02 5.016539604830973220e-02 4.784855574310996340e-02 1.464759999999999951e-01 5.071334520315409766e-02 5.016539604830973914e-02 5.071334520315409766e-02 1.681440000000000157e-01
1.402239999999999875e-01 5.454347371733710842e-02 6.117836057081301598e-02 5.454347371733710842e-02 1.464759999999999951e-01 5.850624259244846526e-02 6.117836057081302986e-02 5.850624259244846526e-02 1.681440000000000157e-01
1.402239999999999875e-01 6.189863181286154453e-02 6.637718010334645036e-02 6.189863181286154453e-02 1.464759999999999951e-01 6.558639716759052940e-02 6.637718010334646423e-02 6.558639716759052940e-02 1.681440000000000157e-01
1.402239999999999875e-01 7.373856909460183018e-02 7.401232345302817539e-02 7.373856909460183018e-02 1.464759999999999951e-01 7.399369294087522475e-02 7.401232345302818927e-02 7.399369294087522475e-02 1.681440000000000157e-01
1.402239999999999875e-01 7.669467531649191983e-02 8.039000489184472409e-02 7.669467531649191983e-02 1.464759999999999951e-01 7.802384411728073565e-02 8.039000489184475184e-02 7.802384411728073565e-02 1.681440000000000157e-01
1.402239999999999875e-01 8.138485185356349183e-02 8.721167765399089056e-02 8.138485185356349183e-02 1.464759999999999951e-01 8.146072881841541491e-02 8.721167765399090444e-02 8.146072881841541491e-02 1.681440000000000157e-01
1.402239999999999875e-01 8.886979119219792778e-02 9.094968404881900725e-02 8.886979119219792778e-02 1.464759999999999951e-01 8.907159719299308220e-02 9.094968404881902113e-02 8.907159719299308220e-02 1.681440000000000157e-01
1.402239999999999875e-01 1.005064155004801313e-01 9.984925061634344901e-02 1.005064155004801313e-01 1.464759999999999951e-01 1.005125657298055197e-01 9.984925061634347676e-02 1.005125657298055197e-01 1.681440000000000157e-01
1.402239999999999875e-01 1.035209444726234856e-01 1.082364377287813456e-01 1.035209444726234856e-01 1.464759999999999951e-01 1.076137433265111909e-01 1.082364377287813734e-01 1.076137433265111909e-01 1.681440000000000157e-01
1.402239999999999875e-01 1.111267768580087856e-01 1.139489880634919627e-01 1.111267768580087856e-01 1.464759999999999951e-01 1.092695297893919448e-01 1.139489880634919905e-01 1.092695297893919448e-01 1.681440000000000157e-01
1.402239999999999875e-01 1.193596804704233766e-01 1.220015426576323836e-01 1.193596804704233766e-01 1.464759999999999951e-01 1.201051903349211747e-01 1.220015426576324113e-01 1.201051903349211747e-01 1.681440000000000157e-01
1.402239999999999875e-01 1.212821462234840580e-01 1.246519197844301458e-01 1.212821462234840580e-01 1.464759999999999951e-01 1.226066092730123125e-01 1.246519197844301735e-01 1.226066092730123125e-01 1.681440000000000157e-01
1.402239999999999875e-01 1.279679999999999707e-01 1.308159999999999878e-01 1.279679999999999707e-01 1.464759999999999951e-01 1.287119999999999931e-01 1.308160000000000156e-01 1.287119999999999931e-01 1.681440000000000157e-01
c: 
1.423000000000000043e+00
2.479999999999999982e+00
2.552999999999999936e+00
