CDF: 
1.400000000000000133e-01 2.300000000000000100e-01 4.199999999999999845e-01 1.000000000000000000e+00
1.000000000000000056e-01 5.600000000000000533e-01 5.899999999999999689e-01 1.000000000000000000e+00
2.000000000000000111e-01 4.400000000000000022e-01 4.699999999999999734e-01 1.000000000000000000e+00
sigma: 
1.597240000000000049e-01 5.705544569820852722e-03 5.960775446550521574e-04 5.705544569820852722e-03 1.690039999999999876e-01 3.657907456084499333e-03 5.960775446550521574e-04 3.657907456084498465e-03 1.962999999999999745e-01
1.597240000000000049e-01 6.861123492481070903e-03 1.075451978212174989e-02 6.861123492481070903e-03 1.690039999999999876e-01 9.875391344906571042e-03 1.075451978212174989e-02 9.875391344906569308e-03 1.962999999999999745e-01
1.597240000000000049e-01 1.319908188086441579e-02 1.763958613808717588e-02 1.319908188086441579e-02 1.690039999999999876e-01 2.017718677855818640e-02 1.763958613808717588e-02 2.017718677855818293e-02 1.962999999999999745e-01
1.597240000000000049e-01 1.970638190026095804e-02 2.743614859199354841e-02 1.970638190026095804e-02 1.690039999999999876e-01 2.717631348053609411e-02 2.743614859199354841e-02 2.717631348053608717e-02 1.962999999999999745e-01
1.597240000000000049e-01 2.942548953856177762e-02 4.309088307656378652e-02 2.942548953856177762e-02 1.690039999999999876e-01 3.829089148649397756e-02 4.309088307656378652e-02 3.829089148649397062e-02 1.962999999999999745e-01
1.597240000000000049e-01 3.664414170761443046e-02 4.700468012182825589e-02 3.664414170761443046e-02 1.690039999999999876e-01 3.999188935860914507e-02 4.700468012182825589e-02 3.999188935860913813e-02 1.962999999999999745e-01
1.597240000000000049e-01 4.414218200745891746e-02 5.590727309172527359e-02 4.414218200745891746e-02 1.690039999999999876e-01 4.756292765037513359e-02 5.590727309172527359e-02 4.756292765037511971e-02 1.962999999999999745e-01
1.597240000000000049e-01 4.558049262601401169e-02 6.918799747383740095e-02 4.558049262601401169e-02 1.690039999999999876e-01 6.111383319631993882e-02 6.918799747383740095e-02 6.111383319631992495e-02 1.962999999999999745e-01
1.597240000000000049e-01 5.603064924646283806e-02 7.208950917518598678e-02 5.603064924646283806e-02 1.690039999999999876e-01 7.015979137389385945e-02 7.208950917518598678e-02 7.015979137389384557e-02 1.962999999999999745e-01
1.597240000000000049e-01 6.073782014421898884e-02 8.060280219588950024e-02 6.073782014421898884e-02 1.690039999999999876e-01 7.155751564609423576e-02 8.060280219588950024e-02 7.155751564609422188e-02 1.962999999999999745e-01
1.597240000000000049e-01 7.034993757321134078e-02 9.454113931093641177e-02 7.034993757321134078e-02 1.690039999999999876e-01 8.144607830427874617e-02 9.454113931093641177e-02 8.144607830427873230e-02 1.962999999999999745e-01
1.597240000000000049e-01 7.301780364123276745e-02 9.863922216489545702e-02 7.301780364123276745e-02 1.690039999999999876e-01 8.991051356417728568e-02 9.863922216489545702e-02 8.991051356417725793e-02 1.962999999999999745e-01
1.597240000000000049e-01 8.036571984757999443e-02 1.103379901016963566e-01 8.036571984757999443e-02 1.690039999999999876e-01 9.818183682136132073e-02 1.103379901016963566e-01 9.818183682136129298e-02 1.962999999999999745e-01
1.597240000000000049e-01 8.909268501430511744e-02 1.192148623665553464e-01 8.909268501430511744e-02 1.690039999999999876e-01 1.093399943441445837e-01 1.192148623665553464e-01 1.093399943441445699e-01 1.962999999999999745e-01
1.597240000000000049e-01 9.293017016583166034e-02 1.265053650209511937e-01 9.293017016583166034e-02 1.690039999999999876e-01 1.131283962267421589e-01 1.265053650209511937e-01 1.131283962267421450e-01 1.962999999999999745e-01
1.597240000000000049e-01 9.898136890429139190e-02 1.302823386463396460e-01 9.898136890429139190e-02 1.690039999999999876e-01 1.181091673407255599e-01 1.302823386463396460e-01 1.181091673407255321e-01 1.962999999999999745e-01
1.597240000000000049e-01 1.046390408268579181e-01 1.409910303660103503e-01 1.046390408268579181e-01 1.690039999999999876e-01 1.256214543187730293e-01 1.409910303660103503e-01 1.256214543187730015e-01 1.962999999999999745e-01
1.597240000000000049e-01 1.097385338174178687e-01 1.510651000669650801e-01 1.097385338174178687e-01 1.690039999999999876e-01 1.334768964028627547e-01 1.510651000669650801e-01 1.334768964028627547e-01 1.962999999999999745e-01
1.597240000000000049e-01 1.194481173535030111e-01 1.578350667542793295e-01 1.194481173535030111e-01 1.690039999999999876e-01 1.410161163118792416e-01 1.578350667542793295e-01 1.410161163118792138e-01 1.962999999999999745e-01
1.597240000000000049e-01 1.223640000000000005e-01 1.647399999999999975e-01 1.223640000000000005e-01 1.690039999999999876e-01 1.487399999999999833e-01 1.647399999999999975e-01 1.487399999999999556e-01 1.962999999999999745e-01
c: 
2.575000000000000178e+00
1.707000000000000073e+00
1.542000000000000037e+00
