CDF: 
2.500000000000000000e-01 6.700000000000000400e-01 7.399999999999999911e-01 1.000000000000000000e+00
4.199999999999999845e-01 4.400000000000000022e-01 5.699999999999999512e-01 1.000000000000000000e+00
1.100000000000000006e-01 4.500000000000000111e-01 7.299999999999999822e-01 1.000000000000000000e+00
sigma: 
1.496159999999999990e-01 2.474387299668964974e-04 2.419379643251940576e-03 2.474387299668965516e-04 2.154039999999999844e-01 4.530396408300035177e-03 2.419379643251940576e-03 4.530396408300035177e-03 1.259000000000000119e-01
1.496159999999999990e-01 9.182437462683754048e-03 8.207914604321504479e-03 9.182437462683755783e-03 2.154039999999999844e-01 7.753556637870577528e-03 8.207914604321504479e-03 7.753556637870577528e-03 1.259000000000000119e-01
1.496159999999999990e-01 1.583628883831326301e-02 1.560077234517568030e-02 1.583628883831326647e-02 2.154039999999999844e-01 1.809040323220863916e-02 1.560077234517568030e-02 1.809040323220863916e-02 1.259000000000000119e-01
1.496159999999999990e-01 2.501248556206256760e-02 2.531633386072816572e-02 2.501248556206257453e-02 2.154039999999999844e-01 2.826492778839169440e-02 2.531633386072816572e-02 2.826492778839169440e-02 1.259000000000000119e-01
1.496159999999999990e-01 3.544107642307477851e-02 3.208864181336982396e-02 3.544107642307478545e-02 2.154039999999999844e-01 3.517135730605722849e-02 3.208864181336982396e-02 3.517135730605722849e-02 1.259000000000000119e-01
1.496159999999999990e-01 3.890603173058104769e-02 3.649468654991291222e-02 3.890603173058106157e-02 2.154039999999999844e-01 3.883248063728342997e-02 3.649468654991291222e-02 3.883248063728342997e-02 1.259000000000000119e-01
1.496159999999999990e-01 4.421614107330489041e-02 4.489461830697423494e-02 4.421614107330490429e-02 2.154039999999999844e-01 4.747805507434765815e-02 4.489461830697423494e-02 4.747805507434765815e-02 1.259000000000000119e-01
1.496159999999999990e-01 5.519254490343113856e-02 5.239589879969704100e-02 5.519254490343115244e-02 2.154039999999999844e-01 5.722476594900519076e-02 5.239589879969704100e-02 5.722476594900519076e-02 1.259000000000000119e-01
1.496159999999999990e-01 5.833114671061714190e-02 5.660872307913006329e-02 5.833114671061715578e-02 2.154039999999999844e-01 5.972397279049054819e-02 5.660872307913006329e-02 5.972397279049054819e-02 1.259000000000000119e-01
1.496159999999999990e-01 6.946160474587105560e-02 6.749222257669931779e-02 6.946160474587106948e-02 2.154039999999999844e-01 7.070662775176285442e-02 6.749222257669931779e-02 7.070662775176285442e-02 1.259000000000000119e-01
1.496159999999999990e-01 8.001687492689948944e-02 7.027204617095463013e-02 8.001687492689950332e-02 2.154039999999999844e-01 7.396260278360636264e-02 7.027204617095463013e-02 7.396260278360636264e-02 1.259000000000000119e-01
1.496159999999999990e-01 8.348096929457578252e-02 8.015188815742278761e-02 8.348096929457579640e-02 2.154039999999999844e-01 8.117527120874855340e-02 8.015188815742278761e-02 8.117527120874855340e-02 1.259000000000000119e-01
1.496159999999999990e-01 9.154389253765252144e-02 8.433550327315669781e-02 9.154389253765253531e-02 2.154039999999999844e-01 8.982102816183307192e-02 8.433550327315669781e-02 8.982102816183307192e-02 1.259000000000000119e-01
1.496159999999999990e-01 9.693272366030937504e-02 9.397228596923408450e-02 9.693272366030938891e-02 2.154039999999999844e-01 9.436915495777208063e-02 9.397228596923408450e-02 9.436915495777208063e-02 1.259000000000000119e-01
1.496159999999999990e-01 1.047948229923578306e-01 1.012670022289069577e-01 1.047948229923578584e-01 2.154039999999999844e-01 1.008994218842452217e-01 1.012670022289069577e-01 1.008994218842452217e-01 1.259000000000000119e-01
1.496159999999999990e-01 1.138546716490700800e-01 1.061383559250579783e-01 1.138546716490700939e-01 2.154039999999999844e-01 1.083105632500962895e-01 1.061383559250579783e-01 1.083105632500962895e-01 1.259000000000000119e-01
1.496159999999999990e-01 1.206189576037541705e-01 1.110151456091384159e-01 1.206189576037541983e-01 2.154039999999999844e-01 1.162901809588820223e-01 1.110151456091384159e-01 1.162901809588820223e-01 1.259000000000000119e-01
1.496159999999999990e-01 1.244754338465011156e-01 1.215650277417533592e-01 1.244754338465011434e-01 2.154039999999999844e-01 1.258450221498108867e-01 1.215650277417533592e-01 1.258450221498108867e-01 1.259000000000000119e-01
1.496159999999999990e-01 1.383763049686923818e-01 1.280243031310942525e-01 1.383763049686924096e-01 2.154039999999999844e-01 1.345266686099219067e-01 1.280243031310942525e-01 1.345266686099219067e-01 1.259000000000000119e-01
1.496159999999999990e-01 1.384079999999999755e-01 1.318000000000000005e-01 1.384080000000000032e-01 2.154039999999999844e-01 1.360999999999999988e-01 1.318000000000000005e-01 1.360999999999999988e-01 1.259000000000000119e-01
c: 
2.160000000000000142e+00
1.999000000000000110e+00
1.614999999999999991e+00
