CDF: 
1.700000000000000122e-01 4.299999999999999933e-01 4.600000000000000200e-01 1.000000000000000000e+00
1.000000000000000056e-01 2.399999999999999911e-01 4.000000000000000222e-01 1.000000000000000000e+00
2.099999999999999922e-01 2.700000000000000178e-01 6.300000000000000044e-01 1.000000000000000000e+00
sigma: 
1.903839999999999977e-01 6.913142034059947295e-03 7.327176478734500308e-03 6.913142034059946428e-03 1.523359999999999992e-01 3.344807487399953719e-03 7.327176478734500308e-03 3.344807487399953719e-03 1.533239999999999881e-01
1.903839999999999977e-01 1.478531504314629583e-02 7.635056922605590324e-03 1.478531504314629236e-02 1.523359999999999992e-01 7.106779017625953349e-03 7.635056922605590324e-03 7.106779017625953349e-03 1.533239999999999881e-01
1.903839999999999977e-01 1.794609077810997710e-02 1.772936619389775884e-02 1.794609077810997363e-02 1.523359999999999992e-01 1.891328448825063679e-02 1.772936619389775884e-02 1.891328448825063679e-02 1.533239999999999881e-01
1.903839999999999977e-01 3.262405299707920453e-02 2.881170479526076050e-02 3.262405299707919759e-02 1.523359999999999992e-01 2.237402441410655737e-02 2.881170479526076050e-02 2.237402441410655737e-02 1.533239999999999881e-01
1.903839999999999977e-01 3.456706831277214093e-02 3.512018540564804114e-02 3.456706831277213399e-02 1.523359999999999992e-01 2.984814836931820939e-02 3.512018540564804114e-02 2.984814836931820939e-02 1.533239999999999881e-01
1.903839999999999977e-01 4.142123581029765605e-02 3.700087884038809338e-02 4.142123581029764912e-02 1.523359999999999992e-01 3.765807360710766299e-02 3.700087884038809338e-02 3.765807360710766299e-02 1.533239999999999881e-01
1.903839999999999977e-01 5.148311472610204304e-02 4.648694960996498787e-02 5.148311472610203610e-02 1.523359999999999992e-01 4.190134098279432034e-02 4.648694960996498787e-02 4.190134098279432034e-02 1.533239999999999881e-01
1.903839999999999977e-01 6.427628242603571074e-02 5.246175816503752948e-02 6.427628242603569686e-02 1.523359999999999992e-01 4.722290271877157414e-02 5.246175816503752948e-02 4.722290271877157414e-02 1.533239999999999881e-01
1.903839999999999977e-01 6.827494771167333387e-02 6.301963793872523978e-02 6.827494771167331999e-02 1.523359999999999992e-01 5.439764992468380800e-02 6.301963793872523978e-02 5.439764992468380800e-02 1.533239999999999881e-01
1.903839999999999977e-01 7.700186077455430100e-02 7.201275727166213392e-02 7.700186077455428713e-02 1.523359999999999992e-01 5.872361818286726126e-02 7.201275727166213392e-02 5.872361818286726126e-02 1.533239999999999881e-01
1.903839999999999977e-01 8.981911505219801473e-02 7.841239607729853789e-02 8.981911505219798697e-02 1.523359999999999992e-01 6.507376001851188085e-02 7.841239607729853789e-02 6.507376001851188085e-02 1.533239999999999881e-01
1.903839999999999977e-01 9.497278007948499468e-02 8.244637783443334311e-02 9.497278007948498080e-02 1.523359999999999992e-01 7.570218347906494671e-02 8.244637783443334311e-02 7.570218347906494671e-02 1.533239999999999881e-01
1.903839999999999977e-01 9.972899910998125894e-02 8.964632374265987802e-02 9.972899910998124506e-02 1.523359999999999992e-01 7.985546752418309913e-02 8.964632374265987802e-02 7.985546752418309913e-02 1.533239999999999881e-01
1.903839999999999977e-01 1.090591271915018756e-01 9.859561493269687615e-02 1.090591271915018479e-01 1.523359999999999992e-01 8.625618713878700772e-02 9.859561493269687615e-02 8.625618713878700772e-02 1.533239999999999881e-01
1.903839999999999977e-01 1.194241305830274213e-01 1.039115777164505705e-01 1.194241305830273936e-01 1.523359999999999992e-01 9.283891084688931927e-02 1.039115777164505705e-01 9.283891084688931927e-02 1.533239999999999881e-01
1.903839999999999977e-01 1.249795051769529292e-01 1.147913350853817654e-01 1.249795051769529153e-01 1.523359999999999992e-01 1.015015848870689380e-01 1.147913350853817654e-01 1.015015848870689380e-01 1.533239999999999881e-01
1.903839999999999977e-01 1.318170774885406571e-01 1.247332009626532096e-01 1.318170774885406293e-01 1.523359999999999992e-01 1.059053858151138422e-01 1.247332009626532096e-01 1.059053858151138422e-01 1.533239999999999881e-01
1.903839999999999977e-01 1.395748801298435926e-01 1.294883647916058034e-01 1.395748801298435648e-01 1.523359999999999992e-01 1.110938556134555416e-01 1.294883647916058034e-01 1.110938556134555416e-01 1.533239999999999881e-01
1.903839999999999977e-01 1.529283405897244319e-01 1.340085950254606972e-01 1.529283405897244041e-01 1.523359999999999992e-01 1.182558472640036912e-01 1.340085950254606972e-01 1.182558472640036912e-01 1.533239999999999881e-01
1.903839999999999977e-01 1.556319999999999926e-01 1.402960000000000318e-01 1.556319999999999648e-01 1.523359999999999992e-01 1.224080000000000168e-01 1.402960000000000318e-01 1.224080000000000168e-01 1.533239999999999881e-01
c: 
2.282999999999999918e+00
1.064000000000000057e+00
2.891000000000000014e+00
