CDF: 
2.200000000000000011e-01 2.700000000000000178e-01 3.599999999999999867e-01 1.000000000000000000e+00
1.499999999999999944e-01 5.100000000000000089e-01 5.500000000000000444e-01 1.000000000000000000e+00
2.099999999999999922e-01 6.500000000000000222e-01 8.399999999999999689e-01 1.000000000000000000e+00
sigma: 
1.858039999999999969e-01 6.649130970382848352e-03 1.940130898272145448e-03 6.649130970382848352e-03 1.813559999999999894e-01 1.130372885360960908e-03 1.940130898272145448e-03 1.130372885360960908e-03 1.030239999999999906e-01
1.858039999999999969e-01 1.260461635350865715e-02 5.655580950400314333e-03 1.260461635350865715e-02 1.813559999999999894e-01 9.442579282565206900e-03 5.655580950400314333e-03 9.442579282565206900e-03 1.030239999999999906e-01
1.858039999999999969e-01 1.878723300431404952e-02 8.931042258201505463e-03 1.878723300431404952e-02 1.813559999999999894e-01 1.361491882350763204e-02 8.931042258201505463e-03 1.361491882350763204e-02 1.030239999999999906e-01
1.858039999999999969e-01 2.401520145251796051e-02 1.679313901450656121e-02 2.401520145251796051e-02 1.813559999999999894e-01 2.017300473519942350e-02 1.679313901450656121e-02 2.017300473519942350e-02 1.030239999999999906e-01
1.858039999999999969e-01 3.486277078458966533e-02 1.731894305193772826e-02 3.486277078458966533e-02 1.813559999999999894e-01 2.497140645000226963e-02 1.731894305193772826e-02 2.497140645000226963e-02 1.030239999999999906e-01
1.858039999999999969e-01 4.113675817780988730e-02 2.420069743207128865e-02 4.113675817780988730e-02 1.813559999999999894e-01 2.619439067100201232e-02 2.420069743207128865e-02 2.619439067100201232e-02 1.030239999999999906e-01
1.858039999999999969e-01 4.623734184649170437e-02 2.938727129584980946e-02 4.623734184649170437e-02 1.813559999999999894e-01 3.117123818052345077e-02 2.938727129584980946e-02 3.117123818052345077e-02 1.030239999999999906e-01
1.858039999999999969e-01 5.140276733598028031e-02 3.207166748505133058e-02 5.140276733598028031e-02 1.813559999999999894e-01 3.607218596332935345e-02 3.207166748505133058e-02 3.607218596332935345e-02 1.030239999999999906e-01
1.858039999999999969e-01 5.899308577430063122e-02 3.490635898268780457e-02 5.899308577430063122e-02 1.813559999999999894e-01 4.134461443368991213e-02 3.490635898268780457e-02 4.134461443368991213e-02 1.030239999999999906e-01
1.858039999999999969e-01 7.092959498610296176e-02 3.847544239825766849e-02 7.092959498610296176e-02 1.813559999999999894e-01 4.809440201356674632e-02 3.847544239825766849e-02 4.809440201356674632e-02 1.030239999999999906e-01
1.858039999999999969e-01 7.488892387282013174e-02 4.449388475624638933e-02 7.488892387282013174e-02 1.813559999999999894e-01 5.509590960257244180e-02 4.449388475624638933e-02 5.509590960257244180e-02 1.030239999999999906e-01
1.858039999999999969e-01 8.009784719661022789e-02 4.885627483461742887e-02 8.009784719661022789e-02 1.813559999999999894e-01 5.670838970175724747e-02 4.885627483461742887e-02 5.670838970175724747e-02 1.030239999999999906e-01
1.858039999999999969e-01 9.216189844934730147e-02 5.489895786313393061e-02 9.216189844934730147e-02 1.813559999999999894e-01 6.318276341457346179e-02 5.489895786313393061e-02 6.318276341457346179e-02 1.030239999999999906e-01
1.858039999999999969e-01 9.532659212937587279e-02 5.644958952431338578e-02 9.532659212937587279e-02 1.813559999999999894e-01 6.824385469879575006e-02 5.644958952431338578e-02 6.824385469879575006e-02 1.030239999999999906e-01
1.858039999999999969e-01 1.019173212951343666e-01 6.070499201018440816e-02 1.019173212951343666e-01 1.813559999999999894e-01 7.151211953403610599e-02 6.070499201018440816e-02 7.151211953403610599e-02 1.030239999999999906e-01
1.858039999999999969e-01 1.142694026021717768e-01 6.556070629689179918e-02 1.142694026021717768e-01 1.813559999999999894e-01 8.083307231906965151e-02 6.556070629689179918e-02 8.083307231906965151e-02 1.030239999999999906e-01
1.858039999999999969e-01 1.199979171334778355e-01 6.982138564529644098e-02 1.199979171334778355e-01 1.813559999999999894e-01 8.601250433968105069e-02 6.982138564529644098e-02 8.601250433968105069e-02 1.030239999999999906e-01
1.858039999999999969e-01 1.262053030449195590e-01 7.325399693413107982e-02 1.262053030449195590e-01 1.813559999999999894e-01 9.007716474964211351e-02 7.325399693413107982e-02 9.007716474964211351e-02 1.030239999999999906e-01
1.858039999999999969e-01 1.324711303194103240e-01 7.723939400429195856e-02 1.324711303194103240e-01 1.813559999999999894e-01 9.611406732879081150e-02 7.723939400429195856e-02 9.611406732879081150e-02 1.030239999999999906e-01
1.858039999999999969e-01 1.361320000000000030e-01 8.093600000000000794e-02 1.361320000000000030e-01 1.813559999999999894e-01 9.688800000000000190e-02 8.093600000000000794e-02 9.688800000000000190e-02 1.030239999999999906e-01
c: 
1.495999999999999996e+00
2.648000000000000131e+00
2.427000000000000046e+00
