CDF: 
2.500000000000000000e-01 2.800000000000000266e-01 4.699999999999999734e-01 1.000000000000000000e+00
2.300000000000000100e-01 2.700000000000000178e-01 3.699999999999999956e-01 1.000000000000000000e+00
3.300000000000000155e-01 3.400000000000000244e-01 4.600000000000000200e-01 1.000000000000000000e+00
sigma: 
1.870560000000000000e-01 3.009955615487778721e-03 7.313531435686183163e-03 3.009955615487778288e-03 1.879160000000000275e-01 2.438055504212938932e-03 7.313531435686182296e-03 2.438055504212938932e-03 2.114999999999999658e-01
1.870560000000000000e-01 1.753127252623709262e-02 1.105630595104855132e-02 1.753127252623708915e-02 1.879160000000000275e-01 1.664455074038007423e-02 1.105630595104854959e-02 1.664455074038007423e-02 2.114999999999999658e-01
1.870560000000000000e-01 1.877149525751288864e-02 2.323850057386963111e-02 1.877149525751288517e-02 1.879160000000000275e-01 2.618148641902897505e-02 2.323850057386962764e-02 2.618148641902897505e-02 2.114999999999999658e-01
1.870560000000000000e-01 3.590443682725519281e-02 3.145367207909002816e-02 3.590443682725518587e-02 1.879160000000000275e-01 3.776843126769646036e-02 3.145367207909002122e-02 3.776843126769646036e-02 2.114999999999999658e-01
1.870560000000000000e-01 3.791771416098865810e-02 4.486806344443500238e-02 3.791771416098865116e-02 1.879160000000000275e-01 4.496901509285064491e-02 4.486806344443499545e-02 4.496901509285064491e-02 2.114999999999999658e-01
1.870560000000000000e-01 4.941510681455461851e-02 5.781041322328898946e-02 4.941510681455461157e-02 1.879160000000000275e-01 4.929627932507845561e-02 5.781041322328898252e-02 4.929627932507845561e-02 2.114999999999999658e-01
1.870560000000000000e-01 5.804077759101925610e-02 7.028812791245613034e-02 5.804077759101924222e-02 1.879160000000000275e-01 6.485570123729743341e-02 7.028812791245613034e-02 6.485570123729743341e-02 2.114999999999999658e-01
1.870560000000000000e-01 6.662948442118059311e-02 7.303833314675306498e-02 6.662948442118057923e-02 1.879160000000000275e-01 7.607402082809638921e-02 7.303833314675305111e-02 7.607402082809638921e-02 2.114999999999999658e-01
1.870560000000000000e-01 7.745406068723620363e-02 8.265906608591537530e-02 7.745406068723618975e-02 1.879160000000000275e-01 7.902281352496927369e-02 8.265906608591537530e-02 7.902281352496927369e-02 2.114999999999999658e-01
1.870560000000000000e-01 8.880885896421719661e-02 9.440967960685806015e-02 8.880885896421718273e-02 1.879160000000000275e-01 8.885660768780664909e-02 9.440967960685804627e-02 8.885660768780664909e-02 2.114999999999999658e-01
1.870560000000000000e-01 9.344273789678364528e-02 1.101962448093251334e-01 9.344273789678363140e-02 1.879160000000000275e-01 1.040619847379535695e-01 1.101962448093251196e-01 1.040619847379535695e-01 2.114999999999999658e-01
1.870560000000000000e-01 1.005673427122759783e-01 1.212341044582699451e-01 1.005673427122759644e-01 1.879160000000000275e-01 1.075741022149849652e-01 1.212341044582699173e-01 1.075741022149849652e-01 2.114999999999999658e-01
1.870560000000000000e-01 1.106990953527936528e-01 1.274743047730566292e-01 1.106990953527936389e-01 1.879160000000000275e-01 1.167773941914952152e-01 1.274743047730566292e-01 1.167773941914952152e-01 2.114999999999999658e-01
1.870560000000000000e-01 1.194784154640660956e-01 1.345025559260257797e-01 1.194784154640660678e-01 1.879160000000000275e-01 1.323035193862540648e-01 1.345025559260257519e-01 1.323035193862540648e-01 2.114999999999999658e-01
1.870560000000000000e-01 1.337159178099353585e-01 1.496529125617064304e-01 1.337159178099353307e-01 1.879160000000000275e-01 1.392052269056884006e-01 1.496529125617064304e-01 1.392052269056884006e-01 2.114999999999999658e-01
1.870560000000000000e-01 1.418315041891586581e-01 1.532651179460216562e-01 1.418315041891586303e-01 1.879160000000000275e-01 1.465732207790102215e-01 1.532651179460216562e-01 1.465732207790102215e-01 2.114999999999999658e-01
1.870560000000000000e-01 1.457606201952574843e-01 1.670177041199514545e-01 1.457606201952574565e-01 1.879160000000000275e-01 1.613349152986008339e-01 1.670177041199514267e-01 1.613349152986008339e-01 2.114999999999999658e-01
1.870560000000000000e-01 1.559867773951907066e-01 1.765495411457330410e-01 1.559867773951906789e-01 1.879160000000000275e-01 1.670180074461879161e-01 1.765495411457330133e-01 1.670180074461879161e-01 2.114999999999999658e-01
1.870560000000000000e-01 1.635449348043465645e-01 1.891208629356745108e-01 1.635449348043465367e-01 1.879160000000000275e-01 1.800664289236602045e-01 1.891208629356744830e-01 1.800664289236602045e-01 2.114999999999999658e-01
1.870560000000000000e-01 1.710640000000000216e-01 1.929200000000000359e-01 1.710639999999999938e-01 1.879160000000000275e-01 1.815799999999999914e-01 1.929200000000000081e-01 1.815799999999999914e-01 2.114999999999999658e-01
c: 
1.139999999999999902e+00
2.874000000000000110e+00
2.116000000000000103e+00
