CDF: 
4.299999999999999933e-01 4.500000000000000111e-01 6.999999999999999556e-01 1.000000000000000000e+00
1.600000000000000033e-01 5.500000000000000444e-01 9.300000000000000488e-01 1.000000000000000000e+00
2.099999999999999922e-01 5.799999999999999600e-01 8.699999999999999956e-01 1.000000000000000000e+00
sigma: 
1.775839999999999919e-01 3.820510453335337637e-03 4.315769496314395513e-03 3.820510453335337637e-03 5.639999999999999181e-02 2.593272131560827969e-03 4.315769496314396381e-03 2.593272131560828402e-03 8.880000000000001781e-02
1.775839999999999919e-01 6.222829823317737805e-03 8.488233072939577531e-03 6.222829823317737805e-03 5.639999999999999181e-02 3.283678286529012266e-03 8.488233072939577531e-03 3.283678286529012700e-03 8.880000000000001781e-02
1.775839999999999919e-01 8.969113206781955186e-03 1.094081527103996435e-02 8.969113206781955186e-03 5.639999999999999181e-02 6.972976066346471373e-03 1.094081527103996608e-02 6.972976066346472240e-03 8.880000000000001781e-02
1.775839999999999919e-01 1.432219550743674304e-02 2.075067130909018925e-02 1.432219550743674304e-02 5.639999999999999181e-02 1.146013853280413580e-02 2.075067130909019272e-02 1.146013853280413754e-02 8.880000000000001781e-02
1.775839999999999919e-01 1.741284615511569031e-02 2.157033959735663725e-02 1.741284615511569031e-02 5.639999999999999181e-02 1.477002998067228172e-02 2.157033959735664072e-02 1.477002998067228519e-02 8.880000000000001781e-02
1.775839999999999919e-01 2.212700519373008226e-02 2.767205212388311464e-02 2.212700519373008226e-02 5.639999999999999181e-02 1.801545846644200116e-02 2.767205212388311811e-02 1.801545846644200463e-02 8.880000000000001781e-02
1.775839999999999919e-01 2.355056787771286908e-02 3.183247176927618549e-02 2.355056787771286908e-02 5.639999999999999181e-02 2.084053760587572732e-02 3.183247176927618549e-02 2.084053760587573079e-02 8.880000000000001781e-02
1.775839999999999919e-01 3.066686801360204301e-02 3.862365213647023232e-02 3.066686801360204301e-02 5.639999999999999181e-02 2.460457609686706945e-02 3.862365213647023926e-02 2.460457609686707292e-02 8.880000000000001781e-02
1.775839999999999919e-01 3.170856979376165952e-02 4.505081059688040290e-02 3.170856979376165952e-02 5.639999999999999181e-02 2.810112287536629602e-02 4.505081059688040984e-02 2.810112287536630296e-02 8.880000000000001781e-02
1.775839999999999919e-01 3.648412947726020067e-02 4.809313901845137934e-02 3.648412947726020067e-02 5.639999999999999181e-02 2.992635109356568679e-02 4.809313901845138628e-02 2.992635109356569373e-02 8.880000000000001781e-02
1.775839999999999919e-01 4.242524494283260450e-02 5.546592381805925259e-02 4.242524494283260450e-02 5.639999999999999181e-02 3.287443100945007524e-02 5.546592381805925953e-02 3.287443100945008218e-02 8.880000000000001781e-02
1.775839999999999919e-01 4.378392330023352791e-02 6.021319537174441017e-02 4.378392330023352791e-02 5.639999999999999181e-02 3.599162042712557991e-02 6.021319537174441711e-02 3.599162042712558685e-02 8.880000000000001781e-02
1.775839999999999919e-01 4.837126221812367011e-02 6.693305715768495257e-02 4.837126221812367011e-02 5.639999999999999181e-02 3.925859386478438434e-02 6.693305715768496644e-02 3.925859386478439128e-02 8.880000000000001781e-02
1.775839999999999919e-01 5.103935819364849996e-02 7.108564585994341101e-02 5.103935819364849996e-02 5.639999999999999181e-02 4.359818334629736447e-02 7.108564585994342488e-02 4.359818334629737835e-02 8.880000000000001781e-02
1.775839999999999919e-01 5.702839700349442847e-02 7.396550691048130177e-02 5.702839700349442847e-02 5.639999999999999181e-02 4.653443787874345788e-02 7.396550691048131565e-02 4.653443787874347176e-02 8.880000000000001781e-02
1.775839999999999919e-01 6.159855535623871142e-02 8.068921407242056476e-02 6.159855535623871142e-02 5.639999999999999181e-02 4.910186643203728191e-02 8.068921407242057864e-02 4.910186643203729578e-02 8.880000000000001781e-02
1.775839999999999919e-01 6.468184960533245043e-02 8.559907324690285702e-02 6.468184960533245043e-02 5.639999999999999181e-02 5.400673234917278964e-02 8.559907324690287089e-02 5.400673234917280352e-02 8.880000000000001781e-02
1.775839999999999919e-01 6.901383873200522823e-02 8.927213719972969252e-02 6.901383873200522823e-02 5.639999999999999181e-02 5.579223669901806765e-02 8.927213719972970640e-02 5.579223669901808152e-02 8.880000000000001781e-02
1.775839999999999919e-01 7.230749734742718260e-02 9.691688096815982700e-02 7.230749734742718260e-02 5.639999999999999181e-02 5.934163288197958491e-02 9.691688096815984088e-02 5.934163288197959879e-02 8.880000000000001781e-02
1.775839999999999919e-01 7.359999999999999876e-02 9.911999999999999977e-02 7.359999999999999876e-02 5.639999999999999181e-02 6.039999999999999536e-02 9.912000000000001365e-02 6.040000000000000924e-02 8.880000000000001781e-02
c: 
1.352999999999999980e+00
2.271999999999999797e+00
2.810000000000000053e+00
