CDF: 
4.199999999999999845e-01 6.700000000000000400e-01 7.199999999999999734e-01 1.000000000000000000e+00
1.799999999999999933e-01 5.600000000000000533e-01 8.000000000000000444e-01 1.000000000000000000e+00
3.800000000000000044e-01 5.000000000000000000e-01 5.999999999999999778e-01 1.000000000000000000e+00
sigma: 
1.754999999999999893e-01 1.748196814291037631e-03 1.454226391210811228e-03 1.748196814291037631e-03 1.152160000000000128e-01 3.933910714288328669e-03 1.454226391210811445e-03 3.933910714288328669e-03 2.055040000000000200e-01
1.754999999999999893e-01 6.561764435971951560e-03 1.019157414071494502e-02 6.561764435971952428e-03 1.152160000000000128e-01 1.167853160054778579e-02 1.019157414071494676e-02 1.167853160054778579e-02 2.055040000000000200e-01
1.754999999999999893e-01 1.655381749424247873e-02 1.774169965070999597e-02 1.655381749424248219e-02 1.152160000000000128e-01 1.911125783172122269e-02 1.774169965070999944e-02 1.911125783172122269e-02 2.055040000000000200e-01
1.754999999999999893e-01 2.125533191077046136e-02 3.207947674045306952e-02 2.125533191077046483e-02 1.152160000000000128e-01 2.340321462050459767e-02 3.207947674045306952e-02 2.340321462050459767e-02 2.055040000000000200e-01
1.754999999999999893e-01 2.652227219554271695e-02 3.680094192165426353e-02 2.652227219554272042e-02 1.152160000000000128e-01 2.802580624297731568e-02 3.680094192165427047e-02 2.802580624297731568e-02 2.055040000000000200e-01
1.754999999999999893e-01 3.687785171609980761e-02 4.497501818561421005e-02 3.687785171609981455e-02 1.152160000000000128e-01 3.687552875204570813e-02 4.497501818561421699e-02 3.687552875204570813e-02 2.055040000000000200e-01
1.754999999999999893e-01 4.440815504862819646e-02 5.309521693939583953e-02 4.440815504862820340e-02 1.152160000000000128e-01 4.536036507486969349e-02 5.309521693939585341e-02 4.536036507486969349e-02 2.055040000000000200e-01
1.754999999999999893e-01 5.024395429014940490e-02 6.537894572621516520e-02 5.024395429014941183e-02 1.152160000000000128e-01 5.014010193623825995e-02 6.537894572621517908e-02 5.014010193623825995e-02 2.055040000000000200e-01
1.754999999999999893e-01 5.666382784164175623e-02 7.551359497350988714e-02 5.666382784164176317e-02 1.152160000000000128e-01 5.826906497382924877e-02 7.551359497350990102e-02 5.826906497382924877e-02 2.055040000000000200e-01
1.754999999999999893e-01 5.910993711866843747e-02 8.553205437896818641e-02 5.910993711866844441e-02 1.152160000000000128e-01 5.996494236834965658e-02 8.553205437896820029e-02 5.996494236834965658e-02 2.055040000000000200e-01
1.754999999999999893e-01 7.151585392591226775e-02 8.925208481926562298e-02 7.151585392591228163e-02 1.152160000000000128e-01 6.646204306081911206e-02 8.925208481926563686e-02 6.646204306081911206e-02 2.055040000000000200e-01
1.754999999999999893e-01 7.631251845607858741e-02 1.002067181277802449e-01 7.631251845607858741e-02 1.152160000000000128e-01 7.528976969888977189e-02 1.002067181277802588e-01 7.528976969888977189e-02 2.055040000000000200e-01
1.754999999999999893e-01 8.380441115742143232e-02 1.029870896371287148e-01 8.380441115742144620e-02 1.152160000000000128e-01 7.940781299378842084e-02 1.029870896371287425e-01 7.940781299378842084e-02 2.055040000000000200e-01
1.754999999999999893e-01 9.151498816874453768e-02 1.117619683050379426e-01 9.151498816874455156e-02 1.152160000000000128e-01 8.911081286546806979e-02 1.117619683050379564e-01 8.911081286546806979e-02 2.055040000000000200e-01
1.754999999999999893e-01 9.168934099929704207e-02 1.253220955482250987e-01 9.168934099929705595e-02 1.152160000000000128e-01 9.489660032761948472e-02 1.253220955482251264e-01 9.489660032761948472e-02 2.055040000000000200e-01
1.754999999999999893e-01 1.015008813921514375e-01 1.344459316720406639e-01 1.015008813921514513e-01 1.152160000000000128e-01 1.026505506401342444e-01 1.344459316720406916e-01 1.026505506401342444e-01 2.055040000000000200e-01
1.754999999999999893e-01 1.046063689409910125e-01 1.389842413302360691e-01 1.046063689409910263e-01 1.152160000000000128e-01 1.086627123387491206e-01 1.389842413302360968e-01 1.086627123387491206e-01 2.055040000000000200e-01
1.754999999999999893e-01 1.133436413223505024e-01 1.477161545593425884e-01 1.133436413223505163e-01 1.152160000000000128e-01 1.107050515720278683e-01 1.477161545593426162e-01 1.107050515720278683e-01 2.055040000000000200e-01
1.754999999999999893e-01 1.208539846828071140e-01 1.576467593409998091e-01 1.208539846828071279e-01 1.152160000000000128e-01 1.193316289759160931e-01 1.576467593409998369e-01 1.193316289759160931e-01 2.055040000000000200e-01
1.754999999999999893e-01 1.241999999999999910e-01 1.628000000000000003e-01 1.242000000000000048e-01 1.152160000000000128e-01 1.233920000000000017e-01 1.628000000000000280e-01 1.233920000000000017e-01 2.055040000000000200e-01
c: 
2.434000000000000163e+00
2.737000000000000099e+00
2.536000000000000032e+00
