CDF: 
8.000000000000000167e-02 8.999999999999999667e-02 5.699999999999999512e-01 1.000000000000000000e+00
3.099999999999999978e-01 4.000000000000000222e-01 6.600000000000000311e-01 1.000000000000000000e+00
7.000000000000000666e-02 4.699999999999999734e-01 5.899999999999999689e-01 1.000000000000000000e+00
sigma: 
1.426750000000000240e-01 6.477316584238325577e-03 6.905536754599202881e-03 6.477316584238326444e-03 1.819709999999999939e-01 1.342598970055918807e-03 6.905536754599203748e-03 1.342598970055918807e-03 1.886039999999999661e-01
1.426750000000000240e-01 1.210285311209988168e-02 1.248581433102733534e-02 1.210285311209988342e-02 1.819709999999999939e-01 1.091798478790548949e-02 1.248581433102733708e-02 1.091798478790548949e-02 1.886039999999999661e-01
1.426750000000000240e-01 2.191426739931966183e-02 2.145909859098595746e-02 2.191426739931966877e-02 1.819709999999999939e-01 2.205778294948311166e-02 2.145909859098596092e-02 2.205778294948311166e-02 1.886039999999999661e-01
1.426750000000000240e-01 2.909350371054730475e-02 2.613875408608282158e-02 2.909350371054730822e-02 1.819709999999999939e-01 3.377996173626183346e-02 2.613875408608282505e-02 3.377996173626183346e-02 1.886039999999999661e-01
1.426750000000000240e-01 3.192814318782898064e-02 3.814541702083114327e-02 3.192814318782898758e-02 1.819709999999999939e-01 4.179811509378834888e-02 3.814541702083114327e-02 4.179811509378834888e-02 1.886039999999999661e-01
1.426750000000000240e-01 3.902426693073279829e-02 4.497498430585959717e-02 3.902426693073281216e-02 1.819709999999999939e-01 4.514822749761956272e-02 4.497498430585960411e-02 4.514822749761956272e-02 1.886039999999999661e-01
1.426750000000000240e-01 5.028897835963033053e-02 5.582443277175824781e-02 5.028897835963034441e-02 1.819709999999999939e-01 5.791993256584945099e-02 5.582443277175826168e-02 5.791993256584945099e-02 1.886039999999999661e-01
1.426750000000000240e-01 5.489855422547044311e-02 6.531961027106354678e-02 5.489855422547045005e-02 1.819709999999999939e-01 6.955211640753659885e-02 6.531961027106356066e-02 6.955211640753659885e-02 1.886039999999999661e-01
1.426750000000000240e-01 6.555429032134892087e-02 6.620502767768980668e-02 6.555429032134893474e-02 1.819709999999999939e-01 7.389053888045804541e-02 6.620502767768982055e-02 7.389053888045804541e-02 1.886039999999999661e-01
1.426750000000000240e-01 6.756545647654088604e-02 7.442162522817649672e-02 6.756545647654089992e-02 1.819709999999999939e-01 8.713128938205555452e-02 7.442162522817651060e-02 8.713128938205555452e-02 1.886039999999999661e-01
1.426750000000000240e-01 8.015113220373257241e-02 8.886963762457367189e-02 8.015113220373258629e-02 1.819709999999999939e-01 9.104174633576374298e-02 8.886963762457368576e-02 9.104174633576374298e-02 1.886039999999999661e-01
1.426750000000000240e-01 8.397593401268974023e-02 9.160952828093270328e-02 8.397593401268975410e-02 1.819709999999999939e-01 9.765771471096558465e-02 9.160952828093271716e-02 9.765771471096558465e-02 1.886039999999999661e-01
1.426750000000000240e-01 9.319182746459650502e-02 1.041363358811108336e-01 9.319182746459651889e-02 1.819709999999999939e-01 1.093336942456347993e-01 1.041363358811108475e-01 1.093336942456347993e-01 1.886039999999999661e-01
1.426750000000000240e-01 9.858055850023494937e-02 1.154198013704473419e-01 9.858055850023497713e-02 1.819709999999999939e-01 1.166930228567847061e-01 1.154198013704473558e-01 1.166930228567847061e-01 1.886039999999999661e-01
1.426750000000000240e-01 1.044510118432098733e-01 1.237666221222923496e-01 1.044510118432098872e-01 1.819709999999999939e-01 1.304295465412442234e-01 1.237666221222923774e-01 1.304295465412442234e-01 1.886039999999999661e-01
1.426750000000000240e-01 1.128129395618450714e-01 1.246163332216805170e-01 1.128129395618450992e-01 1.819709999999999939e-01 1.335811505166244195e-01 1.246163332216805447e-01 1.335811505166244195e-01 1.886039999999999661e-01
1.426750000000000240e-01 1.222736201748467338e-01 1.389564991828848017e-01 1.222736201748467616e-01 1.819709999999999939e-01 1.429180286382721321e-01 1.389564991828848295e-01 1.429180286382721321e-01 1.886039999999999661e-01
1.426750000000000240e-01 1.303639193085518455e-01 1.470881170049342657e-01 1.303639193085518733e-01 1.819709999999999939e-01 1.583599300269528110e-01 1.470881170049342934e-01 1.583599300269528110e-01 1.886039999999999661e-01
1.426750000000000240e-01 1.352702888953353499e-01 1.532987074247757764e-01 1.352702888953353777e-01 1.819709999999999939e-01 1.618438407189906614e-01 1.532987074247758041e-01 1.618438407189906614e-01 1.886039999999999661e-01
1.426750000000000240e-01 1.394749999999999879e-01 1.570499999999999674e-01 1.394750000000000156e-01 1.819709999999999939e-01 1.672779999999999823e-01 1.570499999999999952e-01 1.672779999999999823e-01 1.886039999999999661e-01
c: 
1.387000000000000011e+00
2.730999999999999872e+00
2.834000000000000075e+00
