CDF: 
2.300000000000000100e-01 3.800000000000000044e-01 8.399999999999999689e-01 1.000000000000000000e+00
3.900000000000000133e-01 4.799999999999999822e-01 9.000000000000000222e-01 1.000000000000000000e+00
1.499999999999999944e-01 3.099999999999999978e-01 9.300000000000000488e-01 1.000000000000000000e+00
sigma: 
9.972400000000000708e-02 2.974234585483011110e-03 6.483701679928416438e-04 2.974234585483011110e-03 8.900399999999999978e-02 2.674137719660300144e-03 6.483701679928417522e-04 2.674137719660300144e-03 5.310000000000000830e-02
9.972400000000000708e-02 8.322430343639011796e-03 5.159472771076812660e-03 8.322430343639011796e-03 8.900399999999999978e-02 4.231384780779996573e-03 5.159472771076812660e-03 4.231384780779996573e-03 5.310000000000000830e-02
9.972400000000000708e-02 1.099636685311401393e-02 8.673522746639095518e-03 1.099636685311401393e-02 8.900399999999999978e-02 8.272143825340793136e-03 8.673522746639095518e-03 8.272143825340793136e-03 5.310000000000000830e-02
9.972400000000000708e-02 1.650364419221936330e-02 1.182224979084708222e-02 1.650364419221936330e-02 8.900399999999999978e-02 1.158737990947747952e-02 1.182224979084708395e-02 1.158737990947747952e-02 5.310000000000000830e-02
9.972400000000000708e-02 1.966256277939052582e-02 1.411460883965595832e-02 1.966256277939052582e-02 8.900399999999999978e-02 1.480703575488820367e-02 1.411460883965596005e-02 1.480703575488820367e-02 5.310000000000000830e-02
9.972400000000000708e-02 2.557528934491133318e-02 1.798352007415337031e-02 2.557528934491133318e-02 8.900399999999999978e-02 1.756901040460573035e-02 1.798352007415337378e-02 1.756901040460573035e-02 5.310000000000000830e-02
9.972400000000000708e-02 2.755841772244898083e-02 1.913705986882813584e-02 2.755841772244898083e-02 8.900399999999999978e-02 1.796134787931103968e-02 1.913705986882813584e-02 1.796134787931103968e-02 5.310000000000000830e-02
9.972400000000000708e-02 3.131314460144946077e-02 2.365263472382648016e-02 3.131314460144946077e-02 8.900399999999999978e-02 2.123575354778238847e-02 2.365263472382648016e-02 2.123575354778238847e-02 5.310000000000000830e-02
9.972400000000000708e-02 3.684015979109669936e-02 2.710216634116071471e-02 3.684015979109669936e-02 8.900399999999999978e-02 2.386020773701424957e-02 2.710216634116071471e-02 2.386020773701424957e-02 5.310000000000000830e-02
9.972400000000000708e-02 3.877916941611598417e-02 2.953067036626113792e-02 3.877916941611598417e-02 8.900399999999999978e-02 2.723197327856561115e-02 2.953067036626114139e-02 2.723197327856561115e-02 5.310000000000000830e-02
9.972400000000000708e-02 4.494480870517410243e-02 3.143938147505015435e-02 4.494480870517410243e-02 8.900399999999999978e-02 3.042370807737361169e-02 3.143938147505016129e-02 3.042370807737361169e-02 5.310000000000000830e-02
9.972400000000000708e-02 4.795207992667560593e-02 3.338102472945100874e-02 4.795207992667560593e-02 8.900399999999999978e-02 3.490974596970435745e-02 3.338102472945100874e-02 3.490974596970435745e-02 5.310000000000000830e-02
9.972400000000000708e-02 5.586674247454098685e-02 3.846826604534541588e-02 5.586674247454098685e-02 8.900399999999999978e-02 3.563586885222074646e-02 3.846826604534541588e-02 3.563586885222074646e-02 5.310000000000000830e-02
9.972400000000000708e-02 5.659764316855271649e-02 4.078657162796778951e-02 5.659764316855271649e-02 8.900399999999999978e-02 4.065253200951603890e-02 4.078657162796779645e-02 4.065253200951603890e-02 5.310000000000000830e-02
9.972400000000000708e-02 6.414478822411394388e-02 4.385271403335719298e-02 6.414478822411394388e-02 8.900399999999999978e-02 4.419436431923832315e-02 4.385271403335719992e-02 4.419436431923832315e-02 5.310000000000000830e-02
9.972400000000000708e-02 6.699422577754016173e-02 4.693675166639244001e-02 6.699422577754016173e-02 8.900399999999999978e-02 4.596448542963178785e-02 4.693675166639244001e-02 4.596448542963178785e-02 5.310000000000000830e-02
9.972400000000000708e-02 7.035248312360585510e-02 5.014254933905262085e-02 7.035248312360585510e-02 8.900399999999999978e-02 4.912867631070051699e-02 5.014254933905262779e-02 4.912867631070051699e-02 5.310000000000000830e-02
9.972400000000000708e-02 7.699394650853594313e-02 5.265840171384641999e-02 7.699394650853594313e-02 8.900399999999999978e-02 5.265958254675213307e-02 5.265840171384642693e-02 5.265958254675213307e-02 5.310000000000000830e-02
9.972400000000000708e-02 7.977443317624317853e-02 5.572087039532053199e-02 7.977443317624317853e-02 8.900399999999999978e-02 5.455846911203142413e-02 5.572087039532053893e-02 5.455846911203142413e-02 5.310000000000000830e-02
9.972400000000000708e-02 8.183599999999999208e-02 5.749999999999999556e-02 8.183599999999999208e-02 8.900399999999999978e-02 5.629999999999999588e-02 5.750000000000000250e-02 5.629999999999999588e-02 5.310000000000000830e-02
c: 
2.991999999999999993e+00
2.293000000000000149e+00
2.596000000000000085e+00
