CDF: 
4.500000000000000111e-01 5.999999999999999778e-01 9.200000000000000400e-01 1.000000000000000000e+00
2.899999999999999800e-01 4.699999999999999734e-01 8.299999999999999600e-01 1.000000000000000000e+00
3.800000000000000044e-01 6.800000000000000488e-01 8.199999999999999512e-01 1.000000000000000000e+00
sigma: 
8.055600000000001648e-02 3.161102582622070216e-03 1.867688740600441377e-03 3.161102582622070650e-03 1.122999999999999832e-01 1.611770425284015686e-03 1.867688740600441377e-03 1.611770425284015686e-03 1.267840000000000078e-01
8.055600000000001648e-02 8.371508387102639601e-03 5.452262215280441297e-03 8.371508387102639601e-03 1.122999999999999832e-01 1.137344267341757441e-02 5.452262215280441297e-03 1.137344267341757441e-02 1.267840000000000078e-01
8.055600000000001648e-02 1.120184867240550143e-02 1.244090829507811871e-02 1.120184867240550317e-02 1.122999999999999832e-01 1.385415878319920698e-02 1.244090829507811871e-02 1.385415878319920698e-02 1.267840000000000078e-01
8.055600000000001648e-02 1.469836915884374998e-02 1.472613492170205853e-02 1.469836915884375171e-02 1.122999999999999832e-01 1.824178898660296436e-02 1.472613492170205853e-02 1.824178898660296436e-02 1.267840000000000078e-01
8.055600000000001648e-02 1.751684755729225954e-02 2.093651774818025210e-02 1.751684755729226300e-02 1.122999999999999832e-01 2.674344969149368423e-02 2.093651774818025210e-02 2.674344969149368423e-02 1.267840000000000078e-01
8.055600000000001648e-02 2.321949859306759317e-02 2.236891359642975002e-02 2.321949859306759664e-02 1.122999999999999832e-01 3.478386963268920856e-02 2.236891359642975002e-02 3.478386963268920856e-02 1.267840000000000078e-01
8.055600000000001648e-02 2.930629624908449860e-02 2.808929899626603707e-02 2.930629624908450206e-02 1.122999999999999832e-01 4.036310412990121860e-02 2.808929899626603707e-02 4.036310412990121860e-02 1.267840000000000078e-01
8.055600000000001648e-02 3.080531710921966676e-02 3.261297382913762311e-02 3.080531710921967023e-02 1.122999999999999832e-01 4.721155218210214971e-02 3.261297382913762311e-02 4.721155218210214971e-02 1.267840000000000078e-01
8.055600000000001648e-02 3.648982036056894196e-02 3.577038206495039563e-02 3.648982036056894890e-02 1.122999999999999832e-01 5.050323088347651729e-02 3.577038206495039563e-02 5.050323088347651729e-02 1.267840000000000078e-01
8.055600000000001648e-02 3.857542534948328605e-02 4.344562409132727426e-02 3.857542534948329299e-02 1.122999999999999832e-01 5.435954127553717374e-02 4.344562409132727426e-02 5.435954127553717374e-02 1.267840000000000078e-01
8.055600000000001648e-02 4.337277411019378054e-02 4.650796720520244953e-02 4.337277411019378748e-02 1.122999999999999832e-01 6.296459769663916017e-02 4.650796720520244953e-02 6.296459769663916017e-02 1.267840000000000078e-01
8.055600000000001648e-02 4.893146931856895421e-02 5.234867864351708949e-02 4.893146931856896115e-02 1.122999999999999832e-01 6.784059512994540520e-02 5.234867864351708949e-02 6.784059512994540520e-02 1.267840000000000078e-01
8.055600000000001648e-02 5.498036254470972661e-02 5.614394233067433737e-02 5.498036254470973355e-02 1.122999999999999832e-01 7.623038894049045944e-02 5.614394233067433737e-02 7.623038894049045944e-02 1.267840000000000078e-01
8.055600000000001648e-02 5.685748495280591730e-02 5.990433431629561128e-02 5.685748495280592424e-02 1.122999999999999832e-01 7.813265081979228754e-02 5.990433431629561128e-02 7.813265081979228754e-02 1.267840000000000078e-01
8.055600000000001648e-02 6.357681767776623971e-02 6.539518400546093235e-02 6.357681767776625359e-02 1.122999999999999832e-01 8.741088846305726523e-02 6.539518400546093235e-02 8.741088846305726523e-02 1.267840000000000078e-01
8.055600000000001648e-02 6.619704328403287763e-02 6.780734988136065400e-02 6.619704328403289151e-02 1.122999999999999832e-01 8.958243072026216003e-02 6.780734988136065400e-02 8.958243072026216003e-02 1.267840000000000078e-01
8.055600000000001648e-02 7.175337671693701735e-02 7.355375845874843888e-02 7.175337671693703123e-02 1.122999999999999832e-01 9.918975916860892084e-02 7.355375845874843888e-02 9.918975916860892084e-02 1.267840000000000078e-01
8.055600000000001648e-02 7.510885656001894950e-02 7.801276125582902454e-02 7.510885656001896338e-02 1.122999999999999832e-01 1.024992025260689499e-01 7.801276125582902454e-02 1.024992025260689499e-01 1.267840000000000078e-01
8.055600000000001648e-02 7.685760576871668304e-02 8.390868479459166751e-02 7.685760576871669691e-02 1.122999999999999832e-01 1.075118245392764765e-01 8.390868479459166751e-02 1.075118245392764765e-01 1.267840000000000078e-01
8.055600000000001648e-02 8.069999999999999396e-02 8.435199999999999643e-02 8.070000000000000784e-02 1.122999999999999832e-01 1.131999999999999951e-01 8.435199999999999643e-02 1.131999999999999951e-01 1.267840000000000078e-01
c: 
1.225000000000000089e+00
2.825000000000000178e+00
2.919000000000000039e+00
