CDF: 
2.099999999999999922e-01 6.099999999999999867e-01 9.100000000000000311e-01 1.000000000000000000e+00
3.699999999999999956e-01 4.000000000000000222e-01 8.399999999999999689e-01 1.000000000000000000e+00
1.799999999999999933e-01 6.300000000000000044e-01 9.200000000000000400e-01 1.000000000000000000e+00
sigma: 
6.990000000000000380e-02 2.393502816620892044e-03 9.788386388758035198e-05 2.393502816620892044e-03 1.146360000000000018e-01 3.173087028279218159e-03 9.788386388758035198e-05 3.173087028279218159e-03 6.260400000000000686e-02
6.990000000000000380e-02 5.319919952078839588e-03 5.743904600242994395e-03 5.319919952078839588e-03 1.146360000000000018e-01 6.129244135375464149e-03 5.743904600242994395e-03 6.129244135375464149e-03 6.260400000000000686e-02
6.990000000000000380e-02 7.880196131450897812e-03 6.808589472362884358e-03 7.880196131450897812e-03 1.146360000000000018e-01 7.603567897100275454e-03 6.808589472362884358e-03 7.603567897100275454e-03 6.260400000000000686e-02
6.990000000000000380e-02 1.317373996981744018e-02 1.308686711563602535e-02 1.317373996981744018e-02 1.146360000000000018e-01 1.158168044818177859e-02 1.308686711563602535e-02 1.158168044818177859e-02 6.260400000000000686e-02
6.990000000000000380e-02 1.666100049214980575e-02 1.631197051197522466e-02 1.666100049214980575e-02 1.146360000000000018e-01 1.597066951478805577e-02 1.631197051197522466e-02 1.597066951478805577e-02 6.260400000000000686e-02
6.990000000000000380e-02 2.023489831000682693e-02 1.841659113801926220e-02 2.023489831000682693e-02 1.146360000000000018e-01 2.117053880508569172e-02 1.841659113801926220e-02 2.117053880508569172e-02 6.260400000000000686e-02
6.990000000000000380e-02 2.593153035473816023e-02 2.018897955248945622e-02 2.593153035473816023e-02 1.146360000000000018e-01 2.235568384853385548e-02 2.018897955248945622e-02 2.235568384853385548e-02 6.260400000000000686e-02
6.990000000000000380e-02 2.996270437695334674e-02 2.664625918051602080e-02 2.996270437695334674e-02 1.146360000000000018e-01 2.633660147452695013e-02 2.664625918051602080e-02 2.633660147452695013e-02 6.260400000000000686e-02
6.990000000000000380e-02 3.187681321438291804e-02 2.761239447231172289e-02 3.187681321438291804e-02 1.146360000000000018e-01 2.969990394305649720e-02 2.761239447231172289e-02 2.969990394305649720e-02 6.260400000000000686e-02
6.990000000000000380e-02 3.872225910605218979e-02 3.150259851140056744e-02 3.872225910605218979e-02 1.146360000000000018e-01 3.534991511302744416e-02 3.150259851140056744e-02 3.534991511302744416e-02 6.260400000000000686e-02
6.990000000000000380e-02 4.135725167127464463e-02 3.372409786809110743e-02 4.135725167127464463e-02 1.146360000000000018e-01 3.591955791502252082e-02 3.372409786809110743e-02 3.591955791502252082e-02 6.260400000000000686e-02
6.990000000000000380e-02 4.439508475705510049e-02 3.915221376872491527e-02 4.439508475705510049e-02 1.146360000000000018e-01 4.092256227425811188e-02 3.915221376872491527e-02 4.092256227425811188e-02 6.260400000000000686e-02
6.990000000000000380e-02 4.964580287725477159e-02 4.153347455380242831e-02 4.964580287725477159e-02 1.146360000000000018e-01 4.475729668465220495e-02 4.153347455380242831e-02 4.475729668465220495e-02 6.260400000000000686e-02
6.990000000000000380e-02 5.182884156393288005e-02 4.383044939678722857e-02 5.182884156393288005e-02 1.146360000000000018e-01 4.831981955855087218e-02 4.383044939678722857e-02 4.831981955855087218e-02 6.260400000000000686e-02
6.990000000000000380e-02 5.523788959845021135e-02 4.913515929430208734e-02 5.523788959845021135e-02 1.146360000000000018e-01 5.078112976601560635e-02 4.913515929430208734e-02 5.078112976601560635e-02 6.260400000000000686e-02
6.990000000000000380e-02 5.942396599802676760e-02 5.090667159486438054e-02 5.942396599802676760e-02 1.146360000000000018e-01 5.496052359257436182e-02 5.090667159486438054e-02 5.496052359257436182e-02 6.260400000000000686e-02
6.990000000000000380e-02 6.386065055382246503e-02 5.401680400638494278e-02 6.386065055382246503e-02 1.146360000000000018e-01 6.020612492855138831e-02 5.401680400638494278e-02 6.020612492855138831e-02 6.260400000000000686e-02
6.990000000000000380e-02 6.812502102511755475e-02 5.959003515873966678e-02 6.812502102511755475e-02 1.146360000000000018e-01 6.329952351088011242e-02 5.959003515873966678e-02 6.329952351088011242e-02 6.260400000000000686e-02
6.990000000000000380e-02 7.180163311395615366e-02 6.345902989484550338e-02 7.180163311395615366e-02 1.146360000000000018e-01 6.467775925171616314e-02 6.345902989484550338e-02 6.467775925171616314e-02 6.260400000000000686e-02
6.990000000000000380e-02 7.362000000000000488e-02 6.345999999999998864e-02 7.362000000000000488e-02 1.146360000000000018e-01 6.738800000000000345e-02 6.345999999999998864e-02 6.738800000000000345e-02 6.260400000000000686e-02
c: 
2.987999999999999989e+00
1.899000000000000021e+00
1.987999999999999989e+00
