CDF: 
7.000000000000000666e-02 8.000000000000000167e-02 7.199999999999999734e-01 1.000000000000000000e+00
2.600000000000000089e-01 5.600000000000000533e-01 7.299999999999999822e-01 1.000000000000000000e+00
3.400000000000000244e-01 5.400000000000000355e-01 5.999999999999999778e-01 1.000000000000000000e+00
sigma: 
9.335599999999999454e-02 2.969006543828361412e-03 1.392153287232060759e-03 2.969006543828361412e-03 1.507959999999999856e-01 9.516085486588977743e-04 1.392153287232060542e-03 9.516085486588977743e-04 2.023039999999999838e-01
9.335599999999999454e-02 6.330735928541706727e-03 5.536836505821711614e-03 6.330735928541706727e-03 1.507959999999999856e-01 9.820839417750549041e-03 5.536836505821710747e-03 9.820839417750549041e-03 2.023039999999999838e-01
9.335599999999999454e-02 1.515509005882827338e-02 1.142193945607473948e-02 1.515509005882827338e-02 1.507959999999999856e-01 1.773313649308637385e-02 1.142193945607473775e-02 1.773313649308637385e-02 2.023039999999999838e-01
9.335599999999999454e-02 1.745002115585656682e-02 1.822645954965096404e-02 1.745002115585656682e-02 1.507959999999999856e-01 2.662468829259245426e-02 1.822645954965096057e-02 2.662468829259245426e-02 2.023039999999999838e-01
9.335599999999999454e-02 2.731953548470376567e-02 2.523727006459443312e-02 2.731953548470376567e-02 1.507959999999999856e-01 3.305728275886424261e-02 2.523727006459442965e-02 3.305728275886424261e-02 2.023039999999999838e-01
9.335599999999999454e-02 2.916010604329852263e-02 2.759896242508293532e-02 2.916010604329852263e-02 1.507959999999999856e-01 4.096165136651341160e-02 2.759896242508293185e-02 4.096165136651341160e-02 2.023039999999999838e-01
9.335599999999999454e-02 3.840174277997153440e-02 3.626651716375915713e-02 3.840174277997153440e-02 1.507959999999999856e-01 5.343233989359963410e-02 3.626651716375915019e-02 5.343233989359963410e-02 2.023039999999999838e-01
9.335599999999999454e-02 4.034253139968423801e-02 4.190532817031948631e-02 4.034253139968423801e-02 1.507959999999999856e-01 6.022901796399108415e-02 4.190532817031948631e-02 6.022901796399108415e-02 2.023039999999999838e-01
9.335599999999999454e-02 4.726803240689881475e-02 4.465292968195030271e-02 4.726803240689881475e-02 1.507959999999999856e-01 6.790184369442879564e-02 4.465292968195030271e-02 6.790184369442879564e-02 2.023039999999999838e-01
9.335599999999999454e-02 5.231858322874540640e-02 4.932707741352552328e-02 5.231858322874540640e-02 1.507959999999999856e-01 7.653497786784128898e-02 4.932707741352551634e-02 7.653497786784128898e-02 2.023039999999999838e-01
9.335599999999999454e-02 5.824302803269622991e-02 5.596165646036666691e-02 5.824302803269622991e-02 1.507959999999999856e-01 8.674571965440065757e-02 5.596165646036665997e-02 8.674571965440065757e-02 2.023039999999999838e-01
9.335599999999999454e-02 6.850395066105295638e-02 6.112637335460039539e-02 6.850395066105295638e-02 1.507959999999999856e-01 9.384803064263200212e-02 6.112637335460038845e-02 9.384803064263200212e-02 2.023039999999999838e-01
9.335599999999999454e-02 7.004288537250893953e-02 7.081521969260794191e-02 7.004288537250893953e-02 1.507959999999999856e-01 9.722058368110411686e-02 7.081521969260792804e-02 9.722058368110411686e-02 2.023039999999999838e-01
9.335599999999999454e-02 7.980194336181076209e-02 7.286975156379027485e-02 7.980194336181076209e-02 1.507959999999999856e-01 1.103815257761650154e-01 7.286975156379026097e-02 1.103815257761650154e-01 2.023039999999999838e-01
9.335599999999999454e-02 8.351206673500953526e-02 7.847349875925456464e-02 8.351206673500953526e-02 1.507959999999999856e-01 1.132741373779292127e-01 7.847349875925455076e-02 1.132741373779292127e-01 2.023039999999999838e-01
9.335599999999999454e-02 9.103607501126388668e-02 8.361835552035146168e-02 9.103607501126388668e-02 1.507959999999999856e-01 1.270796130698476911e-01 8.361835552035144781e-02 1.270796130698476911e-01 2.023039999999999838e-01
9.335599999999999454e-02 9.275638862127098816e-02 8.866483827540216911e-02 9.275638862127098816e-02 1.507959999999999856e-01 1.322173643729038506e-01 8.866483827540215523e-02 1.322173643729038506e-01 2.023039999999999838e-01
9.335599999999999454e-02 1.029208363267000853e-01 9.345554913311106271e-02 1.029208363267000853e-01 1.507959999999999856e-01 1.394281637442526534e-01 9.345554913311104883e-02 1.394281637442526534e-01 2.023039999999999838e-01
9.335599999999999454e-02 1.092288305976574780e-01 1.011065793765394405e-01 1.092288305976574780e-01 1.507959999999999856e-01 1.468730494659976071e-01 1.011065793765394266e-01 1.468730494659976071e-01 2.023039999999999838e-01
9.335599999999999454e-02 1.094760000000000177e-01 1.039680000000000049e-01 1.094760000000000177e-01 1.507959999999999856e-01 1.533280000000000198e-01 1.039679999999999910e-01 1.533280000000000198e-01 2.023039999999999838e-01
c: 
1.981999999999999984e+00
2.653000000000000025e+00
1.278000000000000025e+00
