CDF: 
2.200000000000000011e-01 2.500000000000000000e-01 6.700000000000000400e-01 1.000000000000000000e+00
2.800000000000000266e-01 4.899999999999999911e-01 5.999999999999999778e-01 1.000000000000000000e+00
5.999999999999999778e-02 1.499999999999999944e-01 6.800000000000000488e-01 1.000000000000000000e+00
sigma: 
1.443840000000000123e-01 5.663142336334146647e-03 1.746833498785043369e-03 5.663142336334146647e-03 1.898040000000000282e-01 4.224258358000970714e-03 1.746833498785043369e-03 4.224258358000970714e-03 1.058999999999999941e-01
1.443840000000000123e-01 1.531498935191707121e-02 1.105845133220298079e-02 1.531498935191707121e-02 1.898040000000000282e-01 1.054016120388414149e-02 1.105845133220298079e-02 1.054016120388414149e-02 1.058999999999999941e-01
1.443840000000000123e-01 1.694314743559014250e-02 1.438716820017242257e-02 1.694314743559014250e-02 1.898040000000000282e-01 1.832163134830260692e-02 1.438716820017242257e-02 1.832163134830260692e-02 1.058999999999999941e-01
1.443840000000000123e-01 3.001742197960609662e-02 2.019944591205242307e-02 3.001742197960609662e-02 1.898040000000000282e-01 2.052263254456977368e-02 2.019944591205242307e-02 2.052263254456977368e-02 1.058999999999999941e-01
1.443840000000000123e-01 3.607262323472324589e-02 2.718181480521678420e-02 3.607262323472324589e-02 1.898040000000000282e-01 2.589217881993598896e-02 2.718181480521678420e-02 2.589217881993598896e-02 1.058999999999999941e-01
1.443840000000000123e-01 4.212908499430222803e-02 3.399300758268566924e-02 4.212908499430222803e-02 1.898040000000000282e-01 3.744061435208829308e-02 3.399300758268566924e-02 3.744061435208829308e-02 1.058999999999999941e-01
1.443840000000000123e-01 4.802197751961503197e-02 4.114849115907279198e-02 4.802197751961503197e-02 1.898040000000000282e-01 4.184646995140326592e-02 4.114849115907279198e-02 4.184646995140326592e-02 1.058999999999999941e-01
1.443840000000000123e-01 5.902544970670435542e-02 4.445951038535825989e-02 5.902544970670435542e-02 1.898040000000000282e-01 4.950457165652021735e-02 4.445951038535825989e-02 4.950457165652021735e-02 1.058999999999999941e-01
1.443840000000000123e-01 6.596196819597137384e-02 5.012488632445883524e-02 6.596196819597137384e-02 1.898040000000000282e-01 5.592252623542541545e-02 5.012488632445883524e-02 5.592252623542541545e-02 1.058999999999999941e-01
1.443840000000000123e-01 7.290205935088932276e-02 6.031998561261020519e-02 7.290205935088932276e-02 1.898040000000000282e-01 5.702589481545721622e-02 6.031998561261020519e-02 5.702589481545721622e-02 1.058999999999999941e-01
1.443840000000000123e-01 8.422281408782414380e-02 6.146065292695114535e-02 8.422281408782414380e-02 1.898040000000000282e-01 6.569018196694725864e-02 6.146065292695114535e-02 6.569018196694725864e-02 1.058999999999999941e-01
1.443840000000000123e-01 8.791223702302641829e-02 6.947710882780881725e-02 8.791223702302641829e-02 1.898040000000000282e-01 6.903554234926667643e-02 6.947710882780881725e-02 6.903554234926667643e-02 1.058999999999999941e-01
1.443840000000000123e-01 9.816525016621266420e-02 7.858166898638543896e-02 9.816525016621266420e-02 1.898040000000000282e-01 7.891528081034460129e-02 7.858166898638543896e-02 7.891528081034460129e-02 1.058999999999999941e-01
1.443840000000000123e-01 1.024516472880710738e-01 7.971968784425711996e-02 1.024516472880710738e-01 1.898040000000000282e-01 8.325237712088831565e-02 7.971968784425711996e-02 8.325237712088831565e-02 1.058999999999999941e-01
1.443840000000000123e-01 1.162804311522536854e-01 9.070423509371937365e-02 1.162804311522536854e-01 1.898040000000000282e-01 9.183612181498024274e-02 9.070423509371937365e-02 9.183612181498024274e-02 1.058999999999999941e-01
1.443840000000000123e-01 1.171283428571274210e-01 9.629015398461300557e-02 1.171283428571274210e-01 1.898040000000000282e-01 9.629330591544657536e-02 9.629015398461300557e-02 9.629330591544657536e-02 1.058999999999999941e-01
1.443840000000000123e-01 1.242224951801584321e-01 1.002725536548572799e-01 1.242224951801584321e-01 1.898040000000000282e-01 1.061347661607252441e-01 1.002725536548572799e-01 1.061347661607252441e-01 1.058999999999999941e-01
1.443840000000000123e-01 1.353659721343595523e-01 1.049310200184688513e-01 1.353659721343595523e-01 1.898040000000000282e-01 1.112683055512366653e-01 1.049310200184688513e-01 1.112683055512366653e-01 1.058999999999999941e-01
1.443840000000000123e-01 1.432826174234708705e-01 1.104516512528497391e-01 1.432826174234708705e-01 1.898040000000000282e-01 1.173448509483189933e-01 1.104516512528497391e-01 1.173448509483189933e-01 1.058999999999999941e-01
1.443840000000000123e-01 1.474560000000000315e-01 1.164000000000000035e-01 1.474560000000000315e-01 1.898040000000000282e-01 1.191000000000000114e-01 1.164000000000000035e-01 1.191000000000000114e-01 1.058999999999999941e-01
c: 
1.592000000000000082e+00
2.225999999999999979e+00
1.512000000000000011e+00
