CDF: 
6.800000000000000488e-01 8.900000000000000133e-01 9.000000000000000222e-01 1.000000000000000000e+00
3.099999999999999978e-01 5.200000000000000178e-01 6.899999999999999467e-01 1.000000000000000000e+00
3.400000000000000244e-01 4.400000000000000022e-01 7.600000000000000089e-01 1.000000000000000000e+00
sigma: 
8.762400000000000744e-02 3.679747113822532268e-03 2.756273202233084935e-03 3.679747113822531834e-03 1.814760000000000262e-01 6.761457335835874098e-03 2.756273202233084502e-03 6.761457335835874098e-03 1.500839999999999952e-01
8.762400000000000744e-02 6.077832233256700439e-03 5.255077758633424669e-03 6.077832233256699572e-03 1.814760000000000262e-01 8.366747245353824830e-03 5.255077758633423801e-03 8.366747245353824830e-03 1.500839999999999952e-01
8.762400000000000744e-02 9.370417644130466656e-03 8.111554063238253162e-03 9.370417644130464921e-03 1.814760000000000262e-01 1.968581253361418801e-02 8.111554063238251427e-03 1.968581253361418801e-02 1.500839999999999952e-01
8.762400000000000744e-02 1.249392822731688023e-02 1.316755045088801972e-02 1.249392822731687849e-02 1.814760000000000262e-01 2.457914829270032436e-02 1.316755045088801625e-02 2.457914829270032436e-02 1.500839999999999952e-01
8.762400000000000744e-02 1.701311498144573303e-02 1.705283479871910757e-02 1.701311498144572956e-02 1.814760000000000262e-01 3.113141352160860367e-02 1.705283479871910757e-02 3.113141352160860367e-02 1.500839999999999952e-01
8.762400000000000744e-02 2.277899580384414036e-02 2.283296774158984077e-02 2.277899580384413689e-02 1.814760000000000262e-01 4.165836674230994491e-02 2.283296774158983730e-02 4.165836674230994491e-02 1.500839999999999952e-01
8.762400000000000744e-02 2.540047118294255085e-02 2.605856379599076969e-02 2.540047118294254738e-02 1.814760000000000262e-01 4.898861856668818709e-02 2.605856379599076622e-02 4.898861856668818709e-02 1.500839999999999952e-01
8.762400000000000744e-02 2.932662065214905814e-02 3.033104692052733531e-02 2.932662065214905120e-02 1.814760000000000262e-01 5.618726739046162044e-02 3.033104692052732837e-02 5.618726739046162044e-02 1.500839999999999952e-01
8.762400000000000744e-02 3.555468769898652293e-02 3.479072837588979145e-02 3.555468769898651599e-02 1.814760000000000262e-01 6.820489665319708072e-02 3.479072837588978451e-02 6.820489665319708072e-02 1.500839999999999952e-01
8.762400000000000744e-02 3.800212975175201041e-02 3.829882185139427131e-02 3.800212975175200347e-02 1.814760000000000262e-01 7.670692292921296729e-02 3.829882185139426437e-02 7.670692292921296729e-02 1.500839999999999952e-01
8.762400000000000744e-02 4.360608572213657552e-02 4.308500609885044380e-02 4.360608572213656858e-02 1.814760000000000262e-01 8.457329433393047380e-02 4.308500609885043686e-02 8.457329433393047380e-02 1.500839999999999952e-01
8.762400000000000744e-02 4.439234123471676174e-02 4.700562491889596212e-02 4.439234123471675481e-02 1.814760000000000262e-01 8.822418666301172496e-02 4.700562491889595518e-02 8.822418666301172496e-02 1.500839999999999952e-01
8.762400000000000744e-02 5.013441369691664512e-02 5.141518380901405338e-02 5.013441369691663124e-02 1.814760000000000262e-01 1.002186714482773688e-01 5.141518380901404645e-02 1.002186714482773688e-01 1.500839999999999952e-01
8.762400000000000744e-02 5.236770231473765469e-02 5.181817185339037540e-02 5.236770231473764775e-02 1.814760000000000262e-01 1.052740074569424311e-01 5.181817185339036846e-02 1.052740074569424311e-01 1.500839999999999952e-01
8.762400000000000744e-02 5.798085395654808960e-02 5.951936562565713490e-02 5.798085395654808266e-02 1.814760000000000262e-01 1.131617718902317438e-01 5.951936562565712796e-02 1.131617718902317438e-01 1.500839999999999952e-01
8.762400000000000744e-02 6.179810191123252805e-02 6.259579349863529651e-02 6.179810191123252111e-02 1.814760000000000262e-01 1.170258749736922121e-01 6.259579349863528264e-02 1.170258749736922121e-01 1.500839999999999952e-01
8.762400000000000744e-02 6.609282090209225857e-02 6.618924572600143330e-02 6.609282090209224469e-02 1.814760000000000262e-01 1.302067227246492542e-01 6.618924572600143330e-02 1.302067227246492542e-01 1.500839999999999952e-01
8.762400000000000744e-02 7.128209908105763437e-02 7.101846346857286496e-02 7.128209908105762049e-02 1.814760000000000262e-01 1.355168929571910486e-01 7.101846346857285108e-02 1.355168929571910486e-01 1.500839999999999952e-01
8.762400000000000744e-02 7.206472532862387426e-02 7.294058533228423014e-02 7.206472532862386038e-02 1.814760000000000262e-01 1.464248994290678618e-01 7.294058533228421626e-02 1.464248994290678618e-01 1.500839999999999952e-01
8.762400000000000744e-02 7.593200000000001337e-02 7.549600000000000755e-02 7.593199999999999950e-02 1.814760000000000262e-01 1.475279999999999925e-01 7.549599999999999367e-02 1.475279999999999925e-01 1.500839999999999952e-01
c: 
1.518000000000000016e+00
2.371999999999999886e+00
2.528999999999999915e+00
